Date,Open,High,Low,Close,Adj Close,Volume,Symbol,Name,Industry,RS,150MA,MA150_Slope
2021-03-04,8.61,8.995,7.86,8.45,8.45,84300,QUBT,Quantum Computing Inc,소프트웨어 및 IT서비스,,,
2021-03-05,8.225,8.45,6.35,7.55,7.55,172100,QUBT,Quantum Computing Inc,소프트웨어 및 IT서비스,,,
2021-03-08,7.75,9.0,7.6,8.3,8.3,97200,QUBT,Quantum Computing Inc,소프트웨어 및 IT서비스,,,
2021-03-09,8.5,9.05,8.5,9.05,9.05,55300,QUBT,Quantum Computing Inc,소프트웨어 및 IT서비스,,,
2021-03-10,9.5,9.98,8.18,8.18,8.18,99700,QUBT,Quantum Computing Inc,소프트웨어 및 IT서비스,,,
2021-03-11,8.1,8.88,8.05,8.45,8.45,73600,QUBT,Quantum Computing Inc,소프트웨어 및 IT서비스,,,
2021-03-12,8.52,8.75,8.25,8.49,8.49,64000,QUBT,Quantum Computing Inc,소프트웨어 및 IT서비스,,,
2021-03-15,8.59,8.73,8.22,8.3,8.3,42100,QUBT,Quantum Computing Inc,소프트웨어 및 IT서비스,,,
2021-03-16,8.325,8.35,7.95,7.95,7.95,82400,QUBT,Quantum Computing Inc,소프트웨어 및 IT서비스,,,
2021-03-17,8.09,8.2,7.28,7.67,7.67,97700,QUBT,Quantum Computing Inc,소프트웨어 및 IT서비스,,,
2021-03-18,7.8,7.875,7.0,7.336,7.336,99600,QUBT,Quantum Computing Inc,소프트웨어 및 IT서비스,,,
2021-03-19,7.4,7.49,6.8,7.0,7.0,95400,QUBT,Quantum Computing Inc,소프트웨어 및 IT서비스,,,
2021-03-22,6.9,7.0,6.3,6.6,6.6,185300,QUBT,Quantum Computing Inc,소프트웨어 및 IT서비스,,,
2021-03-23,6.6,8.4,6.6,7.886,7.886,199800,QUBT,Quantum Computing Inc,소프트웨어 및 IT서비스,,,
2021-03-24,7.9,8.0,7.0,7.32,7.32,59900,QUBT,Quantum Computing Inc,소프트웨어 및 IT서비스,,,
2021-03-25,7.45,7.575,7.11,7.23,7.23,44300,QUBT,Quantum Computing Inc,소프트웨어 및 IT서비스,,,
2021-03-26,7.22,7.45,6.65,6.85,6.85,102100,QUBT,Quantum Computing Inc,소프트웨어 및 IT서비스,,,
2021-03-29,7.0,7.35,6.66,7.14,7.14,53500,QUBT,Quantum Computing Inc,소프트웨어 및 IT서비스,,,
2021-03-30,7.05,7.4,6.71,6.9,6.9,63400,QUBT,Quantum Computing Inc,소프트웨어 및 IT서비스,,,
2021-03-31,7.0,7.19,6.93,7.0,7.0,50900,QUBT,Quantum Computing Inc,소프트웨어 및 IT서비스,-10.21979530879953,,
2021-04-01,7.01,7.36,7.01,7.32,7.32,81800,QUBT,Quantum Computing Inc,소프트웨어 및 IT서비스,-6.205941520709213,,
2021-04-05,7.43,8.5,7.35,8.3,8.3,75800,QUBT,Quantum Computing Inc,소프트웨어 및 IT서비스,4.648312098889451,,
2021-04-06,8.37,8.5,8.0,8.2,8.2,45900,QUBT,Quantum Computing Inc,소프트웨어 및 IT서비스,3.913556628261805,,
2021-04-07,8.3,8.5,8.2,8.2,8.2,55000,QUBT,Quantum Computing Inc,소프트웨어 및 IT서비스,4.63939214001734,,
2021-04-08,8.4,8.5,8.25,8.33,8.33,29800,QUBT,Quantum Computing Inc,소프트웨어 및 IT서비스,6.030865315107015,,
2021-04-09,8.59,8.59,8.06,8.15,8.15,38100,QUBT,Quantum Computing Inc,소프트웨어 및 IT서비스,3.4062852721571613,,
2021-04-12,8.12,8.29,7.2,7.7,7.7,90900,QUBT,Quantum Computing Inc,소프트웨어 및 IT서비스,-1.5422014443558063,,
2021-04-13,8.5,8.97,8.01,8.2,8.2,116500,QUBT,Quantum Computing Inc,소프트웨어 및 IT서비스,4.814810946478865,,
2021-04-14,8.21,8.45,7.21,7.355,7.355,59600,QUBT,Quantum Computing Inc,소프트웨어 및 IT서비스,-5.039761213736771,,
2021-04-15,7.65,7.65,6.78,6.82,6.82,95500,QUBT,Quantum Computing Inc,소프트웨어 및 IT서비스,-12.224620553092292,,
2021-04-16,6.86,7.54,6.82,6.91,6.91,60200,QUBT,Quantum Computing Inc,소프트웨어 및 IT서비스,-10.853409426229177,,
2021-04-19,6.93,7.41,6.83,7.0,7.0,108000,QUBT,Quantum Computing Inc,소프트웨어 및 IT서비스,-8.946290244968136,,
2021-04-20,7.12,7.28,6.54,6.59,6.59,76800,QUBT,Quantum Computing Inc,소프트웨어 및 IT서비스,-13.502303204335542,,
2021-04-21,6.68,6.77,6.33,6.49,6.49,61600,QUBT,Quantum Computing Inc,소프트웨어 및 IT서비스,-14.529820725286358,,
2021-04-22,6.55,6.76,6.3,6.405,6.405,62700,QUBT,Quantum Computing Inc,소프트웨어 및 IT서비스,-14.078362701162161,,
2021-04-23,6.39,7.07,6.3,6.5,6.5,51800,QUBT,Quantum Computing Inc,소프트웨어 및 IT서비스,-13.036595861398014,,
2021-04-26,6.52,7.07,6.52,6.85,6.85,30100,QUBT,Quantum Computing Inc,소프트웨어 및 IT서비스,-8.292106981697778,,
2021-04-27,6.9,7.07,6.75,6.99,6.99,63100,QUBT,Quantum Computing Inc,소프트웨어 및 IT서비스,-6.059469984200783,,
2021-04-28,6.95,7.01,6.8,6.8,6.8,25100,QUBT,Quantum Computing Inc,소프트웨어 및 IT서비스,-8.232229943522007,,
2021-04-29,6.9,7.03,6.52,6.7,6.7,30300,QUBT,Quantum Computing Inc,소프트웨어 및 IT서비스,-9.753409758145537,,
2021-04-30,6.5,6.6,6.1,6.11,6.11,59800,QUBT,Quantum Computing Inc,소프트웨어 및 IT서비스,-16.249777228782992,,
2021-05-03,6.13,6.475,6.06,6.12,6.12,82000,QUBT,Quantum Computing Inc,소프트웨어 및 IT서비스,-14.939439288647616,,
2021-05-04,6.12,6.12,5.56,5.73,5.73,85100,QUBT,Quantum Computing Inc,소프트웨어 및 IT서비스,-18.308503624481766,,
2021-05-05,5.73,5.74,5.3,5.36,5.36,74300,QUBT,Quantum Computing Inc,소프트웨어 및 IT서비스,-21.960550478126606,,
2021-05-06,5.36,5.36,4.5,4.7,4.7,188000,QUBT,Quantum Computing Inc,소프트웨어 및 IT서비스,-30.187162499856235,,
2021-05-07,4.565,4.86,4.5,4.78,4.78,80500,QUBT,Quantum Computing Inc,소프트웨어 및 IT서비스,-27.61064526741601,,
2021-05-10,4.9,4.99,4.11,4.29,4.29,133800,QUBT,Quantum Computing Inc,소프트웨어 및 IT서비스,-32.52738840937953,,
2021-05-11,4.29,4.35,3.9,3.94,3.94,223900,QUBT,Quantum Computing Inc,소프트웨어 및 IT서비스,-35.29256724087255,,
2021-05-12,4.07,4.07,3.9,4.005,4.005,68300,QUBT,Quantum Computing Inc,소프트웨어 및 IT서비스,-30.90461199168103,,
2021-05-13,4.025,4.05,3.5,3.89,3.89,162000,QUBT,Quantum Computing Inc,소프트웨어 및 IT서비스,-32.05394787712345,,
2021-05-14,4.1,4.12,3.89,4.01,4.01,50200,QUBT,Quantum Computing Inc,소프트웨어 및 IT서비스,-29.233171931608737,,
2021-05-17,4.11,4.92,4.0,4.92,4.92,105600,QUBT,Quantum Computing Inc,소프트웨어 및 IT서비스,-11.321914288254941,,
2021-05-18,5.15,7.75,4.94,6.85,6.85,462300,QUBT,Quantum Computing Inc,소프트웨어 및 IT서비스,24.21867063711163,,
2021-05-19,7.0,7.05,6.0,6.74,6.74,67400,QUBT,Quantum Computing Inc,소프트웨어 및 IT서비스,22.20711689138042,,
2021-05-20,6.65,6.98,5.5,6.3,6.3,94000,QUBT,Quantum Computing Inc,소프트웨어 및 IT서비스,13.180716441195163,,
2021-05-21,6.25,6.25,4.8,5.7,5.7,267800,QUBT,Quantum Computing Inc,소프트웨어 및 IT서비스,3.1889742681076916,,
2021-05-24,5.67,6.42,5.67,6.3,6.3,60100,QUBT,Quantum Computing Inc,소프트웨어 및 IT서비스,13.506903860507258,,
2021-05-25,6.17,6.51,5.9,6.09,6.09,97500,QUBT,Quantum Computing Inc,소프트웨어 및 IT서비스,10.860113477677992,,
2021-05-26,6.28,6.35,6.0,6.09,6.09,58800,QUBT,Quantum Computing Inc,소프트웨어 및 IT서비스,11.39201079028247,,
2021-05-27,6.09,6.09,5.58,5.69,5.69,32000,QUBT,Quantum Computing Inc,소프트웨어 및 IT서비스,4.906221928301835,,
2021-05-28,5.825,6.0,5.65,5.975,5.975,46400,QUBT,Quantum Computing Inc,소프트웨어 및 IT서비스,10.247255663910115,,
2021-06-01,6.0,6.0,5.65,5.65,5.65,26100,QUBT,Quantum Computing Inc,소프트웨어 및 IT서비스,4.769648775337942,,
2021-06-02,5.65,5.8,5.59,5.75,5.75,25400,QUBT,Quantum Computing Inc,소프트웨어 및 IT서비스,6.5091651466002265,,
2021-06-03,5.765,6.15,5.55,5.88,5.88,65400,QUBT,Quantum Computing Inc,소프트웨어 및 IT서비스,8.820731681886308,,
2021-06-04,6.0,6.0,5.55,5.61,5.61,34100,QUBT,Quantum Computing Inc,소프트웨어 및 IT서비스,2.09216159871628,,
2021-06-07,5.75,6.05,5.65,5.7,5.7,38600,QUBT,Quantum Computing Inc,소프트웨어 및 IT서비스,2.943828646680302,,
2021-06-08,6.05,6.48,5.95,6.4,6.4,54100,QUBT,Quantum Computing Inc,소프트웨어 및 IT서비스,13.445392781953025,,
2021-06-09,6.52,7.42,6.4,6.73,6.73,152400,QUBT,Quantum Computing Inc,소프트웨어 및 IT서비스,16.688517241311818,,
2021-06-10,6.61,6.64,6.2,6.2,6.2,38800,QUBT,Quantum Computing Inc,소프트웨어 및 IT서비스,5.166886407764082,,
2021-06-11,6.215,6.45,6.1,6.2,6.2,21800,QUBT,Quantum Computing Inc,소프트웨어 및 IT서비스,3.058568450444854,,
2021-06-14,6.4,7.2,6.35,6.85,6.85,99600,QUBT,Quantum Computing Inc,소프트웨어 및 IT서비스,11.110904566859038,,
2021-06-15,6.81,7.1,6.81,6.93,6.93,120000,QUBT,Quantum Computing Inc,소프트웨어 및 IT서비스,10.91216742931147,,
2021-06-16,7.18,7.19,6.75,6.8,6.8,41300,QUBT,Quantum Computing Inc,소프트웨어 및 IT서비스,9.605748508855916,,
2021-06-17,6.89,6.89,6.3,6.39,6.39,34400,QUBT,Quantum Computing Inc,소프트웨어 및 IT서비스,3.4791545138447955,,
2021-06-18,6.37,6.39,6.0,6.194,6.194,27500,QUBT,Quantum Computing Inc,소프트웨어 및 IT서비스,1.7368530074812094,,
2021-06-21,6.2,6.2,5.745,5.85,5.85,33300,QUBT,Quantum Computing Inc,소프트웨어 및 IT서비스,-5.282766810728323,,
2021-06-22,5.89,5.9,5.55,5.57,5.57,158300,QUBT,Quantum Computing Inc,소프트웨어 및 IT서비스,-9.691127895255203,,
2021-06-23,5.61,5.7,5.4,5.45,5.45,123300,QUBT,Quantum Computing Inc,소프트웨어 및 IT서비스,-11.022375270100703,,
2021-06-24,5.56,5.56,5.3,5.31,5.31,75100,QUBT,Quantum Computing Inc,소프트웨어 및 IT서비스,-13.187262941532973,,
2021-06-25,5.32,5.35,5.055,5.2,5.2,111000,QUBT,Quantum Computing Inc,소프트웨어 및 IT서비스,-14.852927614162525,,
2021-06-28,5.1,5.68,5.06,5.31,5.31,98500,QUBT,Quantum Computing Inc,소프트웨어 및 IT서비스,-12.690624302202735,,
2021-06-29,5.35,5.67,5.25,5.35,5.35,42200,QUBT,Quantum Computing Inc,소프트웨어 및 IT서비스,-11.752188517846395,,
2021-06-30,5.44,5.6,5.08,5.2,5.2,76600,QUBT,Quantum Computing Inc,소프트웨어 및 IT서비스,-13.863343122490946,,
2021-07-01,5.225,5.44,5.17,5.24,5.24,34000,QUBT,Quantum Computing Inc,소프트웨어 및 IT서비스,-13.065548576013741,,
2021-07-02,5.25,5.43,5.15,5.15,5.15,36800,QUBT,Quantum Computing Inc,소프트웨어 및 IT서비스,-14.757915753145856,,
2021-07-06,5.2,5.2,5.0,5.01,5.01,78400,QUBT,Quantum Computing Inc,소프트웨어 및 IT서비스,-16.318838712317373,,
2021-07-07,5.12,5.2,5.0,5.04,5.04,31200,QUBT,Quantum Computing Inc,소프트웨어 및 IT서비스,-14.997165857901319,,
2021-07-08,5.04,5.3,4.99,5.22,5.22,89000,QUBT,Quantum Computing Inc,소프트웨어 및 IT서비스,-9.920448140235628,,
2021-07-09,5.24,5.34,5.04,5.25,5.25,68600,QUBT,Quantum Computing Inc,소프트웨어 및 IT서비스,-9.532649768561596,,
2021-07-12,5.185,5.585,5.185,5.4,5.4,63200,QUBT,Quantum Computing Inc,소프트웨어 및 IT서비스,-6.46457319855589,,
2021-07-13,5.45,5.65,5.42,5.6,5.6,65000,QUBT,Quantum Computing Inc,소프트웨어 및 IT서비스,-1.4297879507210398,,
2021-07-14,5.5,5.7,5.35,5.7,5.7,58100,QUBT,Quantum Computing Inc,소프트웨어 및 IT서비스,1.4970400816186613,,
2021-07-15,6.6,7.5,6.21,6.88,6.88,797800,QUBT,Quantum Computing Inc,소프트웨어 및 IT서비스,23.062998006264436,,
2021-07-16,7.09,7.3,7.05,7.17,7.17,343600,QUBT,Quantum Computing Inc,소프트웨어 및 IT서비스,28.50575393004473,,
2021-07-19,7.3,7.55,7.05,7.34,7.34,316000,QUBT,Quantum Computing Inc,소프트웨어 및 IT서비스,32.45676114758223,,
2021-07-20,7.54,9.75,7.51,9.1,9.1,2873100,QUBT,Quantum Computing Inc,소프트웨어 및 IT서비스,57.408131147685104,,
2021-07-21,9.47,10.35,9.31,9.62,9.62,1158400,QUBT,Quantum Computing Inc,소프트웨어 및 IT서비스,59.69627184786115,,
2021-07-22,9.7,10.43,8.74,8.84,8.84,644900,QUBT,Quantum Computing Inc,소프트웨어 및 IT서비스,42.63787782389903,,
2021-07-23,8.67,8.99,7.71,8.59,8.59,320900,QUBT,Quantum Computing Inc,소프트웨어 및 IT서비스,33.89766826666569,,
2021-07-26,8.338,9.466,8.04,8.85,8.85,165100,QUBT,Quantum Computing Inc,소프트웨어 및 IT서비스,33.99895397915085,,
2021-07-27,9.0,9.0,8.5,8.8,8.8,145800,QUBT,Quantum Computing Inc,소프트웨어 및 IT서비스,30.543531820029024,,
2021-07-28,8.8,9.3,8.5,9.12,9.12,155400,QUBT,Quantum Computing Inc,소프트웨어 및 IT서비스,31.763213935122604,,
2021-07-29,9.5,9.605,9.04,9.18,9.18,278000,QUBT,Quantum Computing Inc,소프트웨어 및 IT서비스,28.530745098765344,,
2021-07-30,9.12,9.5,9.009,9.34,9.34,129000,QUBT,Quantum Computing Inc,소프트웨어 및 IT서비스,27.87372699239288,,
2021-08-02,9.47,9.47,8.264,8.5,8.5,234200,QUBT,Quantum Computing Inc,소프트웨어 및 IT서비스,14.001221848879819,,
2021-08-03,8.6,8.6,7.981,8.09,8.09,331300,QUBT,Quantum Computing Inc,소프트웨어 및 IT서비스,5.522182790696917,,
2021-08-04,8.19,8.19,7.05,7.36,7.36,554900,QUBT,Quantum Computing Inc,소프트웨어 및 IT서비스,-4.965362702595721,,
2021-08-05,7.4,7.95,7.17,7.43,7.43,245500,QUBT,Quantum Computing Inc,소프트웨어 및 IT서비스,-5.889964552888182,,
2021-08-06,7.42,8.0,7.42,8.0,8.0,149200,QUBT,Quantum Computing Inc,소프트웨어 및 IT서비스,-0.5187514533072202,,
2021-08-09,8.25,8.4,8.0,8.14,8.14,180500,QUBT,Quantum Computing Inc,소프트웨어 및 IT서비스,-0.34547913815016207,,
2021-08-10,8.14,8.229,7.71,8.05,8.05,172000,QUBT,Quantum Computing Inc,소프트웨어 및 IT서비스,-2.9477320716466138,,
2021-08-11,8.05,8.05,7.5,7.9,7.9,182300,QUBT,Quantum Computing Inc,소프트웨어 및 IT서비스,-6.071398202056377,,
2021-08-12,7.75,7.8,7.22,7.66,7.66,256200,QUBT,Quantum Computing Inc,소프트웨어 및 IT서비스,-9.633199973239648,,
2021-08-13,7.85,7.9,7.5,7.62,7.62,137700,QUBT,Quantum Computing Inc,소프트웨어 및 IT서비스,-10.363702033713906,,
2021-08-16,7.5,7.65,6.55,6.7,6.7,412700,QUBT,Quantum Computing Inc,소프트웨어 및 IT서비스,-20.918156204457393,,
2021-08-17,6.79,6.986,6.19,6.32,6.32,234000,QUBT,Quantum Computing Inc,소프트웨어 및 IT서비스,-23.489065615032,,
2021-08-18,6.32,7.08,6.29,6.49,6.49,197300,QUBT,Quantum Computing Inc,소프트웨어 및 IT서비스,-18.980159428217647,,
2021-08-19,6.49,6.49,6.13,6.42,6.42,174100,QUBT,Quantum Computing Inc,소프트웨어 및 IT서비스,-18.68860265518689,,
2021-08-20,6.36,6.81,6.36,6.65,6.65,133600,QUBT,Quantum Computing Inc,소프트웨어 및 IT서비스,-15.39381583122128,,
2021-08-23,6.8,7.57,6.7,7.44,7.44,328000,QUBT,Quantum Computing Inc,소프트웨어 및 IT서비스,-5.2315686667708805,,
2021-08-24,7.42,7.5,6.94,7.25,7.25,197000,QUBT,Quantum Computing Inc,소프트웨어 및 IT서비스,-6.770206005780876,,
2021-08-25,7.33,7.4,6.925,7.01,7.01,112000,QUBT,Quantum Computing Inc,소프트웨어 및 IT서비스,-8.704316756505847,,
2021-08-26,7.04,7.16,6.77,6.93,6.93,144800,QUBT,Quantum Computing Inc,소프트웨어 및 IT서비스,-7.794741829306262,,
2021-08-27,7.05,7.29,6.85,7.16,7.16,225800,QUBT,Quantum Computing Inc,소프트웨어 및 IT서비스,-4.03319003803877,,
2021-08-30,7.07,7.743,7.0,7.6,7.6,557100,QUBT,Quantum Computing Inc,소프트웨어 및 IT서비스,2.2285343722489914,,
2021-08-31,7.63,8.099,7.33,7.56,7.56,287300,QUBT,Quantum Computing Inc,소프트웨어 및 IT서비스,2.318520485145692,,
2021-09-01,7.5,7.64,7.25,7.42,7.42,179300,QUBT,Quantum Computing Inc,소프트웨어 및 IT서비스,0.48965221641763534,,
2021-09-02,7.38,7.427,6.75,6.91,6.91,273100,QUBT,Quantum Computing Inc,소프트웨어 및 IT서비스,-6.238826279712272,,
2021-09-03,7.0,7.0,6.75,6.85,6.85,124300,QUBT,Quantum Computing Inc,소프트웨어 및 IT서비스,-6.175968470253879,,
2021-09-07,6.99,7.25,6.8,6.86,6.86,208700,QUBT,Quantum Computing Inc,소프트웨어 및 IT서비스,-4.775910563555497,,
2021-09-08,6.87,7.0,6.51,6.72,6.72,317000,QUBT,Quantum Computing Inc,소프트웨어 및 IT서비스,-5.6318409270332275,,
2021-09-09,6.77,6.9,6.7,6.85,6.85,118200,QUBT,Quantum Computing Inc,소프트웨어 및 IT서비스,-2.577446940150707,,
2021-09-10,6.85,6.85,6.48,6.51,6.51,170400,QUBT,Quantum Computing Inc,소프트웨어 및 IT서비스,-5.919690681141732,,
2021-09-13,6.5,6.58,5.928,6.05,6.05,276200,QUBT,Quantum Computing Inc,소프트웨어 및 IT서비스,-11.766554040140885,,
2021-09-14,6.0,6.0,5.601,5.83,5.83,242500,QUBT,Quantum Computing Inc,소프트웨어 및 IT서비스,-13.969268572967785,,
2021-09-15,5.84,6.3,5.8,6.17,6.17,352100,QUBT,Quantum Computing Inc,소프트웨어 및 IT서비스,-9.587214747718587,,
2021-09-16,6.21,6.44,5.95,6.37,6.37,303700,QUBT,Quantum Computing Inc,소프트웨어 및 IT서비스,-6.354541079574605,,
2021-09-17,6.33,6.5,5.75,5.79,5.79,729700,QUBT,Quantum Computing Inc,소프트웨어 및 IT서비스,-13.669661845388003,,
2021-09-20,5.67,6.2,5.606,6.2,6.2,384000,QUBT,Quantum Computing Inc,소프트웨어 및 IT서비스,-5.728035969141465,,
2021-09-21,6.2,6.23,5.89,6.23,6.23,360200,QUBT,Quantum Computing Inc,소프트웨어 및 IT서비스,-4.466649127638012,,
2021-09-22,6.17,6.4,5.94,6.3,6.3,272100,QUBT,Quantum Computing Inc,소프트웨어 및 IT서비스,-3.7165829121593386,,
2021-09-23,6.25,6.69,6.2,6.6,6.6,221300,QUBT,Quantum Computing Inc,소프트웨어 및 IT서비스,-0.08723783590691703,,
2021-09-24,6.5,6.94,6.31,6.83,6.83,258000,QUBT,Quantum Computing Inc,소프트웨어 및 IT서비스,3.3042327929283966,,
2021-09-27,6.74,7.1,6.579,7.03,7.03,304400,QUBT,Quantum Computing Inc,소프트웨어 및 IT서비스,6.645329851877113,,
2021-09-28,6.99,6.99,6.4,6.73,6.73,173300,QUBT,Quantum Computing Inc,소프트웨어 및 IT서비스,4.682142679963808,,
2021-09-29,6.75,6.834,6.42,6.46,6.46,140000,QUBT,Quantum Computing Inc,소프트웨어 및 IT서비스,0.973539321119743,,
2021-09-30,6.51,6.661,6.085,6.225,6.225,175600,QUBT,Quantum Computing Inc,소프트웨어 및 IT서비스,-0.8683616115949144,,
2021-10-01,6.25,6.345,5.985,6.18,6.18,110100,QUBT,Quantum Computing Inc,소프트웨어 및 IT서비스,-2.3525558920523104,,
2021-10-04,6.16,6.182,5.61,5.72,5.72,190200,QUBT,Quantum Computing Inc,소프트웨어 및 IT서비스,-7.860060359755816,,
2021-10-05,5.86,6.19,5.801,6.09,6.09,157500,QUBT,Quantum Computing Inc,소프트웨어 및 IT서비스,-2.528989108249502,6.741473333333333,
2021-10-06,6.0,6.05,5.892,5.96,5.96,78900,QUBT,Quantum Computing Inc,소프트웨어 및 IT서비스,-4.591908618402629,6.724873333333333,-0.008300000000000196
2021-10-07,6.0,6.0,5.83,5.87,5.87,60200,QUBT,Quantum Computing Inc,소프트웨어 및 IT서비스,-6.182318255517516,6.713673333333333,-0.005599999999999827
2021-10-08,5.9,6.0,5.8,5.94,5.94,85500,QUBT,Quantum Computing Inc,소프트웨어 및 IT서비스,-4.520816776024739,6.69794,-0.007866666666666688
2021-10-11,5.94,5.94,5.59,5.64,5.64,158000,QUBT,Quantum Computing Inc,소프트웨어 및 IT서비스,-8.520524804488971,6.675206666666666,-0.011366666666666969
2021-10-12,5.6,5.64,5.03,5.36,5.36,348300,QUBT,Quantum Computing Inc,소프트웨어 및 IT서비스,-12.603651742401667,6.656406666666666,-0.009399999999999853
2021-10-13,5.42,5.87,5.2,5.87,5.87,260800,QUBT,Quantum Computing Inc,소프트웨어 및 IT서비스,-4.468421563637737,6.6392066666666665,-0.008599999999999941
2021-10-14,5.92,5.99,5.795,5.88,5.88,106100,QUBT,Quantum Computing Inc,소프트웨어 및 IT서비스,-5.579134172712596,6.621806666666666,-0.008700000000000152
2021-10-15,5.91,5.99,5.6,5.74,5.74,112700,QUBT,Quantum Computing Inc,소프트웨어 및 IT서비스,-8.43672078888419,6.6047400000000005,-0.008533333333332838
2021-10-18,5.75,5.753,5.39,5.53,5.53,133600,QUBT,Quantum Computing Inc,소프트웨어 및 IT서비스,-11.482994191701811,6.588606666666666,-0.00806666666666711
2021-10-19,5.52,5.587,5.41,5.43,5.43,128700,QUBT,Quantum Computing Inc,소프트웨어 및 IT서비스,-13.00503484280242,6.573673333333334,-0.007466666666666288
2021-10-20,5.43,5.48,5.184,5.41,5.41,164800,QUBT,Quantum Computing Inc,소프트웨어 및 IT서비스,-12.88298614799407,6.560833333333333,-0.006420000000000314
2021-10-21,5.35,5.4,5.1,5.18,5.18,188700,QUBT,Quantum Computing Inc,소프트웨어 및 IT서비스,-15.77463261533454,6.548699999999999,-0.006066666666666887
2021-10-22,5.13,5.4,5.11,5.28,5.28,153600,QUBT,Quantum Computing Inc,소프트웨어 및 IT서비스,-12.860012714898527,6.5399,-0.004399999999999515
2021-10-25,5.35,5.45,5.18,5.36,5.36,125100,QUBT,Quantum Computing Inc,소프트웨어 및 IT서비스,-10.588078410935054,6.52306,-0.008420000000000094
2021-10-26,5.32,5.39,5.03,5.12,5.12,245200,QUBT,Quantum Computing Inc,소프트웨어 및 IT서비스,-13.337265956010768,6.508393333333333,-0.007333333333333414
2021-10-27,5.16,5.46,5.09,5.31,5.31,157300,QUBT,Quantum Computing Inc,소프트웨어 및 IT서비스,-8.548777518923034,6.495593333333333,-0.006400000000000183
2021-10-28,5.46,6.55,5.3,6.36,6.36,1218800,QUBT,Quantum Computing Inc,소프트웨어 및 IT서비스,8.73053394260712,6.492326666666667,-0.0016333333333329314
2021-10-29,6.44,6.89,6.01,6.25,6.25,736000,QUBT,Quantum Computing Inc,소프트웨어 및 IT서비스,6.899499272982679,6.486393333333334,-0.002966666666666562
2021-11-01,6.21,6.4,5.658,5.91,5.91,412900,QUBT,Quantum Computing Inc,소프트웨어 및 IT서비스,1.0980953864176968,6.479793333333333,-0.0033000000000003027
2021-11-02,5.98,6.15,5.7,5.96,5.96,247500,QUBT,Quantum Computing Inc,소프트웨어 및 IT서비스,2.0398129997214243,6.47286,-0.003466666666666729
2021-11-03,6.0,6.29,5.95,6.07,6.07,320700,QUBT,Quantum Computing Inc,소프트웨어 및 IT서비스,3.5162712785854033,6.464526666666666,-0.004166666666666874
2021-11-04,6.11,6.193,5.75,5.81,5.81,196800,QUBT,Quantum Computing Inc,소프트웨어 및 IT서비스,-0.9653956135729613,6.447926666666667,-0.008299999999999752
2021-11-05,6.05,6.106,5.832,5.91,5.91,187800,QUBT,Quantum Computing Inc,소프트웨어 및 IT서비스,0.7444753178240893,6.43266,-0.007633333333333159
2021-11-08,6.0,6.33,5.9,6.16,6.16,451300,QUBT,Quantum Computing Inc,소프트웨어 및 IT서비스,4.841839879691623,6.419059999999999,-0.006800000000000583
2021-11-09,6.82,8.9,6.59,7.52,7.52,30336200,QUBT,Quantum Computing Inc,소프트웨어 및 IT서비스,26.54929487397939,6.413660000000001,-0.0026999999999990365
2021-11-10,6.98,7.143,6.6,7.13,7.13,2053800,QUBT,Quantum Computing Inc,소프트웨어 및 IT서비스,20.085429077897054,6.40686,-0.0034000000000005137
2021-11-11,7.08,7.11,6.46,6.57,6.57,786000,QUBT,Quantum Computing Inc,소프트웨어 및 IT서비스,10.212096063425857,6.399326666666667,-0.003766666666666474
2021-11-12,6.642,6.66,6.3,6.56,6.56,709500,QUBT,Quantum Computing Inc,소프트웨어 및 IT서비스,8.758454327962717,6.388393333333333,-0.005466666666666953
2021-11-15,6.62,6.75,6.34,6.37,6.37,453800,QUBT,Quantum Computing Inc,소프트웨어 및 IT서비스,5.088635640166306,6.381826666666667,-0.0032833333333330827
2021-11-16,6.4,7.44,6.131,7.42,7.42,3063900,QUBT,Quantum Computing Inc,소프트웨어 및 IT서비스,20.189387875198218,6.3858266666666665,0.0019999999999997797
2021-11-17,7.64,7.697,6.7,7.26,7.26,3165500,QUBT,Quantum Computing Inc,소프트웨어 및 IT서비스,16.32870472317707,6.388159999999999,0.0011666666666663161
2021-11-18,7.35,7.66,6.52,6.67,6.67,2100800,QUBT,Quantum Computing Inc,소프트웨어 및 IT서비스,5.408710074650669,6.385959999999999,-0.001100000000000101
2021-11-19,6.64,6.76,6.42,6.59,6.59,546700,QUBT,Quantum Computing Inc,소프트웨어 및 IT서비스,3.3642942903602036,6.38596,4.440892098500626e-16
2021-11-22,6.57,6.65,5.66,5.87,5.87,1338100,QUBT,Quantum Computing Inc,소프트웨어 및 IT서비스,-7.904101078328085,6.381826666666667,-0.002066666666666439
2021-11-23,5.9,5.92,5.3,5.45,5.45,763200,QUBT,Quantum Computing Inc,소프트웨어 및 IT서비스,-14.768731736269869,6.37546,-0.003183333333333316
2021-11-24,5.47,5.97,5.36,5.92,5.92,541500,QUBT,Quantum Computing Inc,소프트웨어 및 IT서비스,-7.942994771772538,6.371593333333333,-0.0019333333333335645
2021-11-26,5.77,5.86,5.5,5.79,5.79,218700,QUBT,Quantum Computing Inc,소프트웨어 및 IT서비스,-7.453046258340534,6.364526666666666,-0.0035333333333333883
2021-11-29,5.85,5.87,5.53,5.61,5.61,258200,QUBT,Quantum Computing Inc,소프트웨어 및 IT서비스,-11.001578681963963,6.355326666666667,-0.0045999999999999375
2021-11-30,5.5,5.66,5.19,5.3,5.3,468100,QUBT,Quantum Computing Inc,소프트웨어 및 IT서비스,-13.911418671380849,6.345326666666668,-0.004999999999999449
2021-12-01,5.354,5.55,4.73,4.85,4.85,637000,QUBT,Quantum Computing Inc,소프트웨어 및 IT서비스,-19.645825293684105,6.3329933333333335,-0.006166666666667098
2021-12-02,4.85,5.25,4.85,5.14,5.14,399100,QUBT,Quantum Computing Inc,소프트웨어 및 IT서비스,-15.465929081332952,6.326526666666667,-0.0032333333333331993
2021-12-03,5.19,5.19,4.41,4.45,4.45,588000,QUBT,Quantum Computing Inc,소프트웨어 및 IT서비스,-25.458254992341832,6.315393333333333,-0.005566666666667164
2021-12-06,4.54,5.06,4.52,4.86,4.86,427600,QUBT,Quantum Computing Inc,소프트웨어 및 IT서비스,-18.91891207757528,6.309593333333333,-0.0028999999999999027
2021-12-07,5.1,5.24,4.87,4.94,4.94,354100,QUBT,Quantum Computing Inc,소프트웨어 및 IT서비스,-18.456242422288216,6.306793333333333,-0.0013999999999998458
2021-12-08,5.03,5.43,4.94,5.34,5.34,257300,QUBT,Quantum Computing Inc,소프트웨어 및 IT서비스,-10.50040169040053,6.31106,0.0021333333333335425
2021-12-09,5.36,5.42,4.045,4.3,4.3,1097400,QUBT,Quantum Computing Inc,소프트웨어 및 IT서비스,-25.61287270381012,6.30786,-0.0016000000000002679
2021-12-10,4.41,4.563,3.97,4.03,4.03,831800,QUBT,Quantum Computing Inc,소프트웨어 및 IT서비스,-29.3519809476939,6.306126666666667,-0.0008666666666665712
2021-12-13,3.97,4.0,3.62,3.65,3.65,763300,QUBT,Quantum Computing Inc,소프트웨어 및 IT서비스,-33.72904509933371,6.304193333333333,-0.0009666666666667822
2021-12-14,3.61,3.82,3.46,3.61,3.61,532100,QUBT,Quantum Computing Inc,소프트웨어 및 IT서비스,-32.29377950782338,6.30156,-0.0013166666666664106
2021-12-15,3.65,3.77,3.24,3.7,3.7,818800,QUBT,Quantum Computing Inc,소프트웨어 및 IT서비스,-29.28567104566826,6.300293333333333,-0.0006333333333334856
2021-12-16,3.8,3.99,3.65,3.67,3.67,355300,QUBT,Quantum Computing Inc,소프트웨어 및 IT서비스,-26.726325262282568,6.298026666666666,-0.0011333333333336526
2021-12-17,3.6,3.75,3.35,3.66,3.66,487000,QUBT,Quantum Computing Inc,소프트웨어 및 IT서비스,-23.948693427264367,6.289626666666666,-0.0041999999999999815
2021-12-20,3.6,3.6,3.41,3.44,3.44,266300,QUBT,Quantum Computing Inc,소프트웨어 및 IT서비스,-25.36906532857588,6.266893333333333,-0.011366666666666525
2021-12-21,3.55,3.79,3.48,3.7,3.7,512500,QUBT,Quantum Computing Inc,소프트웨어 및 IT서비스,-19.3004196759929,6.246626666666666,-0.01013333333333355
2021-12-22,3.65,4.28,3.63,4.19,4.19,538600,QUBT,Quantum Computing Inc,소프트웨어 및 IT서비스,-8.279794257851957,6.23256,-0.007033333333332781
2021-12-23,4.13,4.17,3.81,3.83,3.83,366800,QUBT,Quantum Computing Inc,소프트웨어 및 IT서비스,-14.711498490708319,6.220093333333334,-0.006233333333333313
2021-12-27,3.88,3.95,3.76,3.79,3.79,376200,QUBT,Quantum Computing Inc,소프트웨어 및 IT서비스,-14.647341167159345,6.20336,-0.008366666666666855
2021-12-28,3.71,3.79,3.49,3.49,3.49,387700,QUBT,Quantum Computing Inc,소프트웨어 및 IT서비스,-19.25066468784513,6.186026666666667,-0.0086666666666666
2021-12-29,3.53,3.565,3.27,3.34,3.34,371600,QUBT,Quantum Computing Inc,소프트웨어 및 IT서비스,-20.79600280766396,6.167693333333333,-0.009166666666666767
2021-12-30,3.3,3.75,3.3,3.6,3.6,421100,QUBT,Quantum Computing Inc,소프트웨어 및 IT서비스,-12.781714822653612,6.15376,-0.0069666666666665655
2021-12-31,3.66,3.76,3.37,3.41,3.41,402100,QUBT,Quantum Computing Inc,소프트웨어 및 IT서비스,-15.166076846297926,6.13666,-0.008550000000000058
2022-01-03,3.48,3.695,3.3,3.69,3.69,242400,QUBT,Quantum Computing Inc,소프트웨어 및 IT서비스,-7.624939479340331,6.123593333333333,-0.006533333333333502
2022-01-04,3.71,3.75,3.33,3.45,3.45,399600,QUBT,Quantum Computing Inc,소프트웨어 및 IT서비스,-11.78470051630951,6.1082600000000005,-0.007666666666666266
2022-01-05,3.44,3.49,3.15,3.22,3.22,337900,QUBT,Quantum Computing Inc,소프트웨어 및 IT서비스,-14.094721561676893,6.090526666666667,-0.008866666666666578
2022-01-06,3.22,3.359,2.942,3.12,3.12,417200,QUBT,Quantum Computing Inc,소프트웨어 및 IT서비스,-14.144076708451546,6.073926666666666,-0.00830000000000064
2022-01-07,3.08,3.2,2.91,3.0,3.0,321400,QUBT,Quantum Computing Inc,소프트웨어 및 IT서비스,-15.584157954011225,6.055926666666666,-0.008999999999999897
2022-01-10,2.95,3.06,2.82,2.92,2.92,267700,QUBT,Quantum Computing Inc,소프트웨어 및 IT서비스,-16.452041362436976,6.032726666666667,-0.01159999999999961
2022-01-11,3.02,3.33,2.97,3.22,3.22,338500,QUBT,Quantum Computing Inc,소프트웨어 및 IT서비스,-8.099488686955493,6.0093266666666665,-0.011700000000000266
2022-01-12,3.25,3.3,2.95,3.03,3.03,283200,QUBT,Quantum Computing Inc,소프트웨어 및 IT서비스,-12.957753196663269,5.988193333333333,-0.010566666666666613
2022-01-13,3.01,3.11,2.91,2.95,2.95,191000,QUBT,Quantum Computing Inc,소프트웨어 및 IT서비스,-13.132622582366583,5.966526666666666,-0.010833333333333695
2022-01-14,2.87,2.969,2.78,2.95,2.95,182300,QUBT,Quantum Computing Inc,소프트웨어 및 IT서비스,-12.280566302226559,5.940526666666666,-0.0129999999999999
2022-01-18,2.87,2.94,2.69,2.71,2.71,205600,QUBT,Quantum Computing Inc,소프트웨어 및 IT서비스,-16.7531965716296,5.912393333333333,-0.01406666666666645
2022-01-19,2.85,2.9,2.73,2.76,2.76,318700,QUBT,Quantum Computing Inc,소프트웨어 및 IT서비스,-13.511203544279294,5.88546,-0.013466666666666516
2022-01-20,2.79,2.94,2.7,2.72,2.72,319200,QUBT,Quantum Computing Inc,소프트웨어 및 IT서비스,-12.640416666557597,5.860993333333333,-0.01223333333333354
2022-01-21,2.75,2.75,2.42,2.44,2.44,350800,QUBT,Quantum Computing Inc,소프트웨어 및 IT서비스,-18.134430292606773,5.835966666666667,-0.012513333333333154
2022-01-24,2.28,2.4,2.05,2.4,2.4,576800,QUBT,Quantum Computing Inc,소프트웨어 및 IT서비스,-18.090090345009614,5.812966666666666,-0.011500000000000288
2022-01-25,2.35,2.52,2.33,2.42,2.42,173400,QUBT,Quantum Computing Inc,소프트웨어 및 IT서비스,-14.88101010344679,5.791966666666667,-0.01049999999999951
2022-01-26,2.5,2.61,2.33,2.39,2.39,266600,QUBT,Quantum Computing Inc,소프트웨어 및 IT서비스,-14.634769600019792,5.771566666666667,-0.010200000000000209
2022-01-27,2.34,2.42,2.15,2.21,2.21,148200,QUBT,Quantum Computing Inc,소프트웨어 및 IT서비스,-19.472857560853598,5.7509,-0.010333333333333528
2022-01-28,2.21,2.44,2.11,2.41,2.41,133900,QUBT,Quantum Computing Inc,소프트웨어 및 IT서비스,-12.8328253629289,5.7323,-0.009299999999999642
2022-01-31,2.43,2.838,2.43,2.69,2.69,235900,QUBT,Quantum Computing Inc,소프트웨어 및 IT서비스,-3.583674249547264,5.714833333333334,-0.00873333333333326
2022-02-01,2.73,2.89,2.65,2.81,2.81,145000,QUBT,Quantum Computing Inc,소프트웨어 및 IT서비스,1.270434284949462,5.697900000000001,-0.008466666666666622
2022-02-02,2.84,2.87,2.6,2.65,2.65,151500,QUBT,Quantum Computing Inc,소프트웨어 및 IT서비스,-4.271328339278957,5.6809,-0.008500000000000174
2022-02-03,2.64,2.64,2.4,2.48,2.48,129200,QUBT,Quantum Computing Inc,소프트웨어 및 IT서비스,-7.163498612218488,5.6625,-0.009200000000000319
2022-02-04,2.5,2.644,2.42,2.52,2.52,88800,QUBT,Quantum Computing Inc,소프트웨어 및 IT서비스,-5.321322886406743,5.644966666666667,-0.008766666666666367
2022-02-07,2.58,2.842,2.55,2.64,2.64,131300,QUBT,Quantum Computing Inc,소프트웨어 및 IT서비스,0.00089057835392925,5.629166666666666,-0.00790000000000024
2022-02-08,2.63,2.65,2.42,2.56,2.56,81700,QUBT,Quantum Computing Inc,소프트웨어 및 IT서비스,-3.3526664749804924,5.612633333333334,-0.0082666666666662
2022-02-09,2.64,2.84,2.53,2.84,2.84,200900,QUBT,Quantum Computing Inc,소프트웨어 및 IT서비스,6.265181393977914,5.5967666666666664,-0.007933333333333792
2022-02-10,2.85,3.075,2.75,2.82,2.82,205700,QUBT,Quantum Computing Inc,소프트웨어 및 IT서비스,7.6020186266016365,5.580566666666667,-0.008099999999999774
2022-02-11,2.82,2.953,2.52,2.665,2.665,153100,QUBT,Quantum Computing Inc,소프트웨어 및 IT서비스,3.9223528763077997,5.562333333333333,-0.009116666666666884
2022-02-14,2.72,2.88,2.69,2.81,2.81,87200,QUBT,Quantum Computing Inc,소프트웨어 및 IT서비스,9.944816008386258,5.543733333333334,-0.009299999999999642
2022-02-15,2.81,2.87,2.73,2.73,2.73,106200,QUBT,Quantum Computing Inc,소프트웨어 및 IT서비스,4.989345330489048,5.523933333333333,-0.009900000000000464
2022-02-16,2.78,2.95,2.7,2.89,2.89,94900,QUBT,Quantum Computing Inc,소프트웨어 및 IT서비스,10.693470727519006,5.497333333333334,-0.013299999999999645
2022-02-17,2.86,2.86,2.62,2.71,2.71,99300,QUBT,Quantum Computing Inc,소프트웨어 및 IT서비스,5.936214957472896,5.4676,-0.014866666666666806
2022-02-18,2.66,2.77,2.55,2.68,2.68,104500,QUBT,Quantum Computing Inc,소프트웨어 및 IT서비스,4.967456898593148,5.436533333333333,-0.015533333333333399
2022-02-22,2.65,2.65,2.46,2.59,2.59,110300,QUBT,Quantum Computing Inc,소프트웨어 및 IT서비스,1.982849333365455,5.393133333333333,-0.021700000000000053
2022-02-23,2.59,2.59,2.35,2.37,2.37,111000,QUBT,Quantum Computing Inc,소프트웨어 및 IT서비스,-4.972680478964198,5.344799999999999,-0.02416666666666689
2022-02-24,2.36,2.75,2.3,2.74,2.74,282800,QUBT,Quantum Computing Inc,소프트웨어 및 IT서비스,7.429729883972835,5.304133333333334,-0.02033333333333287
2022-02-25,2.74,2.8,2.65,2.72,2.72,112100,QUBT,Quantum Computing Inc,소프트웨어 및 IT서비스,3.3599149459120348,5.265,-0.019566666666666954
2022-02-28,2.64,2.882,2.63,2.74,2.74,88000,QUBT,Quantum Computing Inc,소프트웨어 및 IT서비스,3.6611391163601015,5.224266666666667,-0.020366666666666422
2022-03-01,2.79,2.79,2.6,2.63,2.63,94400,QUBT,Quantum Computing Inc,소프트웨어 및 IT서비스,0.9379295880032279,5.183133333333333,-0.020566666666666844
2022-03-02,2.63,2.7,2.52,2.59,2.59,82100,QUBT,Quantum Computing Inc,소프트웨어 및 IT서비스,-2.1933155837391527,5.139600000000001,-0.021766666666666268
2022-03-03,2.59,2.69,2.46,2.55,2.55,60800,QUBT,Quantum Computing Inc,소프트웨어 및 IT서비스,-3.251054716113211,5.0954,-0.022100000000000453
2022-03-04,2.57,2.57,2.32,2.37,2.37,78600,QUBT,Quantum Computing Inc,소프트웨어 및 IT서비스,-9.313209701604874,5.048933333333333,-0.023233333333333217
2022-03-07,2.35,2.38,2.2,2.22,2.22,116100,QUBT,Quantum Computing Inc,소프트웨어 및 IT서비스,-12.24017845735359,5.007066666666667,-0.02093333333333325
2022-03-08,2.25,2.38,2.12,2.17,2.17,333900,QUBT,Quantum Computing Inc,소프트웨어 및 IT서비스,-13.097525671531752,4.9676,-0.01973333333333338
2022-03-09,2.35,2.37,2.211,2.27,2.27,115400,QUBT,Quantum Computing Inc,소프트웨어 및 IT서비스,-11.106573885510562,4.933666666666666,-0.016966666666666796
2022-03-10,2.22,2.34,2.2,2.31,2.31,60400,QUBT,Quantum Computing Inc,소프트웨어 및 IT서비스,-8.562036672142659,4.899533333333334,-0.01706666666666612
2022-03-11,2.32,2.36,2.12,2.18,2.18,91100,QUBT,Quantum Computing Inc,소프트웨어 및 IT서비스,-11.774555069295566,4.860733333333333,-0.019400000000000528
2022-03-14,2.2,2.22,1.933,1.97,1.97,175100,QUBT,Quantum Computing Inc,소프트웨어 및 IT서비스,-18.771592488040568,4.8196,-0.0205666666666664
2022-03-15,2.04,2.12,1.96,2.02,2.02,78900,QUBT,Quantum Computing Inc,소프트웨어 및 IT서비스,-17.285155160967147,4.7794,-0.02010000000000023
2022-03-16,2.02,2.35,2.0,2.29,2.29,203400,QUBT,Quantum Computing Inc,소프트웨어 및 IT서비스,-7.595911327520444,4.742000000000001,-0.018699999999999495
2022-03-17,2.44,2.6,2.3,2.55,2.55,187300,QUBT,Quantum Computing Inc,소프트웨어 및 IT서비스,2.2498368839423577,4.707933333333334,-0.017033333333333456
2022-03-18,2.56,2.743,2.51,2.59,2.59,119400,QUBT,Quantum Computing Inc,소프트웨어 및 IT서비스,3.0061577578204712,4.6744,-0.01676666666666682
2022-03-21,2.65,2.68,2.5,2.58,2.58,88300,QUBT,Quantum Computing Inc,소프트웨어 및 IT서비스,2.999797044404029,4.646933333333333,-0.013733333333333597
2022-03-22,2.58,2.7,2.58,2.68,2.68,72100,QUBT,Quantum Computing Inc,소프트웨어 및 IT서비스,5.868100896368134,4.6226666666666665,-0.01213333333333333
2022-03-23,2.7,2.7,2.545,2.63,2.63,70200,QUBT,Quantum Computing Inc,소프트웨어 및 IT서비스,4.909893857194447,4.596933333333334,-0.012866666666666138
2022-03-24,2.7,3.09,2.56,2.98,2.98,229300,QUBT,Quantum Computing Inc,소프트웨어 및 IT서비스,16.978424616553834,4.574,-0.01146666666666718
2022-03-25,2.95,2.95,2.6,2.61,2.61,171500,QUBT,Quantum Computing Inc,소프트웨어 및 IT서비스,2.3541124514599776,4.547066666666666,-0.01346666666666696
2022-03-28,2.6,2.75,2.49,2.56,2.56,114800,QUBT,Quantum Computing Inc,소프트웨어 및 IT서비스,0.2790428537807754,4.514533333333333,-0.01626666666666665
2022-03-29,2.62,2.83,2.57,2.69,2.69,168900,QUBT,Quantum Computing Inc,소프트웨어 및 IT서비스,4.375590320584544,4.484133333333332,-0.015200000000000102
2022-03-30,2.6,2.79,2.57,2.62,2.62,128300,QUBT,Quantum Computing Inc,소프트웨어 및 IT서비스,2.4984391149552865,4.454866666666666,-0.014633333333333276
2022-03-31,2.6,2.71,2.56,2.6,2.6,51000,QUBT,Quantum Computing Inc,소프트웨어 및 IT서비스,3.4311657817759578,4.426,-0.014433333333332854
2022-04-01,2.6,2.75,2.58,2.71,2.71,65700,QUBT,Quantum Computing Inc,소프트웨어 및 IT서비스,6.971646457932246,4.396333333333334,-0.014833333333333254
2022-04-04,2.71,2.75,2.49,2.52,2.52,159300,QUBT,Quantum Computing Inc,소프트웨어 및 IT서비스,-1.516251654527856,4.362466666666666,-0.01693333333333369
2022-04-05,2.5,2.55,2.46,2.46,2.46,76600,QUBT,Quantum Computing Inc,소프트웨어 및 IT서비스,-2.8420796386521396,4.3284666666666665,-0.016999999999999904
2022-04-06,2.5,2.5,2.22,2.43,2.43,111100,QUBT,Quantum Computing Inc,소프트웨어 및 IT서비스,-3.185876121400477,4.2951999999999995,-0.0166333333333335
2022-04-07,2.31,2.421,2.17,2.26,2.26,82700,QUBT,Quantum Computing Inc,소프트웨어 및 IT서비스,-10.018010176160564,4.2642,-0.015499999999999847
2022-04-08,2.26,2.33,2.21,2.28,2.28,49100,QUBT,Quantum Computing Inc,소프트웨어 및 IT서비스,-8.89450292262357,4.233733333333333,-0.01523333333333321
2022-04-11,2.36,2.36,2.15,2.27,2.27,59500,QUBT,Quantum Computing Inc,소프트웨어 및 IT서비스,-8.086191693906674,4.203133333333334,-0.01529999999999987
2022-04-12,2.31,2.31,2.1,2.18,2.18,113400,QUBT,Quantum Computing Inc,소프트웨어 및 IT서비스,-11.60009989673143,4.172866666666667,-0.015133333333333443
2022-04-13,2.22,2.22,2.14,2.21,2.21,45800,QUBT,Quantum Computing Inc,소프트웨어 및 IT서비스,-11.148351397231238,4.141933333333334,-0.015466666666666296
2022-04-14,2.19,2.25,2.08,2.16,2.16,67500,QUBT,Quantum Computing Inc,소프트웨어 및 IT서비스,-11.407784474896122,4.112933333333333,-0.014500000000000401
2022-04-18,2.11,2.21,2.0,2.04,2.04,74500,QUBT,Quantum Computing Inc,소프트웨어 및 IT서비스,-15.430268165246542,4.0862,-0.013366666666666749
2022-04-19,2.05,2.12,2.05,2.07,2.07,42900,QUBT,Quantum Computing Inc,소프트웨어 및 IT서비스,-14.653784538292358,4.061133333333333,-0.012533333333333285
2022-04-20,2.27,2.42,2.01,2.04,2.04,66100,QUBT,Quantum Computing Inc,소프트웨어 및 IT서비스,-14.767893318210568,4.0336,-0.013766666666666705
2022-04-21,2.03,2.084,1.87,1.87,1.87,238900,QUBT,Quantum Computing Inc,소프트웨어 및 IT서비스,-19.465987270328245,4.0036,-0.015000000000000124
2022-04-22,1.9,2.04,1.7,1.78,1.78,140000,QUBT,Quantum Computing Inc,소프트웨어 및 IT서비스,-19.302751652864313,3.9768666666666665,-0.013366666666666527
2022-04-25,1.84,1.945,1.71,1.76,1.76,95400,QUBT,Quantum Computing Inc,소프트웨어 및 IT서비스,-19.37468051076907,3.9472666666666667,-0.014799999999999924
2022-04-26,1.76,1.77,1.59,1.63,1.63,149200,QUBT,Quantum Computing Inc,소프트웨어 및 IT서비스,-21.86730048494603,3.9166,-0.015333333333333421
2022-04-27,1.65,1.66,1.47,1.52,1.52,147600,QUBT,Quantum Computing Inc,소프트웨어 및 IT서비스,-25.67493902872512,3.8847333333333336,-0.015933333333333133
2022-04-28,1.58,1.6,1.5,1.56,1.56,103800,QUBT,Quantum Computing Inc,소프트웨어 및 IT서비스,-23.963426198641812,3.851133333333333,-0.01680000000000037
2022-04-29,1.56,1.57,1.51,1.53,1.53,54200,QUBT,Quantum Computing Inc,소프트웨어 및 IT서비스,-20.93577847367707,3.8157999999999994,-0.01766666666666672
2022-05-02,1.54,1.56,1.45,1.52,1.52,134400,QUBT,Quantum Computing Inc,소프트웨어 및 IT서비스,-19.92655431586482,3.7790666666666666,-0.01836666666666642
2022-05-03,1.55,1.58,1.5,1.53,1.53,49000,QUBT,Quantum Computing Inc,소프트웨어 및 IT서비스,-18.143922361789134,3.7443999999999997,-0.017333333333333423
2022-05-04,1.59,1.6,1.42,1.54,1.54,199600,QUBT,Quantum Computing Inc,소프트웨어 및 IT서비스,-18.305232580448184,3.7116000000000002,-0.016399999999999748
2022-05-05,1.64,1.73,1.47,1.68,1.68,228900,QUBT,Quantum Computing Inc,소프트웨어 및 IT서비스,-6.115204643466843,3.6813000000000002,-0.015149999999999997
2022-05-06,1.69,2.1,1.69,1.78,1.78,391000,QUBT,Quantum Computing Inc,소프트웨어 및 IT서비스,0.8649049340722748,3.6519666666666666,-0.014666666666666828
2022-05-09,1.76,1.8,1.64,1.67,1.67,157200,QUBT,Quantum Computing Inc,소프트웨어 및 IT서비스,-1.202385480520718,3.624966666666667,-0.013499999999999845
2022-05-10,1.75,1.75,1.5,1.53,1.53,146700,QUBT,Quantum Computing Inc,소프트웨어 및 IT서비스,-8.276846933229166,3.5945666666666662,-0.015200000000000324
2022-05-11,1.55,1.66,1.5,1.52,1.52,81900,QUBT,Quantum Computing Inc,소프트웨어 및 IT서비스,-6.118347050900863,3.564966666666667,-0.014799999999999702
2022-05-12,1.5,1.62,1.48,1.54,1.54,86700,QUBT,Quantum Computing Inc,소프트웨어 및 IT서비스,-3.5267231472094984,3.5361,-0.01443333333333352
2022-05-13,1.65,1.65,1.54,1.62,1.62,86800,QUBT,Quantum Computing Inc,소프트웨어 및 IT서비스,0.21867017747594364,3.5073000000000003,-0.014399999999999746
2022-05-16,1.69,1.69,1.51,1.52,1.52,67100,QUBT,Quantum Computing Inc,소프트웨어 및 IT서비스,-4.582385786393983,3.4798333333333336,-0.013733333333333375
2022-05-17,1.51,1.592,1.5,1.55,1.55,88800,QUBT,Quantum Computing Inc,소프트웨어 및 IT서비스,-3.59422210644168,3.4544333333333332,-0.012700000000000156
2022-05-18,1.61,1.61,1.43,1.48,1.48,145200,QUBT,Quantum Computing Inc,소프트웨어 및 IT서비스,-3.0839607779234335,3.4251666666666667,-0.014633333333333276
2022-05-19,1.5,1.59,1.452,1.52,1.52,89300,QUBT,Quantum Computing Inc,소프트웨어 및 IT서비스,0.5839910040775109,3.3961,-0.014533333333333287
2022-05-20,1.58,1.58,1.472,1.5,1.5,43200,QUBT,Quantum Computing Inc,소프트웨어 및 IT서비스,-0.3397216085767818,3.3678333333333335,-0.014133333333333331
2022-05-23,1.55,1.62,1.5,1.57,1.57,65800,QUBT,Quantum Computing Inc,소프트웨어 및 IT서비스,2.604726835173876,3.3414333333333333,-0.0132000000000001
2022-05-24,1.53,2.25,1.53,1.97,1.97,5139100,QUBT,Quantum Computing Inc,소프트웨어 및 IT서비스,27.98189991812887,3.3183666666666665,-0.011533333333333395
2022-05-25,1.96,2.3,1.73,2.25,2.25,1101900,QUBT,Quantum Computing Inc,소프트웨어 및 IT서비스,41.14941754426778,3.2973000000000003,-0.010533333333333061
2022-05-26,2.3,2.45,2.032,2.1,2.1,645300,QUBT,Quantum Computing Inc,소프트웨어 및 IT서비스,26.740528820965757,3.2767666666666666,-0.010266666666666868
2022-05-27,2.1,2.169,2.0,2.07,2.07,181000,QUBT,Quantum Computing Inc,소프트웨어 및 IT서비스,20.03913673549562,3.2553666666666667,-0.010699999999999932
2022-05-31,2.15,2.29,2.07,2.27,2.27,179200,QUBT,Quantum Computing Inc,소프트웨어 및 IT서비스,29.600037616612738,3.234766666666667,-0.010299999999999976
2022-06-01,2.26,2.4,2.13,2.36,2.36,174300,QUBT,Quantum Computing Inc,소프트웨어 및 IT서비스,32.487757158502184,3.2163666666666666,-0.009200000000000097
2022-06-02,2.35,2.4,2.31,2.34,2.34,147800,QUBT,Quantum Computing Inc,소프트웨어 및 IT서비스,26.054730889049438,3.1965666666666666,-0.00990000000000002
2022-06-03,2.35,2.55,2.2,2.505,2.505,192500,QUBT,Quantum Computing Inc,소프트웨어 및 IT서비스,34.0994346605888,3.1708666666666665,-0.012850000000000028
2022-06-06,2.63,3.14,2.63,2.9,2.9,696100,QUBT,Quantum Computing Inc,소프트웨어 및 IT서비스,50.26539248500719,3.148533333333333,-0.011166666666666769
2022-06-07,3.0,3.98,2.95,3.88,3.88,1757800,QUBT,Quantum Computing Inc,소프트웨어 및 IT서비스,88.78451546235672,3.135,-0.0067666666666665876
2022-06-08,3.95,4.4,3.22,3.43,3.43,1433700,QUBT,Quantum Computing Inc,소프트웨어 및 IT서비스,61.34528496581289,3.118133333333333,-0.008433333333333293
2022-06-09,3.37,3.75,3.35,3.44,3.44,391400,QUBT,Quantum Computing Inc,소프트웨어 및 IT서비스,58.54825230853415,3.1006,-0.00876666666666659
2022-06-10,3.35,3.47,3.09,3.095,3.095,309900,QUBT,Quantum Computing Inc,소프트웨어 및 IT서비스,41.65740349482028,3.0825,-0.009050000000000002
2022-06-13,2.93,2.933,2.76,2.81,2.81,252600,QUBT,Quantum Computing Inc,소프트웨어 및 IT서비스,29.782174120951698,3.0618333333333334,-0.010333333333333306
2022-06-14,2.83,2.9,2.61,2.75,2.75,286300,QUBT,Quantum Computing Inc,소프트웨어 및 IT서비스,23.669793295662235,3.0391,-0.011366666666666747
2022-06-15,2.75,2.75,2.45,2.6,2.6,308200,QUBT,Quantum Computing Inc,소프트웨어 및 IT서비스,12.34610854943603,3.0063,-0.01639999999999997
2022-06-16,2.49,2.58,2.222,2.27,2.27,471800,QUBT,Quantum Computing Inc,소프트웨어 및 IT서비스,-0.5859947869643833,2.9739000000000004,-0.01619999999999977
2022-06-17,2.3,2.4,2.17,2.23,2.23,204100,QUBT,Quantum Computing Inc,소프트웨어 및 IT서비스,-4.222299360246939,2.9449666666666667,-0.01446666666666685
2022-06-21,2.37,2.67,2.22,2.24,2.24,518600,QUBT,Quantum Computing Inc,소프트웨어 및 IT서비스,-7.62597605777856,2.916166666666667,-0.014399999999999968
2022-06-22,2.18,2.417,2.18,2.27,2.27,108200,QUBT,Quantum Computing Inc,소프트웨어 및 IT서비스,-7.76079723326506,2.888833333333334,-0.013666666666666494
2022-06-23,2.35,2.6,2.32,2.56,2.56,258500,QUBT,Quantum Computing Inc,소프트웨어 및 IT서비스,1.6843961574289468,2.8564333333333334,-0.016200000000000214
2022-06-24,2.74,2.751,2.36,2.46,2.46,526900,QUBT,Quantum Computing Inc,소프트웨어 및 IT서비스,-5.636271484826283,2.8244333333333334,-0.016000000000000014
2022-06-27,2.45,2.45,2.22,2.22,2.22,353000,QUBT,Quantum Computing Inc,소프트웨어 및 IT서비스,-14.918558075941146,2.7947666666666664,-0.014833333333333476
2022-06-28,2.33,2.337,2.21,2.24,2.24,92600,QUBT,Quantum Computing Inc,소프트웨어 및 IT서비스,-12.961930229993424,2.765766666666667,-0.014499999999999735
2022-06-29,2.25,2.56,2.2,2.49,2.49,205100,QUBT,Quantum Computing Inc,소프트웨어 및 IT서비스,-3.9114919284673477,2.7432333333333334,-0.011266666666666758
2022-06-30,2.38,2.44,2.28,2.38,2.38,187900,QUBT,Quantum Computing Inc,소프트웨어 및 IT서비스,-7.707222999618713,2.7227666666666663,-0.010233333333333539
2022-07-01,2.4,2.45,2.27,2.34,2.34,144000,QUBT,Quantum Computing Inc,소프트웨어 및 IT서비스,-10.544012898795641,2.6989,-0.01193333333333313
2022-07-05,2.38,2.5,2.34,2.36,2.36,211500,QUBT,Quantum Computing Inc,소프트웨어 및 IT서비스,-9.96333126818083,2.6760333333333333,-0.011433333333333406
2022-07-06,2.32,2.56,2.32,2.5,2.5,125100,QUBT,Quantum Computing Inc,소프트웨어 및 IT서비스,-4.588988662807337,2.6552999999999995,-0.010366666666666857
2022-07-07,2.54,2.78,2.5,2.69,2.69,223400,QUBT,Quantum Computing Inc,소프트웨어 및 IT서비스,2.9867673566589037,2.6379,-0.008699999999999708
2022-07-08,2.69,2.79,2.56,2.73,2.73,116100,QUBT,Quantum Computing Inc,소프트웨어 및 IT서비스,5.656936006741886,2.6237666666666666,-0.0070666666666667766
2022-07-11,2.8,2.94,2.66,2.94,2.94,274200,QUBT,Quantum Computing Inc,소프트웨어 및 IT서비스,15.928600716070562,2.6091,-0.007333333333333192
2022-07-12,2.94,2.98,2.67,2.7,2.7,133500,QUBT,Quantum Computing Inc,소프트웨어 및 IT서비스,8.16847352367558,2.5974333333333335,-0.005833333333333357
2022-07-13,2.7,2.89,2.7,2.79,2.79,121200,QUBT,Quantum Computing Inc,소프트웨어 및 IT서비스,12.408113774822006,2.5836333333333332,-0.006900000000000128
2022-07-14,2.78,2.85,2.51,2.59,2.59,153100,QUBT,Quantum Computing Inc,소프트웨어 및 IT서비스,5.089593502843703,2.5679666666666665,-0.007833333333333359
2022-07-15,2.6,2.84,2.6,2.78,2.78,96600,QUBT,Quantum Computing Inc,소프트웨어 및 IT서비스,10.388571830968974,2.5509,-0.008533333333333282
2022-07-18,2.83,2.95,2.68,2.79,2.79,194500,QUBT,Quantum Computing Inc,소프트웨어 및 IT서비스,10.791878263802769,2.5408333333333335,-0.005033333333333223
2022-07-19,2.85,3.2,2.832,3.05,3.05,222000,QUBT,Quantum Computing Inc,소프트웨어 및 IT서비스,16.373803341800254,2.5343,-0.003266666666666751
2022-07-20,3.16,3.39,2.99,3.13,3.13,351100,QUBT,Quantum Computing Inc,소프트웨어 및 IT서비스,17.008799871907065,2.5308333333333333,-0.0017333333333333645
2022-07-21,3.13,3.43,3.13,3.37,3.37,261700,QUBT,Quantum Computing Inc,소프트웨어 및 IT서비스,22.58221776003544,2.5292333333333334,-0.0007999999999999119
2022-07-22,3.41,3.44,3.02,3.04,3.04,248200,QUBT,Quantum Computing Inc,소프트웨어 및 IT서비스,10.87104546860298,2.5248333333333335,-0.0021999999999999797
2022-07-25,3.11,3.32,3.01,3.24,3.24,204000,QUBT,Quantum Computing Inc,소프트웨어 및 IT서비스,16.429591388694263,2.5219666666666667,-0.0014333333333333975
2022-07-26,3.15,3.161,2.91,2.91,2.91,181500,QUBT,Quantum Computing Inc,소프트웨어 및 IT서비스,4.504115022131927,2.5169666666666664,-0.0025000000000001688
2022-07-27,3.0,3.19,2.946,3.09,3.09,142000,QUBT,Quantum Computing Inc,소프트웨어 및 IT서비스,6.772939564506797,2.5146333333333333,-0.0011666666666665382
2022-07-28,3.1,3.18,2.98,3.15,3.15,152400,QUBT,Quantum Computing Inc,소프트웨어 및 IT서비스,6.640929817163754,2.5109666666666666,-0.0018333333333333535
2022-07-29,3.2,3.22,3.04,3.07,3.07,111500,QUBT,Quantum Computing Inc,소프트웨어 및 IT서비스,1.6737325404521997,2.5035,-0.0037333333333333663
2022-08-01,3.11,3.33,2.9,3.29,3.29,263200,QUBT,Quantum Computing Inc,소프트웨어 및 IT서비스,7.887694526452971,2.4999000000000002,-0.0017999999999998018
2022-08-02,3.28,3.44,3.05,3.33,3.33,356300,QUBT,Quantum Computing Inc,소프트웨어 및 IT서비스,8.4814514355803,2.496833333333333,-0.0015333333333336086
2022-08-03,3.44,3.455,3.29,3.41,3.41,206700,QUBT,Quantum Computing Inc,소프트웨어 및 IT서비스,8.148460013700088,2.4962999999999997,-0.0002666666666666373
2022-08-04,3.45,3.455,3.314,3.37,3.37,102800,QUBT,Quantum Computing Inc,소프트웨어 및 IT서비스,6.107325981557121,2.4965,0.00010000000000021103
2022-08-05,3.37,3.72,3.3,3.63,3.63,344400,QUBT,Quantum Computing Inc,소프트웨어 및 IT서비스,13.180672327787924,2.4967,9.999999999998899e-05
2022-08-08,3.7,3.9,3.65,3.87,3.87,386100,QUBT,Quantum Computing Inc,소프트웨어 및 IT서비스,19.485051120369,2.499766666666667,0.0015333333333333865
2022-08-09,3.89,3.9,3.774,3.8,3.8,274400,QUBT,Quantum Computing Inc,소프트웨어 및 IT서비스,16.22918381396108,2.5005,0.0003666666666666263
2022-08-10,3.87,4.0,3.823,3.9,3.9,295600,QUBT,Quantum Computing Inc,소프트웨어 및 IT서비스,15.400917146490478,2.5035,0.0014999999999998348
2022-08-11,4.0,4.18,3.9,4.16,4.16,318800,QUBT,Quantum Computing Inc,소프트웨어 및 IT서비스,20.881207683908176,2.5097666666666667,0.0031333333333334323
2022-08-12,4.25,4.3,3.73,4.0,4.0,459300,QUBT,Quantum Computing Inc,소프트웨어 및 IT서비스,12.771210737321326,2.5156333333333336,0.0029333333333334544
2022-08-15,4.09,4.275,4.01,4.04,4.04,298700,QUBT,Quantum Computing Inc,소프트웨어 및 IT서비스,12.016713472037388,2.5225666666666666,0.003466666666666507
2022-08-16,4.0,4.16,3.86,4.14,4.14,318200,QUBT,Quantum Computing Inc,소프트웨어 및 IT서비스,13.313080162132529,2.5307,0.004066666666666663
2022-08-17,4.13,4.19,3.7,3.75,3.75,351000,QUBT,Quantum Computing Inc,소프트웨어 및 IT서비스,2.8599191154836667,2.5342333333333333,0.0017666666666666941
2022-08-18,3.82,3.871,3.525,3.57,3.57,166100,QUBT,Quantum Computing Inc,소프트웨어 및 IT서비스,-2.245591469048991,2.537833333333333,0.0017999999999998018
2022-08-19,3.44,3.575,3.07,3.25,3.25,370900,QUBT,Quantum Computing Inc,소프트웨어 및 IT서비스,-9.851429344557294,2.539833333333333,0.001000000000000112
2022-08-22,3.15,3.24,3.0,3.05,3.05,266800,QUBT,Quantum Computing Inc,소프트웨어 및 IT서비스,-13.143016248383365,2.5404999999999998,0.0003333333333332966
2022-08-23,3.24,3.305,3.111,3.17,3.17,181400,QUBT,Quantum Computing Inc,소프트웨어 및 IT서비스,-9.659709073213774,2.543566666666667,0.0015333333333336086
2022-08-24,3.18,3.23,3.05,3.13,3.13,164500,QUBT,Quantum Computing Inc,소프트웨어 및 IT서비스,-10.995819735404622,2.5460333333333334,0.0012333333333331975
2022-08-25,3.24,3.46,3.167,3.38,3.38,178100,QUBT,Quantum Computing Inc,소프트웨어 및 IT서비스,-5.397515152430388,2.5504333333333333,0.0021999999999999797
2022-08-26,3.42,3.427,3.11,3.15,3.15,203300,QUBT,Quantum Computing Inc,소프트웨어 및 IT서비스,-8.938006264132625,2.555166666666667,0.00236666666666685
2022-08-29,3.07,3.14,2.88,2.91,2.91,276500,QUBT,Quantum Computing Inc,소프트웨어 및 IT서비스,-14.928133615172378,2.5585666666666667,0.0016999999999998128
2022-08-30,2.91,3.031,2.794,2.95,2.95,190000,QUBT,Quantum Computing Inc,소프트웨어 및 IT서비스,-12.415826097199933,2.5621,0.0017666666666666941
2022-08-31,2.94,3.03,2.88,2.96,2.96,87200,QUBT,Quantum Computing Inc,소프트웨어 및 IT서비스,-11.04627424857554,2.5659,0.0019000000000000128
2022-09-01,2.92,2.92,2.65,2.81,2.81,200500,QUBT,Quantum Computing Inc,소프트웨어 및 IT서비스,-15.286289981302282,2.5699,0.0020000000000000018
2022-09-02,3.0,3.08,2.91,2.96,2.96,125400,QUBT,Quantum Computing Inc,소프트웨어 및 IT서비스,-9.135966977921385,2.573566666666667,0.0018333333333333535
2022-09-06,2.91,2.915,2.65,2.66,2.66,205200,QUBT,Quantum Computing Inc,소프트웨어 및 IT서비스,-16.734795083807462,2.573366666666667,-9.999999999998899e-05
2022-09-07,2.65,2.76,2.65,2.74,2.74,124600,QUBT,Quantum Computing Inc,소프트웨어 및 IT서비스,-14.555939277383445,2.5729,-0.00023333333333330764
2022-09-08,2.91,3.0,2.76,2.92,2.92,204400,QUBT,Quantum Computing Inc,소프트웨어 및 IT서비스,-8.418782857758544,2.5747,0.0008999999999999009
2022-09-09,2.97,2.99,2.9,2.96,2.96,95500,QUBT,Quantum Computing Inc,소프트웨어 및 IT서비스,-7.036212945770092,2.5778999999999996,0.0015999999999998238
2022-09-12,3.0,3.04,2.86,2.95,2.95,127200,QUBT,Quantum Computing Inc,소프트웨어 및 IT서비스,-7.032962853298885,2.580766666666667,0.0014333333333336196
2022-09-13,2.85,2.93,2.715,2.78,2.78,230100,QUBT,Quantum Computing Inc,소프트웨어 및 IT서비스,-7.026606622748766,2.5817,0.00046666666666661527
2022-09-14,2.8,2.92,2.75,2.78,2.78,110300,QUBT,Quantum Computing Inc,소프트웨어 및 IT서비스,-5.746757048863859,2.5831666666666666,0.0007333333333332526
2022-09-15,2.81,2.87,2.76,2.85,2.85,103400,QUBT,Quantum Computing Inc,소프트웨어 및 IT서비스,-1.2976306391044856,2.5832333333333333,3.333333333332966e-05
2022-09-16,2.84,2.84,2.69,2.75,2.75,169200,QUBT,Quantum Computing Inc,소프트웨어 및 IT서비스,-3.2654744435899663,2.582766666666666,-0.00023333333333352968
2022-09-19,2.66,2.7,2.43,2.55,2.55,165100,QUBT,Quantum Computing Inc,소프트웨어 및 IT서비스,-10.209788455512726,2.5820000000000003,-0.00038333333333295805
2022-09-20,2.57,2.69,2.49,2.5,2.5,165200,QUBT,Quantum Computing Inc,소프트웨어 및 IT서비스,-10.421104185151385,2.5799333333333334,-0.0010333333333334416
2022-09-21,2.5,2.53,2.36,2.43,2.43,93200,QUBT,Quantum Computing Inc,소프트웨어 및 IT서비스,-10.631306012176145,2.577933333333333,-0.001000000000000112
2022-09-22,2.37,2.43,2.247,2.33,2.33,193800,QUBT,Quantum Computing Inc,소프트웨어 및 IT서비스,-12.75450156386273,2.5742,-0.0018666666666666831
2022-09-23,2.42,2.43,2.11,2.27,2.27,231300,QUBT,Quantum Computing Inc,소프트웨어 및 IT서비스,-12.337048634682246,2.571266666666667,-0.0014666666666665051
2022-09-26,2.35,2.358,2.16,2.2,2.2,117700,QUBT,Quantum Computing Inc,소프트웨어 및 IT서비스,-13.071474805525874,2.5680666666666667,-0.0016000000000000458
2022-09-27,2.26,2.36,2.2,2.33,2.33,147300,QUBT,Quantum Computing Inc,소프트웨어 및 IT서비스,-7.181889362431216,2.566333333333333,-0.0008666666666667933
2022-09-28,2.33,2.395,2.26,2.31,2.31,132300,QUBT,Quantum Computing Inc,소프트웨어 및 IT서비스,-8.96741509743032,2.565933333333333,-0.00019999999999997797
2022-09-29,2.38,2.399,2.22,2.37,2.37,151000,QUBT,Quantum Computing Inc,소프트웨어 및 IT서비스,-3.901262946353745,2.5634666666666663,-0.0012333333333334195
2022-09-30,2.41,2.67,2.37,2.51,2.51,171800,QUBT,Quantum Computing Inc,소프트웨어 및 IT서비스,3.396071163750669,2.5620666666666665,-0.0006999999999999229
2022-10-03,2.5,2.536,2.25,2.46,2.46,154400,QUBT,Quantum Computing Inc,소프트웨어 및 IT서비스,-0.5925781690470755,2.5602,-0.0009333333333332305
2022-10-04,2.54,2.67,2.54,2.66,2.66,144000,QUBT,Quantum Computing Inc,소프트웨어 및 IT서비스,4.136521868295251,2.5604,9.999999999998899e-05
2022-10-05,2.57,2.638,2.355,2.42,2.42,252100,QUBT,Quantum Computing Inc,소프트웨어 및 IT서비스,-4.722606714806011,2.559266666666667,-0.0005666666666666043
2022-10-06,2.35,2.53,2.35,2.4,2.4,101600,QUBT,Quantum Computing Inc,소프트웨어 및 IT서비스,-3.9025873020447133,2.558266666666667,-0.0004999999999999449
2022-10-07,2.35,2.48,2.26,2.31,2.31,108600,QUBT,Quantum Computing Inc,소프트웨어 및 IT서비스,-4.172858570224758,2.5578666666666665,-0.00020000000000020002
2022-10-10,2.27,2.27,2.02,2.05,2.05,164900,QUBT,Quantum Computing Inc,소프트웨어 및 IT서비스,-13.333914552314575,2.5567333333333333,-0.0005666666666666043
2022-10-11,2.05,2.18,2.05,2.07,2.07,119700,QUBT,Quantum Computing Inc,소프트웨어 및 IT서비스,-11.030243056876065,2.5560666666666667,-0.0003333333333332966
2022-10-12,2.05,2.08,1.91,1.93,1.93,150700,QUBT,Quantum Computing Inc,소프트웨어 및 IT서비스,-15.701174832532072,2.5538,-0.0011333333333334306
2022-10-13,1.9,2.19,1.888,2.11,2.11,197200,QUBT,Quantum Computing Inc,소프트웨어 및 IT서비스,-9.066445547148994,2.5524666666666667,-0.0006666666666665932
2022-10-14,2.13,2.189,2.0,2.03,2.03,100100,QUBT,Quantum Computing Inc,소프트웨어 및 IT서비스,-9.365827794377445,2.5514666666666663,-0.000500000000000167
2022-10-17,2.1,2.18,2.07,2.14,2.14,87300,QUBT,Quantum Computing Inc,소프트웨어 및 IT서비스,-6.38009009818401,2.5526,0.0005666666666668263
2022-10-18,2.19,2.29,2.075,2.12,2.12,256600,QUBT,Quantum Computing Inc,소프트웨어 및 IT서비스,-7.720459387959144,2.5532666666666666,0.0003333333333332966
2022-10-19,2.1,2.16,1.97,2.0,2.0,145200,QUBT,Quantum Computing Inc,소프트웨어 및 IT서비스,-11.644278989606317,2.5513333333333335,-0.0009666666666665602
2022-10-20,1.99,2.18,1.99,2.09,2.09,100200,QUBT,Quantum Computing Inc,소프트웨어 및 IT서비스,-6.547836176016353,2.5482666666666667,-0.0015333333333333865
2022-10-21,2.04,2.11,2.033,2.06,2.06,37100,QUBT,Quantum Computing Inc,소프트웨어 및 IT서비스,-9.536767860601481,2.5447333333333337,-0.001766666666666472
2022-10-24,2.08,2.08,1.836,1.92,1.92,228700,QUBT,Quantum Computing Inc,소프트웨어 및 IT서비스,-16.008401790222614,2.540333333333333,-0.002200000000000424
2022-10-25,1.98,2.18,1.956,2.18,2.18,204300,QUBT,Quantum Computing Inc,소프트웨어 및 IT서비스,-5.581179497597121,2.537,-0.0016666666666664831
2022-10-26,2.14,2.416,2.109,2.17,2.17,160000,QUBT,Quantum Computing Inc,소프트웨어 및 IT서비스,-4.880458670725119,2.533933333333333,-0.0015333333333333865
2022-10-27,2.18,2.42,2.18,2.28,2.28,132600,QUBT,Quantum Computing Inc,소프트웨어 및 IT서비스,0.9952057173984841,2.5292666666666666,-0.0023333333333332984
2022-10-28,2.33,2.34,2.15,2.28,2.28,110300,QUBT,Quantum Computing Inc,소프트웨어 및 IT서비스,-0.46219915407286205,2.527066666666667,-0.0010999999999998789
2022-10-31,2.3,2.329,2.16,2.23,2.23,103100,QUBT,Quantum Computing Inc,소프트웨어 및 IT서비스,-1.1323296833044894,2.5248666666666666,-0.001100000000000101
2022-11-01,2.22,2.29,2.16,2.2,2.2,53600,QUBT,Quantum Computing Inc,소프트웨어 및 IT서비스,-0.9456648780543864,2.5216,-0.0016333333333333755
2022-11-02,2.19,2.19,2.01,2.04,2.04,110400,QUBT,Quantum Computing Inc,소프트웨어 및 IT서비스,-4.993797755323803,2.517733333333333,-0.0019333333333333425
2022-11-03,2.05,2.18,2.0,2.02,2.02,122300,QUBT,Quantum Computing Inc,소프트웨어 및 IT서비스,-4.096640739133006,2.5138666666666665,-0.0019333333333333425
2022-11-04,2.15,2.15,1.98,2.09,2.09,101000,QUBT,Quantum Computing Inc,소프트웨어 및 IT서비스,-1.4066451562981808,2.509733333333333,-0.002066666666666661
2022-11-07,2.1,2.45,2.04,2.2,2.2,270000,QUBT,Quantum Computing Inc,소프트웨어 및 IT서비스,2.699027890232597,2.5076,-0.0010666666666665492
2022-11-08,2.15,2.29,2.069,2.18,2.18,132500,QUBT,Quantum Computing Inc,소프트웨어 및 IT서비스,1.2647308538620061,2.505733333333333,-0.0009333333333334526
2022-11-09,2.22,2.245,2.0,2.08,2.08,85500,QUBT,Quantum Computing Inc,소프트웨어 및 IT서비스,-1.4645485634587563,2.5034000000000005,-0.0011666666666663161
2022-11-10,2.1,2.15,2.01,2.08,2.08,168000,QUBT,Quantum Computing Inc,소프트웨어 및 IT서비스,-6.230189266704889,2.5021999999999998,-0.000600000000000378
2022-11-11,2.15,2.23,2.02,2.15,2.15,176000,QUBT,Quantum Computing Inc,소프트웨어 및 IT서비스,-3.720653246544503,2.501333333333333,-0.0004333333333332856
2022-11-14,2.15,2.22,2.09,2.16,2.16,67900,QUBT,Quantum Computing Inc,소프트웨어 및 IT서비스,-2.0854676127805893,2.5006000000000004,-0.00036666666666640424
2022-11-15,2.23,2.35,2.2,2.32,2.32,113800,QUBT,Quantum Computing Inc,소프트웨어 및 IT서비스,4.153420295548793,2.5015333333333336,0.00046666666666661527
2022-11-16,2.2,2.28,2.06,2.09,2.09,56400,QUBT,Quantum Computing Inc,소프트웨어 및 IT서비스,-5.278459443294237,2.5007333333333333,-0.000400000000000178
2022-11-17,2.09,2.18,2.02,2.05,2.05,83800,QUBT,Quantum Computing Inc,소프트웨어 및 IT서비스,-6.377596283667685,2.5,-0.0003666666666666263
2022-11-18,2.03,2.18,2.028,2.1,2.1,112100,QUBT,Quantum Computing Inc,소프트웨어 및 IT서비스,-4.381668455966392,2.5004,0.00019999999999997797
2022-11-21,2.07,2.15,2.01,2.03,2.03,97000,QUBT,Quantum Computing Inc,소프트웨어 및 IT서비스,-7.278172532280836,2.5001333333333333,-0.00013333333333331865
2022-11-22,2.04,2.19,2.04,2.12,2.12,85800,QUBT,Quantum Computing Inc,소프트웨어 및 IT서비스,-4.158914825554327,2.5006666666666666,0.0002666666666666373
2022-11-23,2.18,2.2,2.12,2.18,2.18,60300,QUBT,Quantum Computing Inc,소프트웨어 및 IT서비스,-1.8021533741146345,2.5027333333333335,0.0010333333333334416
2022-11-25,2.2,2.21,2.108,2.19,2.19,57300,QUBT,Quantum Computing Inc,소프트웨어 및 IT서비스,-0.8299299697242968,2.5054666666666665,0.0013666666666665162
2022-11-28,2.19,2.255,2.05,2.13,2.13,104900,QUBT,Quantum Computing Inc,소프트웨어 및 IT서비스,-1.6113659663030244,2.5079333333333333,0.0012333333333334195
2022-11-29,2.13,2.32,2.13,2.22,2.22,110400,QUBT,Quantum Computing Inc,소프트웨어 및 IT서비스,2.8505552878994367,2.5118666666666667,0.001966666666666672
2022-11-30,2.25,2.31,2.19,2.21,2.21,115700,QUBT,Quantum Computing Inc,소프트웨어 및 IT서비스,-0.4227085661454577,2.5164666666666666,0.0022999999999999687
2022-12-01,2.24,2.32,2.1,2.1,2.1,76900,QUBT,Quantum Computing Inc,소프트웨어 및 IT서비스,-5.057238390311191,2.5200666666666667,0.0018000000000000238
2022-12-02,2.06,2.28,2.06,2.22,2.22,93000,QUBT,Quantum Computing Inc,소프트웨어 및 IT서비스,0.46774313818309654,2.5246666666666666,0.0022999999999999687
2022-12-05,2.21,2.25,2.1,2.1,2.1,119100,QUBT,Quantum Computing Inc,소프트웨어 및 IT서비스,-2.9708133614965826,2.5285333333333337,0.0019333333333335645
2022-12-06,2.05,2.18,1.95,1.98,1.98,234200,QUBT,Quantum Computing Inc,소프트웨어 및 IT서비스,-6.526516174158104,2.531533333333333,0.0014999999999996128
2022-12-07,1.98,2.15,1.95,2.05,2.05,72500,QUBT,Quantum Computing Inc,소프트웨어 및 IT서비스,-2.6031117583498853,2.5349333333333335,0.0017000000000002569
2022-12-08,2.03,2.1,1.965,2.02,2.02,104700,QUBT,Quantum Computing Inc,소프트웨어 및 IT서비스,-4.3405944811031,2.5372000000000003,0.0011333333333334306
2022-12-09,1.99,2.1,1.98,2.03,2.03,56700,QUBT,Quantum Computing Inc,소프트웨어 및 IT서비스,-3.0663867149410606,2.5388666666666664,0.0008333333333330195
2022-12-12,2.13,2.13,1.9,1.98,1.98,156200,QUBT,Quantum Computing Inc,소프트웨어 및 IT서비스,-6.413268537333494,2.5409333333333333,0.0010333333333334416
2022-12-13,2.02,2.1,1.85,1.85,1.85,137400,QUBT,Quantum Computing Inc,소프트웨어 및 IT서비스,-12.484206559914924,2.5430666666666664,0.0010666666666665492
2022-12-14,1.85,1.983,1.64,1.66,1.66,281800,QUBT,Quantum Computing Inc,소프트웨어 및 IT서비스,-19.72939925618097,2.544,0.0004666666666668373
2022-12-15,1.62,1.86,1.62,1.66,1.66,212900,QUBT,Quantum Computing Inc,소프트웨어 및 IT서비스,-16.859945249239118,2.5448,0.00039999999999995595
2022-12-16,1.68,1.75,1.62,1.62,1.62,132700,QUBT,Quantum Computing Inc,소프트웨어 및 IT서비스,-17.149935454552047,2.5448,0.0
2022-12-19,1.61,1.77,1.61,1.61,1.61,118300,QUBT,Quantum Computing Inc,소프트웨어 및 IT서비스,-16.02061622259303,2.5454,0.00029999999999996696
2022-12-20,1.61,1.71,1.61,1.65,1.65,100600,QUBT,Quantum Computing Inc,소프트웨어 및 IT서비스,-13.314079689722313,2.546066666666667,0.00033333333333351867
2022-12-21,1.68,1.74,1.65,1.66,1.66,116600,QUBT,Quantum Computing Inc,소프트웨어 및 IT서비스,-13.181579493283223,2.5472666666666663,0.0005999999999997119
2022-12-22,1.67,1.739,1.52,1.52,1.52,114100,QUBT,Quantum Computing Inc,소프트웨어 및 IT서비스,-18.145318162538103,2.5472666666666663,0.0
2022-12-23,1.52,1.72,1.52,1.56,1.56,42600,QUBT,Quantum Computing Inc,소프트웨어 및 IT서비스,-15.276192872444005,2.5476666666666663,0.00019999999999997797
2022-12-27,1.63,1.63,1.5,1.51,1.51,76700,QUBT,Quantum Computing Inc,소프트웨어 및 IT서비스,-16.410144401241066,2.547266666666667,-0.00019999999999975593
2022-12-28,1.56,1.631,1.45,1.46,1.46,111900,QUBT,Quantum Computing Inc,소프트웨어 및 IT서비스,-16.648418489623175,2.5438666666666667,-0.0017000000000000348
2022-12-29,1.45,1.56,1.45,1.49,1.49,76200,QUBT,Quantum Computing Inc,소프트웨어 및 IT서비스,-14.97634450397931,2.5388,-0.0025333333333332764
2022-12-30,1.48,1.53,1.43,1.51,1.51,122500,QUBT,Quantum Computing Inc,소프트웨어 및 IT서비스,-12.443827496358384,2.534866666666667,-0.001966666666666672
2023-01-03,1.57,1.6,1.5,1.52,1.52,108400,QUBT,Quantum Computing Inc,소프트웨어 및 IT서비스,-10.0302418636673,2.5312,-0.0018333333333333535
2023-01-04,1.5,1.58,1.5,1.55,1.55,32000,QUBT,Quantum Computing Inc,소프트웨어 및 IT서비스,-7.6569403056131025,2.5263999999999998,-0.0024000000000001798
2023-01-05,1.57,1.65,1.52,1.64,1.64,64900,QUBT,Quantum Computing Inc,소프트웨어 및 IT서비스,-0.32340667066845796,2.5216,-0.0023999999999999577
2023-01-06,1.6,1.64,1.6,1.63,1.63,82200,QUBT,Quantum Computing Inc,소프트웨어 및 IT서비스,-1.9792662548389295,2.5168666666666666,-0.002366666666666628
2023-01-09,1.65,1.74,1.59,1.74,1.74,75800,QUBT,Quantum Computing Inc,소프트웨어 및 IT서비스,5.48926519238826,2.5117666666666665,-0.0025500000000000522
2023-01-10,1.7,1.78,1.7,1.73,1.73,111200,QUBT,Quantum Computing Inc,소프트웨어 및 IT서비스,5.080454491765263,2.503966666666667,-0.0038999999999997925
2023-01-11,1.74,1.78,1.7,1.74,1.74,57400,QUBT,Quantum Computing Inc,소프트웨어 및 IT서비스,5.07043096642632,2.4897000000000005,-0.007133333333333214
2023-01-12,1.75,1.75,1.67,1.705,1.705,79700,QUBT,Quantum Computing Inc,소프트웨어 및 IT서비스,3.003823221718238,2.4782,-0.005750000000000144
2023-01-13,1.69,1.8,1.69,1.74,1.74,136400,QUBT,Quantum Computing Inc,소프트웨어 및 IT서비스,4.453315621187648,2.4668666666666668,-0.005666666666666709
2023-01-17,1.8,1.8,1.69,1.73,1.73,83100,QUBT,Quantum Computing Inc,소프트웨어 및 IT서비스,3.9722916860729818,2.457766666666666,-0.004550000000000276
2023-01-18,1.74,1.74,1.64,1.65,1.65,84500,QUBT,Quantum Computing Inc,소프트웨어 및 IT서비스,0.7386482321197541,2.4500333333333333,-0.003866666666666463
2023-01-19,1.69,1.74,1.651,1.71,1.71,52700,QUBT,Quantum Computing Inc,소프트웨어 및 IT서비스,4.9930772999750905,2.4431,-0.003466666666666729
2023-01-20,1.71,1.78,1.63,1.75,1.75,98100,QUBT,Quantum Computing Inc,소프트웨어 및 IT서비스,5.343549779006396,2.4374333333333333,-0.0028333333333332433
2023-01-23,1.78,1.94,1.75,1.93,1.93,212500,QUBT,Quantum Computing Inc,소프트웨어 및 IT서비스,14.103717866566079,2.4351666666666665,-0.0011333333333334306
2023-01-24,1.93,1.97,1.81,1.87,1.87,139500,QUBT,Quantum Computing Inc,소프트웨어 및 IT서비스,9.750047813098828,2.4327666666666667,-0.0011999999999998678
2023-01-25,1.83,1.95,1.81,1.9,1.9,108200,QUBT,Quantum Computing Inc,소프트웨어 및 IT서비스,10.652655597310856,2.4305,-0.0011333333333334306
2023-01-26,1.92,1.93,1.78,1.84,1.84,82100,QUBT,Quantum Computing Inc,소프트웨어 및 IT서비스,5.267482599069284,2.427633333333333,-0.0014333333333333975
2023-01-27,1.83,1.87,1.78,1.8,1.8,94700,QUBT,Quantum Computing Inc,소프트웨어 및 IT서비스,2.0555951597113875,2.4225666666666665,-0.0025333333333332764
2023-01-30,1.8,1.83,1.75,1.78,1.78,91600,QUBT,Quantum Computing Inc,소프트웨어 및 IT서비스,1.5917947133684773,2.4180333333333333,-0.002266666666666639
2023-01-31,1.86,1.86,1.75,1.76,1.76,84600,QUBT,Quantum Computing Inc,소프트웨어 및 IT서비스,-1.4338509228104868,2.4149666666666665,-0.0015333333333333865
2023-02-01,1.85,1.98,1.78,1.92,1.92,334700,QUBT,Quantum Computing Inc,소프트웨어 및 IT서비스,5.5871902427912845,2.4128333333333334,-0.0010666666666665492
2023-02-02,1.92,2.21,1.9,2.02,2.02,519100,QUBT,Quantum Computing Inc,소프트웨어 및 IT서비스,8.48208484901567,2.4097,-0.0015666666666667162
2023-02-03,2.09,2.75,2.05,2.46,2.46,1859100,QUBT,Quantum Computing Inc,소프트웨어 및 IT서비스,31.080685331379932,2.4102333333333337,0.00026666666666685934
2023-02-06,2.97,3.49,1.97,2.11,2.11,8951600,QUBT,Quantum Computing Inc,소프트웨어 및 IT서비스,11.956337159120501,2.4086999999999996,-0.0007666666666670263
2023-02-07,2.11,2.11,1.91,1.98,1.98,1099800,QUBT,Quantum Computing Inc,소프트웨어 및 IT서비스,3.4025907289933377,2.4061666666666666,-0.0012666666666665272
2023-02-08,2.32,2.6,1.9,1.97,1.97,25752500,QUBT,Quantum Computing Inc,소프트웨어 및 IT서비스,3.616350871879881,2.4026333333333336,-0.001766666666666472
2023-02-09,1.98,2.01,1.76,1.79,1.79,2318200,QUBT,Quantum Computing Inc,소프트웨어 및 IT서비스,-5.01481945258242,2.3966333333333334,-0.0030000000000001137
2023-02-10,1.77,1.82,1.7,1.76,1.76,857600,QUBT,Quantum Computing Inc,소프트웨어 및 IT서비스,-6.8337052782942775,2.3901666666666666,-0.0032333333333334213
2023-02-13,1.83,1.85,1.6,1.635,1.635,1125800,QUBT,Quantum Computing Inc,소프트웨어 및 IT서비스,-14.05891896272895,2.381466666666667,-0.004349999999999854
2023-02-14,1.62,1.73,1.61,1.71,1.71,725500,QUBT,Quantum Computing Inc,소프트웨어 및 IT서비스,-9.895028353879598,2.3748666666666667,-0.0033000000000000806
2023-02-15,1.69,1.799,1.58,1.71,1.71,1309000,QUBT,Quantum Computing Inc,소프트웨어 및 IT서비스,-10.06892539172437,2.3676666666666666,-0.0036000000000000476
2023-02-16,1.66,1.74,1.56,1.6,1.6,527800,QUBT,Quantum Computing Inc,소프트웨어 및 IT서비스,-14.233796605459359,2.361066666666667,-0.0032999999999998586
2023-02-17,1.58,1.65,1.52,1.56,1.56,522500,QUBT,Quantum Computing Inc,소프트웨어 및 IT서비스,-15.60855908684642,2.352933333333333,-0.004066666666666885
2023-02-21,1.5,1.59,1.5,1.54,1.54,423100,QUBT,Quantum Computing Inc,소프트웨어 및 IT서비스,-14.087492933457257,2.3446,-0.004166666666666652
2023-02-22,1.55,1.597,1.52,1.53,1.53,241200,QUBT,Quantum Computing Inc,소프트웨어 및 IT서비스,-13.720354756841392,2.3344666666666667,-0.005066666666666553
2023-02-23,1.55,1.59,1.5,1.56,1.56,365800,QUBT,Quantum Computing Inc,소프트웨어 및 IT서비스,-11.657099456802712,2.3240000000000003,-0.005233333333333201
2023-02-24,1.51,1.57,1.47,1.5,1.5,257700,QUBT,Quantum Computing Inc,소프트웨어 및 IT서비스,-13.409258106283628,2.3115333333333337,-0.006233333333333313
2023-02-27,1.48,1.54,1.427,1.47,1.47,347100,QUBT,Quantum Computing Inc,소프트웨어 및 IT서비스,-14.686805170030793,2.301066666666667,-0.005233333333333423
2023-02-28,1.47,1.497,1.43,1.44,1.44,186800,QUBT,Quantum Computing Inc,소프트웨어 및 IT서비스,-15.388013500248821,2.289066666666667,-0.006000000000000005
2023-03-01,1.44,1.5,1.37,1.4,1.4,261600,QUBT,Quantum Computing Inc,소프트웨어 및 IT서비스,-16.59455715761814,2.2790000000000004,-0.005033333333333223
2023-03-02,1.35,1.39,1.305,1.35,1.35,347300,QUBT,Quantum Computing Inc,소프트웨어 및 IT서비스,-18.96697841174786,2.2674000000000003,-0.005800000000000027
