Date,Open,High,Low,Close,Adj Close,Volume,Symbol,Name,Industry,RS,150MA,MA150_Slope
2021-06-18,20.0,21.75,17.129999,18.5,18.5,3906800,TBIO,Telesis Bio Inc,헬스케어 장비 및 용품,,,
2021-06-21,18.6,20.440001,18.5,19.940001,19.940001,379900,TBIO,Telesis Bio Inc,헬스케어 장비 및 용품,,,
2021-06-22,19.5,20.99,18.889999,20.459999,20.459999,161800,TBIO,Telesis Bio Inc,헬스케어 장비 및 용품,,,
2021-06-23,20.9,21.09,19.610001,20.25,20.25,384100,TBIO,Telesis Bio Inc,헬스케어 장비 및 용품,,,
2021-06-24,20.4,20.889999,18.0,19.4,19.4,205000,TBIO,Telesis Bio Inc,헬스케어 장비 및 용품,,,
2021-06-25,19.559999,19.99,17.5,17.76,17.76,162400,TBIO,Telesis Bio Inc,헬스케어 장비 및 용품,,,
2021-06-28,17.540001,19.559999,17.540001,18.450001,18.450001,89500,TBIO,Telesis Bio Inc,헬스케어 장비 및 용품,,,
2021-06-29,19.0,20.219999,18.5,19.99,19.99,249500,TBIO,Telesis Bio Inc,헬스케어 장비 및 용품,,,
2021-06-30,19.360001,25.700001,18.059999,22.0,22.0,334100,TBIO,Telesis Bio Inc,헬스케어 장비 및 용품,,,
2021-07-01,21.57,21.57,18.945,19.15,19.15,171500,TBIO,Telesis Bio Inc,헬스케어 장비 및 용품,,,
2021-07-02,19.370001,20.537001,18.919001,19.879999,19.879999,51200,TBIO,Telesis Bio Inc,헬스케어 장비 및 용품,,,
2021-07-06,19.73,19.73,18.25,18.6,18.6,68100,TBIO,Telesis Bio Inc,헬스케어 장비 및 용품,,,
2021-07-07,18.98,19.17,18.01,18.389999,18.389999,55100,TBIO,Telesis Bio Inc,헬스케어 장비 및 용품,,,
2021-07-08,17.98,18.450001,17.15,17.16,17.16,107400,TBIO,Telesis Bio Inc,헬스케어 장비 및 용품,,,
2021-07-09,17.695,18.059999,16.5,17.33,17.33,79000,TBIO,Telesis Bio Inc,헬스케어 장비 및 용품,,,
2021-07-12,17.1,17.280001,16.52,16.57,16.57,123400,TBIO,Telesis Bio Inc,헬스케어 장비 및 용품,,,
2021-07-13,17.360001,17.855,14.65,15.26,15.26,268200,TBIO,Telesis Bio Inc,헬스케어 장비 및 용품,,,
2021-07-14,15.28,15.47,13.65,14.59,14.59,282200,TBIO,Telesis Bio Inc,헬스케어 장비 및 용품,,,
2021-07-15,14.25,15.32,14.25,15.1,15.1,84900,TBIO,Telesis Bio Inc,헬스케어 장비 및 용품,,,
2021-07-16,15.03,15.9,14.76,15.16,15.16,46200,TBIO,Telesis Bio Inc,헬스케어 장비 및 용품,-17.116219019423973,,
2021-07-19,14.85,15.68,14.3,15.0,15.0,55200,TBIO,Telesis Bio Inc,헬스케어 장비 및 용품,-15.753875752118141,,
2021-07-20,16.34,16.950001,15.7,15.85,15.85,223000,TBIO,Telesis Bio Inc,헬스케어 장비 및 용품,-11.190812855210709,,
2021-07-21,17.52,18.43,16.5,16.870001,16.870001,173500,TBIO,Telesis Bio Inc,헬스케어 장비 및 용품,-5.159735633700768,,
2021-07-22,17.01,17.99,17.0,17.299999,17.299999,91500,TBIO,Telesis Bio Inc,헬스케어 장비 및 용품,-1.9618304923208485,,
2021-07-23,17.66,18.450001,16.5,16.83,16.83,121000,TBIO,Telesis Bio Inc,헬스케어 장비 및 용품,-4.719749187910471,,
2021-07-26,16.74,17.544001,16.6,17.07,17.07,28200,TBIO,Telesis Bio Inc,헬스케어 장비 및 용품,-3.2416379727623346,,
2021-07-27,17.0,17.775,15.982,16.200001,16.200001,65400,TBIO,Telesis Bio Inc,헬스케어 장비 및 용품,-7.016336737798346,,
2021-07-28,16.200001,16.5,15.1,15.49,15.49,106400,TBIO,Telesis Bio Inc,헬스케어 장비 및 용품,-9.778327831274181,,
2021-07-29,15.5,15.9,15.455,15.6,15.6,79500,TBIO,Telesis Bio Inc,헬스케어 장비 및 용품,-7.637112591026474,,
2021-07-30,15.6,16.309999,15.11,15.79,15.79,92000,TBIO,Telesis Bio Inc,헬스케어 장비 및 용품,-4.959093306335749,,
2021-08-02,16.059999,16.620001,15.05,15.49,15.49,139600,TBIO,Telesis Bio Inc,헬스케어 장비 및 용품,-5.293710108303884,,
2021-08-03,15.21,15.91,14.87,15.82,15.82,110800,TBIO,Telesis Bio Inc,헬스케어 장비 및 용품,-3.146565665395129,,
2021-08-04,15.85,15.85,14.69,15.32,15.32,171200,TBIO,Telesis Bio Inc,헬스케어 장비 및 용품,-4.817515664689531,,
2021-08-05,15.52,15.901,14.88,15.47,15.47,127300,TBIO,Telesis Bio Inc,헬스케어 장비 및 용품,-3.8297565343760387,,
2021-08-06,15.53,15.845,15.35,15.6,15.6,27600,TBIO,Telesis Bio Inc,헬스케어 장비 및 용품,-2.580521866051244,,
2021-08-09,15.44,15.88,14.925,14.97,14.97,181700,TBIO,Telesis Bio Inc,헬스케어 장비 및 용품,-5.90324689920444,,
2021-08-10,15.18,15.775,14.52,14.55,14.55,148400,TBIO,Telesis Bio Inc,헬스케어 장비 및 용품,-8.361782087064185,,
2021-08-11,14.89,14.95,13.3,13.6,13.6,117400,TBIO,Telesis Bio Inc,헬스케어 장비 및 용품,-14.125431875119776,,
2021-08-12,13.59,13.89,12.4,12.49,12.49,147100,TBIO,Telesis Bio Inc,헬스케어 장비 및 용품,-20.722389534830544,,
2021-08-13,12.57,14.14,12.425,13.72,13.72,86300,TBIO,Telesis Bio Inc,헬스케어 장비 및 용품,-12.519052237709838,,
2021-08-16,13.73,14.05,13.222,13.7,13.7,49800,TBIO,Telesis Bio Inc,헬스케어 장비 및 용품,-12.295065701874897,,
2021-08-17,13.66,13.747,12.53,12.88,12.88,67400,TBIO,Telesis Bio Inc,헬스케어 장비 및 용품,-16.0301956695997,,
2021-08-18,12.87,13.545,12.625,12.97,12.97,51800,TBIO,Telesis Bio Inc,헬스케어 장비 및 용품,-13.365443574239022,,
2021-08-19,12.95,13.345,11.26,11.77,11.77,124100,TBIO,Telesis Bio Inc,헬스케어 장비 및 용품,-19.962767349486576,,
2021-08-20,11.8,12.81,11.8,12.52,12.52,61100,TBIO,Telesis Bio Inc,헬스케어 장비 및 용품,-14.27114137884955,,
2021-08-23,12.74,12.88,11.88,12.08,12.08,108100,TBIO,Telesis Bio Inc,헬스케어 장비 및 용품,-16.506091608317753,,
2021-08-24,12.01,13.255,12.01,12.76,12.76,155000,TBIO,Telesis Bio Inc,헬스케어 장비 및 용품,-10.782716901231627,,
2021-08-25,12.73,12.795,11.6,12.2,12.2,111200,TBIO,Telesis Bio Inc,헬스케어 장비 및 용품,-13.79674354332906,,
2021-08-26,12.0,12.495,11.55,11.71,11.71,112800,TBIO,Telesis Bio Inc,헬스케어 장비 및 용품,-15.552993774272228,,
2021-08-27,11.75,12.29,11.605,11.75,11.75,166600,TBIO,Telesis Bio Inc,헬스케어 장비 및 용품,-14.646761963318333,,
2021-08-30,11.83,13.89,11.475,13.61,13.61,184300,TBIO,Telesis Bio Inc,헬스케어 장비 및 용품,-0.7047897774205003,,
2021-08-31,13.4,13.725,12.5,12.97,12.97,81000,TBIO,Telesis Bio Inc,헬스케어 장비 및 용품,-4.123444108697816,,
2021-09-01,13.22,13.99,12.85,13.79,13.79,88800,TBIO,Telesis Bio Inc,헬스케어 장비 및 용품,2.6469271288035,,
2021-09-02,14.02,14.99,14.02,14.53,14.53,127900,TBIO,Telesis Bio Inc,헬스케어 장비 및 용품,8.378199096452011,,
2021-09-03,14.52,14.95,14.01,14.04,14.04,115100,TBIO,Telesis Bio Inc,헬스케어 장비 및 용품,5.50937865728216,,
2021-09-07,14.25,14.43,13.02,13.5,13.5,86600,TBIO,Telesis Bio Inc,헬스케어 장비 및 용품,2.479372278980052,,
2021-09-08,13.55,13.55,12.66,12.77,12.77,60700,TBIO,Telesis Bio Inc,헬스케어 장비 및 용품,-2.1780855588150794,,
2021-09-09,12.84,13.403,12.69,12.8,12.8,72700,TBIO,Telesis Bio Inc,헬스케어 장비 및 용품,-1.1310057022225983,,
2021-09-10,12.91,13.24,12.316,12.94,12.94,71500,TBIO,Telesis Bio Inc,헬스케어 장비 및 용품,0.5496818813487181,,
2021-09-13,13.0,13.0,12.07,12.45,12.45,42800,TBIO,Telesis Bio Inc,헬스케어 장비 및 용품,-2.999192064386913,,
2021-09-14,12.72,12.99,12.134,12.76,12.76,50800,TBIO,Telesis Bio Inc,헬스케어 장비 및 용품,0.316100888410209,,
2021-09-15,13.095,13.095,12.37,12.77,12.77,122600,TBIO,Telesis Bio Inc,헬스케어 장비 및 용품,-0.36947798363375917,,
2021-09-16,12.77,13.29,12.28,13.28,13.28,153600,TBIO,Telesis Bio Inc,헬스케어 장비 및 용품,3.7326044442555384,,
2021-09-17,13.03,13.55,11.755,11.98,11.98,962200,TBIO,Telesis Bio Inc,헬스케어 장비 및 용품,-5.612628093725225,,
2021-09-20,11.98,12.41,9.605,10.15,10.15,488200,TBIO,Telesis Bio Inc,헬스케어 장비 및 용품,-17.948129381856116,,
2021-09-21,10.05,10.73,9.53,10.53,10.53,291100,TBIO,Telesis Bio Inc,헬스케어 장비 및 용품,-14.387285604693623,,
2021-09-22,10.38,11.805,10.23,11.19,11.19,84800,TBIO,Telesis Bio Inc,헬스케어 장비 및 용품,-9.40038016206637,,
2021-09-23,11.32,11.6,10.37,10.49,10.49,70400,TBIO,Telesis Bio Inc,헬스케어 장비 및 용품,-15.551872351549957,,
2021-09-24,10.55,11.5,10.51,11.05,11.05,44100,TBIO,Telesis Bio Inc,헬스케어 장비 및 용품,-10.950845311201562,,
2021-09-27,10.98,11.244,10.59,10.91,10.91,34300,TBIO,Telesis Bio Inc,헬스케어 장비 및 용품,-11.595908704810842,,
2021-09-28,10.77,11.09,10.514,10.98,10.98,53100,TBIO,Telesis Bio Inc,헬스케어 장비 및 용품,-8.383288800281885,,
2021-09-29,10.98,11.405,10.98,11.21,11.21,21900,TBIO,Telesis Bio Inc,헬스케어 장비 및 용품,-6.105435228373491,,
2021-09-30,11.35,11.35,11.01,11.13,11.13,43500,TBIO,Telesis Bio Inc,헬스케어 장비 및 용품,-4.845262363388125,,
2021-10-01,11.09,12.07,10.8,11.96,11.96,51800,TBIO,Telesis Bio Inc,헬스케어 장비 및 용품,1.9481006382024546,,
2021-10-04,11.96,12.06,11.5,11.75,11.75,79400,TBIO,Telesis Bio Inc,헬스케어 장비 및 용품,2.165163831516348,,
2021-10-05,11.72,11.84,11.2,11.75,11.75,62700,TBIO,Telesis Bio Inc,헬스케어 장비 및 용품,1.6386952381387987,,
2021-10-06,11.62,11.62,11.115,11.19,11.19,115800,TBIO,Telesis Bio Inc,헬스케어 장비 및 용품,-3.119221811621553,,
2021-10-07,11.25,11.543,10.83,10.9,10.9,80100,TBIO,Telesis Bio Inc,헬스케어 장비 및 용품,-5.745599432653902,,
2021-10-08,10.9,10.9,9.6,10.18,10.18,154000,TBIO,Telesis Bio Inc,헬스케어 장비 및 용품,-10.811855610234034,,
2021-10-11,10.26,10.68,10.1,10.67,10.67,21400,TBIO,Telesis Bio Inc,헬스케어 장비 및 용품,-5.2539839554055945,,
2021-10-12,10.67,11.25,10.33,10.8,10.8,54700,TBIO,Telesis Bio Inc,헬스케어 장비 및 용품,-3.136740716479869,,
2021-10-13,10.86,11.63,10.41,10.79,10.79,39100,TBIO,Telesis Bio Inc,헬스케어 장비 및 용품,-2.802398214208013,,
2021-10-14,10.84,10.915,10.5,10.64,10.64,35500,TBIO,Telesis Bio Inc,헬스케어 장비 및 용품,-4.691810756639903,,
2021-10-15,10.82,11.21,10.41,10.87,10.87,45800,TBIO,Telesis Bio Inc,헬스케어 장비 및 용품,-2.8282760712362243,,
2021-10-18,10.87,11.02,10.68,10.88,10.88,50800,TBIO,Telesis Bio Inc,헬스케어 장비 및 용품,-3.2514051516797093,,
2021-10-19,10.85,10.86,9.62,9.83,9.83,83900,TBIO,Telesis Bio Inc,헬스케어 장비 및 용품,-12.806526274562858,,
2021-10-20,9.77,9.984,9.71,9.83,9.83,31600,TBIO,Telesis Bio Inc,헬스케어 장비 및 용품,-12.460348485691553,,
2021-10-21,9.8,10.23,9.79,9.89,9.89,45000,TBIO,Telesis Bio Inc,헬스케어 장비 및 용품,-11.861332992774198,,
2021-10-22,9.87,9.98,9.5,9.55,9.55,70100,TBIO,Telesis Bio Inc,헬스케어 장비 및 용품,-14.140565666364246,,
2021-10-25,9.56,9.56,9.06,9.14,9.14,46300,TBIO,Telesis Bio Inc,헬스케어 장비 및 용품,-17.449406747444673,,
2021-10-26,9.14,9.72,9.05,9.6,9.6,33200,TBIO,Telesis Bio Inc,헬스케어 장비 및 용품,-12.688582071111732,,
2021-10-27,9.59,9.59,9.36,9.47,9.47,41200,TBIO,Telesis Bio Inc,헬스케어 장비 및 용품,-12.540500507866724,,
2021-10-28,9.56,9.71,9.43,9.65,9.65,43400,TBIO,Telesis Bio Inc,헬스케어 장비 및 용품,-10.837850081204115,,
2021-10-29,9.64,9.64,9.2,9.24,9.24,35900,TBIO,Telesis Bio Inc,헬스케어 장비 및 용품,-13.434443400616802,,
2021-11-01,9.1,9.5,9.1,9.45,9.45,24200,TBIO,Telesis Bio Inc,헬스케어 장비 및 용품,-10.302551084992572,,
2021-11-02,9.58,9.67,9.365,9.67,9.67,21700,TBIO,Telesis Bio Inc,헬스케어 장비 및 용품,-7.3015249242810665,,
2021-11-03,9.73,10.24,9.719,10.22,10.22,17700,TBIO,Telesis Bio Inc,헬스케어 장비 및 용품,-1.8486330836069986,,
2021-11-04,10.12,11.105,10.07,10.67,10.67,45200,TBIO,Telesis Bio Inc,헬스케어 장비 및 용품,2.4994472843762328,,
2021-11-05,10.84,10.95,10.02,10.43,10.43,27800,TBIO,Telesis Bio Inc,헬스케어 장비 및 용품,0.04144083754935579,,
2021-11-08,10.44,10.9,9.84,10.06,10.06,106900,TBIO,Telesis Bio Inc,헬스케어 장비 및 용품,-2.92181243374785,,
2021-11-09,10.05,10.14,9.16,9.29,9.29,82300,TBIO,Telesis Bio Inc,헬스케어 장비 및 용품,-9.00626076067369,,
2021-11-10,9.22,9.315,8.4,8.59,8.59,168100,TBIO,Telesis Bio Inc,헬스케어 장비 및 용품,-13.932475771791353,,
2021-11-11,8.66,8.716,7.95,8.07,8.07,73600,TBIO,Telesis Bio Inc,헬스케어 장비 및 용품,-17.92308819074303,,
2021-11-12,8.18,8.41,7.72,8.29,8.29,79700,TBIO,Telesis Bio Inc,헬스케어 장비 및 용품,-14.961717007441045,,
2021-11-15,8.41,8.414,7.82,8.13,8.13,53900,TBIO,Telesis Bio Inc,헬스케어 장비 및 용품,-15.198892210977622,,
2021-11-16,8.2,8.279,8.079,8.21,8.21,86300,TBIO,Telesis Bio Inc,헬스케어 장비 및 용품,-13.792041460211369,,
2021-11-17,8.18,8.3,7.65,7.8,7.8,61400,TBIO,Telesis Bio Inc,헬스케어 장비 및 용품,-16.85042023811666,,
2021-11-18,7.76,7.8,7.18,7.51,7.51,76500,TBIO,Telesis Bio Inc,헬스케어 장비 및 용품,-19.0437547960831,,
2021-11-19,7.5,7.673,7.03,7.08,7.08,42100,TBIO,Telesis Bio Inc,헬스케어 장비 및 용품,-22.40296705573286,,
2021-11-22,7.04,7.29,6.71,7.08,7.08,84000,TBIO,Telesis Bio Inc,헬스케어 장비 및 용품,-21.160186740217778,,
2021-11-23,7.17,7.29,6.56,6.8,6.8,69000,TBIO,Telesis Bio Inc,헬스케어 장비 및 용품,-23.102620883032777,,
2021-11-24,6.76,6.88,6.48,6.74,6.74,1004900,TBIO,Telesis Bio Inc,헬스케어 장비 및 용품,-22.62796194484703,,
2021-11-26,6.83,7.11,6.61,6.8,6.8,73000,TBIO,Telesis Bio Inc,헬스케어 장비 및 용품,-18.766073865768252,,
2021-11-29,6.98,7.08,6.42,6.6,6.6,58800,TBIO,Telesis Bio Inc,헬스케어 장비 및 용품,-20.904842141248924,,
2021-11-30,6.56,6.93,6.31,6.84,6.84,65900,TBIO,Telesis Bio Inc,헬스케어 장비 및 용품,-15.14109384528146,,
2021-12-01,6.98,7.508,6.63,6.72,6.72,84100,TBIO,Telesis Bio Inc,헬스케어 장비 및 용품,-14.176058577617823,,
2021-12-02,6.79,7.26,6.66,7.23,7.23,83800,TBIO,Telesis Bio Inc,헬스케어 장비 및 용품,-7.316925661834306,,
2021-12-03,7.18,7.32,6.38,6.42,6.42,99900,TBIO,Telesis Bio Inc,헬스케어 장비 및 용품,-14.837357748813762,,
2021-12-06,6.42,6.49,6.216,6.41,6.41,33100,TBIO,Telesis Bio Inc,헬스케어 장비 및 용품,-13.817468889852712,,
2021-12-07,6.39,7.095,6.39,6.91,6.91,61500,TBIO,Telesis Bio Inc,헬스케어 장비 및 용품,-7.071379727362482,,
2021-12-08,6.87,7.6,6.87,7.34,7.34,69600,TBIO,Telesis Bio Inc,헬스케어 장비 및 용품,-0.267321859962677,,
2021-12-09,7.3,7.31,6.71,6.99,6.99,42900,TBIO,Telesis Bio Inc,헬스케어 장비 및 용품,-3.2513440166565544,,
2021-12-10,7.02,7.16,6.81,6.98,6.98,32500,TBIO,Telesis Bio Inc,헬스케어 장비 및 용품,-3.5105541600816803,,
2021-12-13,6.96,7.28,6.23,6.55,6.55,51900,TBIO,Telesis Bio Inc,헬스케어 장비 및 용품,-7.513174598757377,,
2021-12-14,6.72,6.72,6.39,6.43,6.43,42200,TBIO,Telesis Bio Inc,헬스케어 장비 및 용품,-7.460845266878824,,
2021-12-15,6.44,7.0,6.23,6.7,6.7,90600,TBIO,Telesis Bio Inc,헬스케어 장비 및 용품,-4.090118430560996,,
2021-12-16,6.81,7.16,6.6,7.16,7.16,78000,TBIO,Telesis Bio Inc,헬스케어 장비 및 용품,3.853774301021584,,
2021-12-17,7.03,7.19,6.561,7.1,7.1,210700,TBIO,Telesis Bio Inc,헬스케어 장비 및 용품,4.264888511443554,,
2021-12-20,6.86,7.15,6.76,6.9,6.9,67200,TBIO,Telesis Bio Inc,헬스케어 장비 및 용품,2.483024341092932,,
2021-12-21,6.84,6.91,6.52,6.67,6.67,38800,TBIO,Telesis Bio Inc,헬스케어 장비 및 용품,-2.407853013932937,,
2021-12-22,6.73,7.79,6.73,7.37,7.37,217300,TBIO,Telesis Bio Inc,헬스케어 장비 및 용품,6.315167091242158,,
2021-12-23,7.32,7.41,6.22,6.31,6.31,235300,TBIO,Telesis Bio Inc,헬스케어 장비 및 용품,-9.23630455369322,,
2021-12-27,6.31,6.93,6.157,6.5,6.5,289000,TBIO,Telesis Bio Inc,헬스케어 장비 및 용품,-7.391348752923843,,
2021-12-28,6.41,7.27,6.35,6.71,6.71,298600,TBIO,Telesis Bio Inc,헬스케어 장비 및 용품,-4.250926736687299,,
2021-12-29,7.5,9.59,6.96,9.33,9.33,5830800,TBIO,Telesis Bio Inc,헬스케어 장비 및 용품,30.94191848027115,,
2021-12-30,10.23,11.12,9.67,10.98,10.98,12213100,TBIO,Telesis Bio Inc,헬스케어 장비 및 용품,50.46840914546657,,
2021-12-31,10.897,10.96,9.8,10.8,10.8,2450700,TBIO,Telesis Bio Inc,헬스케어 장비 및 용품,45.12977865711332,,
2022-01-03,10.5,11.32,9.4,9.7,9.7,1254600,TBIO,Telesis Bio Inc,헬스케어 장비 및 용품,27.049968764742705,,
2022-01-04,9.63,9.69,8.59,9.19,9.19,588300,TBIO,Telesis Bio Inc,헬스케어 장비 및 용품,18.505815244855704,,
2022-01-05,9.0,9.29,8.76,9.24,9.24,242200,TBIO,Telesis Bio Inc,헬스케어 장비 및 용품,19.689345648262236,,
2022-01-06,9.11,9.999,8.9,9.83,9.83,501200,TBIO,Telesis Bio Inc,헬스케어 장비 및 용품,25.42348067966438,,
2022-01-07,9.83,10.137,9.11,9.37,9.37,436900,TBIO,Telesis Bio Inc,헬스케어 장비 및 용품,18.248549654941804,,
2022-01-10,9.86,10.7,9.57,9.82,9.82,2773900,TBIO,Telesis Bio Inc,헬스케어 장비 및 용품,21.871620847381656,,
2022-01-11,9.55,9.89,9.5,9.71,9.71,399000,TBIO,Telesis Bio Inc,헬스케어 장비 및 용품,17.180324883405838,,
2022-01-12,9.74,9.81,9.53,9.69,9.69,338200,TBIO,Telesis Bio Inc,헬스케어 장비 및 용품,14.45347496016527,,
2022-01-13,9.72,10.36,8.61,8.62,8.62,456100,TBIO,Telesis Bio Inc,헬스케어 장비 및 용품,2.068051213197797,,
2022-01-14,8.54,8.66,7.28,7.54,7.54,523700,TBIO,Telesis Bio Inc,헬스케어 장비 및 용품,-10.997973468554589,,
2022-01-18,7.41,7.53,6.84,7.02,7.02,431100,TBIO,Telesis Bio Inc,헬스케어 장비 및 용품,-15.577148167743504,,
2022-01-19,7.02,7.19,6.63,6.99,6.99,334500,TBIO,Telesis Bio Inc,헬스케어 장비 및 용품,-15.189210436559698,,
2022-01-20,6.97,8.04,6.96,7.13,7.13,301700,TBIO,Telesis Bio Inc,헬스케어 장비 및 용품,-12.898483572655472,11.642733333333334,
2022-01-21,6.97,7.39,6.86,7.26,7.26,281200,TBIO,Telesis Bio Inc,헬스케어 장비 및 용품,-9.8018651683071,11.5678,-0.03746666666666698
2022-01-24,7.08,7.121,6.62,6.95,6.95,440100,TBIO,Telesis Bio Inc,헬스케어 장비 및 용품,-14.454488413762789,11.481199993333332,-0.04330000333333395
2022-01-25,6.77,6.95,6.5,6.84,6.84,237100,TBIO,Telesis Bio Inc,헬스케어 장비 및 용품,-15.261916510415752,11.3904,-0.045399996666666276
2022-01-26,6.97,7.21,6.8,6.86,6.86,163800,TBIO,Telesis Bio Inc,헬스케어 장비 및 용품,-15.287114675462032,11.301133333333333,-0.044633333333333525
2022-01-27,6.97,7.24,6.78,6.86,6.86,163300,TBIO,Telesis Bio Inc,헬스케어 장비 및 용품,-13.994672707528522,11.217533333333334,-0.04179999999999939
2022-01-28,7.01,7.41,6.85,7.3,7.3,146800,TBIO,Telesis Bio Inc,헬스케어 장비 및 용품,-9.049046645860514,11.1478,-0.03486666666666682
2022-01-31,7.46,8.19,7.35,7.84,7.84,234800,TBIO,Telesis Bio Inc,헬스케어 장비 및 용품,-2.7088194082703576,11.077066659999998,-0.035366670000001044
2022-02-01,8.08,8.08,7.21,7.38,7.38,245800,TBIO,Telesis Bio Inc,헬스케어 장비 및 용품,-8.012956021976581,10.992999993333333,-0.04203333333333248
2022-02-02,7.4,7.55,7.07,7.4,7.4,122300,TBIO,Telesis Bio Inc,헬스케어 장비 및 용품,-7.828763150510398,10.895666659999998,-0.048666666666667524
2022-02-03,7.21,7.64,7.21,7.45,7.45,108700,TBIO,Telesis Bio Inc,헬스케어 장비 및 용품,-4.058416868500525,10.81766666,-0.03899999999999881
2022-02-04,7.42,7.715,7.22,7.61,7.61,106700,TBIO,Telesis Bio Inc,헬스케어 장비 및 용품,-1.3565064237861746,10.735866666666668,-0.040899996666666105
2022-02-07,7.72,9.43,7.72,8.96,8.96,573600,TBIO,Telesis Bio Inc,헬스케어 장비 및 용품,16.5916535077544,10.671599999999998,-0.03213333333333512
2022-02-08,8.96,9.18,8.52,8.82,8.82,327300,TBIO,Telesis Bio Inc,헬스케어 장비 및 용품,14.320637041234075,10.607800006666666,-0.031899996666665764
2022-02-09,8.97,9.98,8.679,9.87,9.87,377200,TBIO,Telesis Bio Inc,헬스케어 장비 및 용품,25.762717585184845,10.559200006666666,-0.02430000000000021
2022-02-10,9.64,10.479,9.64,9.98,9.98,399000,TBIO,Telesis Bio Inc,헬스케어 장비 및 용품,28.886889294621064,10.510200006666667,-0.024499999999999744
2022-02-11,10.07,10.44,9.85,10.07,10.07,175000,TBIO,Telesis Bio Inc,헬스케어 장비 및 용품,30.93094857741068,10.466866673333332,-0.02166666666666739
2022-02-14,10.03,10.14,9.325,9.42,9.42,308700,TBIO,Telesis Bio Inc,헬스케어 장비 및 용품,21.131763896253286,10.42793334,-0.0194666666666663
2022-02-15,9.69,9.95,9.37,9.67,9.67,196500,TBIO,Telesis Bio Inc,헬스케어 장비 및 용품,20.27513294059522,10.395133340000001,-0.016399999999999082
2022-02-16,9.69,10.3,9.4,10.2,10.2,249500,TBIO,Telesis Bio Inc,헬스케어 장비 및 용품,24.209423565292497,10.362466673333333,-0.016333333333333755
2022-02-17,10.1,10.15,9.8,9.81,9.81,166600,TBIO,Telesis Bio Inc,헬스케어 장비 및 용품,19.923512671170474,10.326800006666668,-0.017833333333332924
2022-02-18,9.73,9.98,9.48,9.54,9.54,160500,TBIO,Telesis Bio Inc,헬스케어 장비 및 용품,15.781709055112426,10.290400006666667,-0.018200000000000216
2022-02-22,9.45,9.48,8.34,8.49,8.49,307000,TBIO,Telesis Bio Inc,헬스케어 장비 및 용품,3.016828748528866,10.241333339999999,-0.024533333333334184
2022-02-23,8.56,8.91,8.3,8.32,8.32,126200,TBIO,Telesis Bio Inc,헬스케어 장비 및 용품,1.7872604755448496,10.184333333333333,-0.028500003333332913
2022-02-24,8.0,9.35,8.0,8.95,8.95,186800,TBIO,Telesis Bio Inc,헬스케어 장비 및 용품,6.477964382490997,10.128666673333333,-0.02783332999999999
2022-02-25,9.01,10.01,8.9,10.01,10.01,143500,TBIO,Telesis Bio Inc,헬스케어 장비 및 용품,14.446574088459174,10.083200006666665,-0.022733333333333938
2022-02-28,9.84,10.5,9.69,10.2,10.2,185600,TBIO,Telesis Bio Inc,헬스케어 장비 및 용품,14.931591357591278,10.037400006666667,-0.022899999999999032
2022-03-01,10.14,10.42,9.606,9.65,9.65,134400,TBIO,Telesis Bio Inc,헬스케어 장비 및 용품,9.086532197311858,9.993733333333333,-0.02183333666666698
2022-03-02,9.75,10.38,9.49,10.1,10.1,166300,TBIO,Telesis Bio Inc,헬스케어 장비 및 용품,10.260916780212948,9.9578,-0.017966666666666242
2022-03-03,10.25,10.25,9.55,9.69,9.69,97800,TBIO,Telesis Bio Inc,헬스케어 장비 및 용품,4.817166313424859,9.9184,-0.019700000000000273
2022-03-04,9.44,9.74,9.01,9.13,9.13,192800,TBIO,Telesis Bio Inc,헬스케어 장비 및 용품,-1.4856096602410607,9.873999999999999,-0.022200000000000664
2022-03-07,9.12,9.34,8.09,8.32,8.32,154800,TBIO,Telesis Bio Inc,헬스케어 장비 및 용품,-8.116382649100562,9.826199999999998,-0.023900000000000254
2022-03-08,8.31,9.42,8.1,9.17,9.17,163500,TBIO,Telesis Bio Inc,헬스케어 장비 및 용품,1.5366490135483524,9.781866666666666,-0.022166666666666224
2022-03-09,9.37,10.1,9.37,9.9,9.9,201800,TBIO,Telesis Bio Inc,헬스케어 장비 및 용품,5.9835378912239,9.745733333333334,-0.01806666666666601
2022-03-10,9.6,9.6,9.14,9.32,9.32,83900,TBIO,Telesis Bio Inc,헬스케어 장비 및 용품,0.12102969049314627,9.704733333333333,-0.020500000000000185
2022-03-11,9.39,9.45,9.16,9.2,9.2,68000,TBIO,Telesis Bio Inc,헬스케어 장비 및 용품,0.19288056028283762,9.662066666666666,-0.02133333333333365
2022-03-14,9.33,9.75,8.6,9.2,9.2,214600,TBIO,Telesis Bio Inc,헬스케어 장비 및 용품,1.1141759245681726,9.623600000000001,-0.019233333333332325
2022-03-15,9.25,9.46,9.065,9.21,9.21,127300,TBIO,Telesis Bio Inc,헬스케어 장비 및 용품,-0.9444275248248091,9.588,-0.017800000000001148
2022-03-16,9.46,10.0,9.36,9.92,9.92,114000,TBIO,Telesis Bio Inc,헬스케어 장비 및 용품,4.084983484470595,9.563466666666667,-0.012266666666666204
2022-03-17,9.92,11.02,9.89,9.99,9.99,278800,TBIO,Telesis Bio Inc,헬스케어 장비 및 용품,3.5761755265861783,9.5468,-0.008333333333333748
2022-03-18,9.76,10.909,8.97,10.36,10.36,798900,TBIO,Telesis Bio Inc,헬스케어 장비 및 용품,5.976195959736108,9.524399999999998,-0.011200000000000543
2022-03-21,10.54,10.725,8.695,8.83,8.83,518100,TBIO,Telesis Bio Inc,헬스케어 장비 및 용품,-9.191062530501604,9.491933333333334,-0.01623333333333221
2022-03-22,8.83,9.8,8.573,9.2,9.2,198500,TBIO,Telesis Bio Inc,헬스케어 장비 및 용품,-6.586965218674113,9.467400000000001,-0.012266666666666204
2022-03-23,8.72,8.75,6.0,6.06,6.06,1888600,TBIO,Telesis Bio Inc,헬스케어 장비 및 용품,-36.82331167228799,9.421333333333333,-0.023033333333334127
2022-03-24,6.25,6.31,5.25,5.3,5.3,1186700,TBIO,Telesis Bio Inc,헬스케어 장비 및 용품,-44.345755371110066,9.3782,-0.021566666666666734
2022-03-25,5.29,5.3,4.61,4.62,4.62,892300,TBIO,Telesis Bio Inc,헬스케어 장비 및 용품,-50.235607954188886,9.325533333333334,-0.026333333333332654
2022-03-28,4.67,4.87,4.105,4.12,4.12,856800,TBIO,Telesis Bio Inc,헬스케어 장비 및 용품,-54.336757158275596,9.272466666666666,-0.026533333333333964
2022-03-29,4.22,4.94,4.201,4.76,4.76,652300,TBIO,Telesis Bio Inc,헬스케어 장비 및 용품,-46.22809721769767,9.219133333333332,-0.026666666666667282
2022-03-30,4.8,5.3,4.8,4.93,4.93,533400,TBIO,Telesis Bio Inc,헬스케어 장비 및 용품,-42.089502128460566,9.170666666666667,-0.02423333333333222
2022-03-31,4.99,5.42,4.85,5.37,5.37,374300,TBIO,Telesis Bio Inc,헬스케어 장비 및 용품,-34.07282096379078,9.1284,-0.021133333333334114
2022-04-01,5.49,5.855,5.4,5.68,5.68,293500,TBIO,Telesis Bio Inc,헬스케어 장비 및 용품,-28.801941667594367,9.087933333333334,-0.02023333333333266
2022-04-04,5.65,6.16,5.65,5.89,5.89,375100,TBIO,Telesis Bio Inc,헬스케어 장비 및 용품,-25.282359633702566,9.036466666666668,-0.025733333333333164
2022-04-05,5.93,6.5,5.93,6.45,6.45,300500,TBIO,Telesis Bio Inc,헬스케어 장비 및 용품,-15.23311236737106,8.992999999999999,-0.021733333333334492
2022-04-06,6.29,6.3,5.3,5.36,5.36,576100,TBIO,Telesis Bio Inc,헬스케어 장비 및 용품,-26.420579163000557,8.9368,-0.028099999999999348
2022-04-07,5.42,5.5,5.38,5.42,5.42,453400,TBIO,Telesis Bio Inc,헬스케어 장비 및 용품,-23.60061547607869,8.876066666666667,-0.030366666666666653
2022-04-08,5.45,5.5,5.01,5.11,5.11,227500,TBIO,Telesis Bio Inc,헬스케어 장비 및 용품,-25.291537579695156,8.816533333333334,-0.029766666666666275
2022-04-11,5.09,5.12,4.85,4.9,4.9,500700,TBIO,Telesis Bio Inc,헬스케어 장비 및 용품,-24.418766084399223,8.7592,-0.028666666666667062
2022-04-12,5.09,5.09,4.41,4.45,4.45,550400,TBIO,Telesis Bio Inc,헬스케어 장비 및 용품,-28.32234267290937,8.703733333333332,-0.02773333333333383
2022-04-13,4.314,4.59,4.314,4.52,4.52,360300,TBIO,Telesis Bio Inc,헬스케어 장비 및 용품,-24.636859378518118,8.648533333333333,-0.027599999999999625
2022-04-14,4.5,4.6,4.33,4.57,4.57,300700,TBIO,Telesis Bio Inc,헬스케어 장비 및 용품,-19.200151402096356,8.592733333333333,-0.027899999999999814
2022-04-18,4.51,4.615,4.03,4.05,4.05,1140600,TBIO,Telesis Bio Inc,헬스케어 장비 및 용품,-24.264847528332734,8.536733333333332,-0.02800000000000047
2022-04-19,4.1,4.185,3.935,4.11,4.11,295000,TBIO,Telesis Bio Inc,헬스케어 장비 및 용품,-20.92124288013394,8.479066666666666,-0.028833333333333044
2022-04-20,4.17,4.42,4.04,4.25,4.25,499500,TBIO,Telesis Bio Inc,헬스케어 장비 및 용품,-14.175293204592855,8.422266666666665,-0.028400000000000425
2022-04-21,4.37,4.66,4.24,4.26,4.26,179400,TBIO,Telesis Bio Inc,헬스케어 장비 및 용품,-11.123224315047631,8.362133333333333,-0.030066666666666464
2022-04-22,4.27,4.28,3.96,4.13,4.13,190900,TBIO,Telesis Bio Inc,헬스케어 장비 및 용품,-10.533489291779752,8.309800000000001,-0.026166666666665783
2022-04-25,4.09,4.4,4.09,4.35,4.35,76700,TBIO,Telesis Bio Inc,헬스케어 장비 및 용품,-6.282552194268709,8.271133333333331,-0.019333333333334757
2022-04-26,4.3,4.47,3.935,4.01,4.01,111600,TBIO,Telesis Bio Inc,헬스케어 장비 및 용품,-11.351647539752053,8.227666666666666,-0.021733333333332716
2022-04-27,4.09,4.16,3.97,4.06,4.06,86400,TBIO,Telesis Bio Inc,헬스케어 장비 및 용품,-10.19653558519813,8.180133333333334,-0.023766666666666048
2022-04-28,4.1,4.15,3.88,3.9,3.9,125900,TBIO,Telesis Bio Inc,헬스케어 장비 및 용품,-15.184797979006992,8.1362,-0.02196666666666669
2022-04-29,3.94,3.97,3.67,3.7,3.7,189300,TBIO,Telesis Bio Inc,헬스케어 장비 및 용품,-15.360938881952379,8.0872,-0.024500000000000632
2022-05-02,3.66,4.17,3.66,4.15,4.15,104200,TBIO,Telesis Bio Inc,헬스케어 장비 및 용품,-4.4705136081674475,8.042133333333334,-0.022533333333332628
2022-05-03,4.12,4.375,4.09,4.15,4.15,129000,TBIO,Telesis Bio Inc,헬스케어 장비 및 용품,-3.5867531053353274,7.9966,-0.022766666666667046
2022-05-04,4.29,4.36,3.9,4.35,4.35,85800,TBIO,Telesis Bio Inc,헬스케어 장비 및 용품,0.13906349549064334,7.950866666666667,-0.02286666666666637
2022-05-05,4.22,4.245,3.94,4.01,4.01,96000,TBIO,Telesis Bio Inc,헬스케어 장비 및 용품,-3.1772873826935166,7.9033999999999995,-0.023733333333333828
2022-05-06,4.08,4.2,3.78,4.04,4.04,83200,TBIO,Telesis Bio Inc,헬스케어 장비 및 용품,-0.7806111683898886,7.850600000000001,-0.026399999999999313
2022-05-09,4.04,4.04,3.7,3.75,3.75,121000,TBIO,Telesis Bio Inc,헬스케어 장비 및 용품,-3.886352386699987,7.797266666666667,-0.02666666666666684
2022-05-10,3.95,3.99,3.76,3.99,3.99,108400,TBIO,Telesis Bio Inc,헬스케어 장비 및 용품,2.608471318532435,7.745533333333334,-0.025866666666666482
2022-05-11,4.22,4.37,3.43,3.45,3.45,191400,TBIO,Telesis Bio Inc,헬스케어 장비 및 용품,-9.161264132490754,7.693933333333333,-0.02580000000000071
2022-05-12,3.53,3.75,3.45,3.7,3.7,101400,TBIO,Telesis Bio Inc,헬스케어 장비 및 용품,-2.0715597101720107,7.645933333333333,-0.02400000000000002
2022-05-13,3.77,3.965,3.51,3.81,3.81,120100,TBIO,Telesis Bio Inc,헬스케어 장비 및 용품,-1.0295728129637638,7.603466666666668,-0.02123333333333255
2022-05-16,3.8,4.25,3.8,4.14,4.14,93000,TBIO,Telesis Bio Inc,헬스케어 장비 및 용품,7.347495239166202,7.559933333333333,-0.021766666666667156
2022-05-17,4.27,4.495,4.091,4.44,4.44,97300,TBIO,Telesis Bio Inc,헬스케어 장비 및 용품,11.891907567915405,7.517533333333334,-0.021199999999999886
2022-05-18,4.35,4.42,4.11,4.32,4.32,78100,TBIO,Telesis Bio Inc,헬스케어 장비 및 용품,12.592283212230559,7.4744,-0.021566666666666734
2022-05-19,4.22,4.59,4.22,4.43,4.43,62100,TBIO,Telesis Bio Inc,헬스케어 장비 및 용품,15.158763768619554,7.433000000000001,-0.02069999999999972
2022-05-20,4.46,4.46,4.05,4.17,4.17,65400,TBIO,Telesis Bio Inc,헬스케어 장비 및 용품,7.826285996223481,7.388333333333334,-0.022333333333333538
2022-05-23,4.18,4.68,4.07,4.65,4.65,83800,TBIO,Telesis Bio Inc,헬스케어 장비 및 용품,17.116347113489816,7.3468,-0.020766666666666822
2022-05-24,4.63,4.72,4.27,4.49,4.49,74500,TBIO,Telesis Bio Inc,헬스케어 장비 및 용품,13.001702942580495,7.3112,-0.017799999999999816
2022-05-25,4.44,4.6,4.11,4.17,4.17,94800,TBIO,Telesis Bio Inc,헬스케어 장비 및 용품,3.566448177691295,7.273466666666667,-0.01886666666666681
2022-05-26,4.14,4.38,4.13,4.14,4.14,56500,TBIO,Telesis Bio Inc,헬스케어 장비 및 용품,0.26874835098087413,7.235133333333334,-0.019166666666666554
2022-05-27,4.12,4.44,4.08,4.15,4.15,155800,TBIO,Telesis Bio Inc,헬스케어 장비 및 용품,-2.4076863645509983,7.199133333333334,-0.017999999999999794
2022-05-31,4.33,4.33,3.92,3.98,3.98,90800,TBIO,Telesis Bio Inc,헬스케어 장비 및 용품,-5.650605205126413,7.164733333333333,-0.017200000000000326
2022-06-01,3.97,4.339,3.48,3.5,3.5,127000,TBIO,Telesis Bio Inc,헬스케어 장비 및 용품,-15.824669895964128,7.124066666666668,-0.02033333333333287
2022-06-02,3.69,3.76,3.46,3.58,3.58,123300,TBIO,Telesis Bio Inc,헬스케어 장비 및 용품,-14.8098298058299,7.0848,-0.019633333333333614
2022-06-03,3.53,3.65,3.41,3.63,3.63,102700,TBIO,Telesis Bio Inc,헬스케어 장비 및 용품,-11.81869238196196,7.044666666666667,-0.020066666666666677
2022-06-06,3.65,3.723,3.45,3.55,3.55,89500,TBIO,Telesis Bio Inc,헬스케어 장비 및 용품,-13.520674721556059,7.006733333333333,-0.01896666666666702
2022-06-07,3.5,3.82,3.481,3.69,3.69,123700,TBIO,Telesis Bio Inc,헬스케어 장비 및 용품,-10.722089565012883,6.968333333333334,-0.019199999999999662
2022-06-08,3.63,3.83,3.58,3.61,3.61,88200,TBIO,Telesis Bio Inc,헬스케어 장비 및 용품,-11.167499676020388,6.927933333333334,-0.020199999999999996
2022-06-09,3.56,3.595,3.42,3.49,3.49,72900,TBIO,Telesis Bio Inc,헬스케어 장비 및 용품,-11.990735657901851,6.883066666666667,-0.022433333333333305
2022-06-10,3.48,3.761,3.03,3.16,3.16,202200,TBIO,Telesis Bio Inc,헬스케어 장비 및 용품,-17.3733169970293,6.833,-0.025033333333333463
2022-06-13,3.07,3.085,2.88,2.94,2.94,103800,TBIO,Telesis Bio Inc,헬스케어 장비 및 용품,-19.355885939728267,6.783066666666667,-0.024966666666666804
2022-06-14,2.94,3.1,2.61,2.69,2.69,126900,TBIO,Telesis Bio Inc,헬스케어 장비 및 용품,-24.722924638386424,6.733933333333333,-0.024566666666666848
2022-06-15,2.74,2.77,2.56,2.71,2.71,133200,TBIO,Telesis Bio Inc,헬스케어 장비 및 용품,-23.776568794460918,6.690066666666667,-0.021933333333333138
2022-06-16,2.73,2.73,2.32,2.43,2.43,180500,TBIO,Telesis Bio Inc,헬스케어 장비 및 용품,-27.665422630950374,6.649,-0.020533333333333292
2022-06-17,2.48,2.5,2.25,2.38,2.38,189700,TBIO,Telesis Bio Inc,헬스케어 장비 및 용품,-27.37510100074512,6.611066666666667,-0.018966666666666576
2022-06-21,2.45,2.49,2.11,2.14,2.14,238400,TBIO,Telesis Bio Inc,헬스케어 장비 및 용품,-34.41872147835825,6.5700666666666665,-0.020500000000000185
2022-06-22,2.71,2.9,2.05,2.06,2.06,12215100,TBIO,Telesis Bio Inc,헬스케어 장비 및 용품,-34.43440917477385,6.529599999999999,-0.020233333333333547
2022-06-23,2.04,2.06,1.87,2.0,2.0,1781300,TBIO,Telesis Bio Inc,헬스케어 장비 및 용품,-34.547323134241225,6.4882,-0.02069999999999972
2022-06-24,2.02,2.21,1.91,2.13,2.13,1716700,TBIO,Telesis Bio Inc,헬스케어 장비 및 용품,-30.176383998590993,6.450399999999999,-0.01890000000000036
2022-06-27,2.11,2.55,2.1,2.45,2.45,2406500,TBIO,Telesis Bio Inc,헬스케어 장비 및 용품,-17.369880167047114,6.416666666666667,-0.01686666666666614
2022-06-28,2.41,2.41,2.15,2.29,2.29,309800,TBIO,Telesis Bio Inc,헬스케어 장비 및 용품,-19.055448303993195,6.384733333333333,-0.015966666666666907
2022-06-29,2.29,2.32,1.91,1.92,1.92,783800,TBIO,Telesis Bio Inc,헬스케어 장비 및 용품,-29.90584347535514,6.350333333333333,-0.017199999999999882
2022-06-30,2.1,2.12,1.77,1.8,1.8,4122800,TBIO,Telesis Bio Inc,헬스케어 장비 및 용품,-31.91249559798166,6.316999999999999,-0.01666666666666705
2022-07-01,1.85,1.95,1.731,1.86,1.86,760400,TBIO,Telesis Bio Inc,헬스케어 장비 및 용품,-28.478616800541445,6.284466666666667,-0.016266666666666207
2022-07-05,1.79,2.01,1.77,1.97,1.97,664100,TBIO,Telesis Bio Inc,헬스케어 장비 및 용품,-22.256810574573393,6.252266666666667,-0.01609999999999978
2022-07-06,1.96,2.03,1.89,1.99,1.99,350500,TBIO,Telesis Bio Inc,헬스케어 장비 및 용품,-19.65893703982069,6.2215333333333325,-0.015366666666667417
2022-07-07,1.96,2.05,1.942,2.04,2.04,286800,TBIO,Telesis Bio Inc,헬스케어 장비 및 용품,-16.49439617818833,6.189533333333333,-0.01599999999999957
2022-07-08,2.02,2.096,2.01,2.07,2.07,148400,TBIO,Telesis Bio Inc,헬스케어 장비 및 용품,-12.783769645299625,6.158533333333333,-0.015500000000000291
2022-07-11,1.93,2.06,1.82,1.85,1.85,289200,TBIO,Telesis Bio Inc,헬스케어 장비 및 용품,-18.543409079663387,6.1226666666666665,-0.017933333333333135
2022-07-12,1.83,1.88,1.75,1.81,1.81,160500,TBIO,Telesis Bio Inc,헬스케어 장비 및 용품,-17.199527212892875,6.091933333333333,-0.015366666666666529
2022-07-13,1.76,1.84,1.76,1.84,1.84,83200,TBIO,Telesis Bio Inc,헬스케어 장비 및 용품,-13.174401017297011,6.061466666666666,-0.015233333333333654
2022-07-14,1.81,1.88,1.75,1.84,1.84,131200,TBIO,Telesis Bio Inc,헬스케어 장비 및 용품,-11.040599875114676,6.027666666666667,-0.016899999999999693
2022-07-15,1.82,1.82,1.7,1.7,1.7,331000,TBIO,Telesis Bio Inc,헬스케어 장비 및 용품,-17.273263569937725,5.990066666666666,-0.01880000000000015
2022-07-18,1.7,1.74,1.67,1.7,1.7,198000,TBIO,Telesis Bio Inc,헬스케어 장비 및 용품,-14.822606217927747,5.9548,-0.01763333333333339
2022-07-19,1.71,1.8,1.7,1.74,1.74,209500,TBIO,Telesis Bio Inc,헬스케어 장비 및 용품,-13.454231498554691,5.919866666666667,-0.01746666666666652
2022-07-20,1.73,1.999,1.73,1.93,1.93,231100,TBIO,Telesis Bio Inc,헬스케어 장비 및 용품,-3.803267140685851,5.8890666666666664,-0.01540000000000008
2022-07-21,1.87,1.99,1.808,1.96,1.96,1128800,TBIO,Telesis Bio Inc,헬스케어 장비 및 용품,-2.7073736157745443,5.859266666666667,-0.014899999999999913
2022-07-22,1.86,1.96,1.83,1.91,1.91,250900,TBIO,Telesis Bio Inc,헬스케어 장비 및 용품,-3.868890560530591,5.827333333333334,-0.015966666666666463
2022-07-25,1.86,1.95,1.75,1.88,1.88,348000,TBIO,Telesis Bio Inc,헬스케어 장비 및 용품,-4.833387896085972,5.792133333333334,-0.017599999999999838
2022-07-26,1.89,1.95,1.79,1.9,1.9,159500,TBIO,Telesis Bio Inc,헬스케어 장비 및 용품,-1.274167843006846,5.757466666666667,-0.017333333333333645
2022-07-27,1.81,2.0,1.81,1.96,1.96,224900,TBIO,Telesis Bio Inc,헬스케어 장비 및 용품,0.3941034719619152,5.7245333333333335,-0.01646666666666663
2022-07-28,1.91,1.96,1.88,1.92,1.92,127600,TBIO,Telesis Bio Inc,헬스케어 장비 및 용품,-2.5192053759309663,5.692866666666667,-0.015833333333333144
2022-07-29,1.92,1.96,1.82,1.91,1.91,99300,TBIO,Telesis Bio Inc,헬스케어 장비 및 용품,-4.255954953532692,5.656466666666667,-0.018200000000000216
2022-08-01,1.9,1.95,1.82,1.89,1.89,119800,TBIO,Telesis Bio Inc,헬스케어 장비 및 용품,-4.720603303525861,5.627,-0.014733333333333487
2022-08-02,1.9,2.03,1.84,2.0,2.0,185500,TBIO,Telesis Bio Inc,헬스케어 장비 및 용품,1.7684893870585583,5.5969999999999995,-0.015000000000000124
2022-08-03,2.0,2.22,1.95,2.06,2.06,274300,TBIO,Telesis Bio Inc,헬스케어 장비 및 용품,3.442006354615801,5.566,-0.015499999999999847
2022-08-04,2.02,2.12,1.96,2.08,2.08,118000,TBIO,Telesis Bio Inc,헬스케어 장비 및 용품,4.7653267454265125,5.517666666666667,-0.024166666666666448
2022-08-05,2.07,2.27,2.04,2.22,2.22,249800,TBIO,Telesis Bio Inc,헬스케어 장비 및 용품,11.943826597593365,5.459266666666666,-0.029200000000000337
2022-08-08,2.26,2.447,2.22,2.3,2.3,1188300,TBIO,Telesis Bio Inc,헬스케어 장비 및 용품,15.211493244432717,5.4026000000000005,-0.028333333333332877
2022-08-09,2.26,2.295,1.98,1.98,1.98,141500,TBIO,Telesis Bio Inc,헬스케어 장비 및 용품,-0.460009515416282,5.351133333333333,-0.025733333333333608
2022-08-10,2.11,2.426,2.02,2.26,2.26,540600,TBIO,Telesis Bio Inc,헬스케어 장비 및 용품,10.642422859079614,5.304933333333333,-0.023100000000000342
2022-08-11,2.3,2.48,2.1,2.21,2.21,710900,TBIO,Telesis Bio Inc,헬스케어 장비 및 용품,7.8282113740780535,5.258066666666667,-0.02343333333333275
2022-08-12,2.29,2.6,2.22,2.36,2.36,711900,TBIO,Telesis Bio Inc,헬스케어 장비 및 용품,11.907495567842496,5.208266666666667,-0.024900000000000144
2022-08-15,2.35,2.51,2.3,2.36,2.36,869700,TBIO,Telesis Bio Inc,헬스케어 장비 및 용품,10.285023188896503,5.161533333333334,-0.023366666666666536
2022-08-16,2.35,2.365,2.155,2.26,2.26,247800,TBIO,Telesis Bio Inc,헬스케어 장비 및 용품,4.543498832654436,5.111133333333333,-0.025200000000000333
2022-08-17,2.22,2.225,2.07,2.11,2.11,83900,TBIO,Telesis Bio Inc,헬스케어 장비 및 용품,-1.7451951919877695,5.060466666666667,-0.025333333333333208
2022-08-18,2.14,2.195,2.082,2.16,2.16,72200,TBIO,Telesis Bio Inc,헬스케어 장비 및 용품,0.21470467359236967,5.010266666666666,-0.025100000000000122
2022-08-19,2.14,2.17,2.01,2.05,2.05,134100,TBIO,Telesis Bio Inc,헬스케어 장비 및 용품,-3.6715362355491665,4.966466666666667,-0.021899999999999586
2022-08-22,2.05,2.08,2.01,2.06,2.06,66000,TBIO,Telesis Bio Inc,헬스케어 장비 및 용품,-1.3191320616796287,4.9299333333333335,-0.018266666666666875
2022-08-23,2.07,2.09,1.94,1.96,1.96,146500,TBIO,Telesis Bio Inc,헬스케어 장비 및 용품,-5.807000399305595,4.8962,-0.016866666666666585
2022-08-24,1.92,1.98,1.9,1.93,1.93,54500,TBIO,Telesis Bio Inc,헬스케어 장비 및 용품,-7.3250880812409935,4.862466666666666,-0.01686666666666703
2022-08-25,1.985,1.985,1.89,1.96,1.96,48300,TBIO,Telesis Bio Inc,헬스케어 장비 및 용품,-7.14898251519982,4.828,-0.01723333333333299
2022-08-26,2.04,2.229,1.825,1.97,1.97,225600,TBIO,Telesis Bio Inc,헬스케어 장비 및 용품,-3.6427639404504997,4.7927333333333335,-0.01763333333333339
2022-08-29,1.92,1.989,1.865,1.92,1.92,44100,TBIO,Telesis Bio Inc,헬스케어 장비 및 용품,-5.621692280551905,4.7592,-0.01676666666666682
2022-08-30,1.92,2.06,1.9,2.01,2.01,86500,TBIO,Telesis Bio Inc,헬스케어 장비 및 용품,-0.24802541937852807,4.726999999999999,-0.016100000000000225
2022-08-31,2.01,2.02,1.92,1.92,1.92,38100,TBIO,Telesis Bio Inc,헬스케어 장비 및 용품,-3.865811589262258,4.694066666666666,-0.01646666666666663
2022-09-01,1.95,1.95,1.8,1.86,1.86,51400,TBIO,Telesis Bio Inc,헬스케어 장비 및 용품,-6.852297496533399,4.660733333333334,-0.016666666666666163
2022-09-02,1.9,1.9,1.81,1.85,1.85,18800,TBIO,Telesis Bio Inc,헬스케어 장비 및 용품,-5.747168518805868,4.6244,-0.01816666666666711
2022-09-06,1.85,1.9,1.76,1.76,1.76,85400,TBIO,Telesis Bio Inc,헬스케어 장비 및 용품,-9.006716608158062,4.583866666666666,-0.020266666666666655
2022-09-07,1.81,1.92,1.76,1.89,1.89,36600,TBIO,Telesis Bio Inc,헬스케어 장비 및 용품,-3.9931022251297743,4.547266666666666,-0.018299999999999983
2022-09-08,1.78,1.92,1.78,1.87,1.87,33500,TBIO,Telesis Bio Inc,헬스케어 장비 및 용품,-4.960324769990898,4.5104,-0.0184333333333333
2022-09-09,1.92,2.0,1.87,1.92,1.92,41800,TBIO,Telesis Bio Inc,헬스케어 장비 및 용품,-3.3632611411413493,4.473533333333334,-0.018433333333332858
2022-09-12,2.0,2.03,1.92,1.99,1.99,37800,TBIO,Telesis Bio Inc,헬스케어 장비 및 용품,-0.2021360936407035,4.436066666666667,-0.01873333333333349
2022-09-13,1.98,2.06,1.91,2.03,2.03,55300,TBIO,Telesis Bio Inc,헬스케어 장비 및 용품,6.7677403793107604,4.389866666666666,-0.023100000000000342
2022-09-14,2.0,2.13,1.99,2.1,2.1,50400,TBIO,Telesis Bio Inc,헬스케어 장비 및 용품,9.994235549187325,4.345066666666668,-0.02239999999999931
2022-09-15,2.08,2.14,2.0,2.12,2.12,28300,TBIO,Telesis Bio Inc,헬스케어 장비 및 용품,11.738752809849483,4.293400000000001,-0.025833333333333375
2022-09-16,2.06,2.26,1.91,1.95,1.95,135900,TBIO,Telesis Bio Inc,헬스케어 장비 및 용품,3.5304829311507246,4.239866666666667,-0.02676666666666705
2022-09-19,1.87,2.02,1.87,1.9,1.9,52600,TBIO,Telesis Bio Inc,헬스케어 장비 및 용품,0.16428192394006835,4.1854,-0.027233333333333665
2022-09-20,1.8,1.91,1.8,1.86,1.86,46300,TBIO,Telesis Bio Inc,헬스케어 장비 및 용품,-0.6687632556419687,4.135,-0.02519999999999989
2022-09-21,1.9,1.91,1.82,1.85,1.85,42100,TBIO,Telesis Bio Inc,헬스케어 장비 및 용품,0.3790793350940902,4.082866666666666,-0.026066666666666904
2022-09-22,1.82,2.0,1.797,1.98,1.98,118900,TBIO,Telesis Bio Inc,헬스케어 장비 및 용품,7.6729483362462325,4.028066666666667,-0.027399999999999647
2022-09-23,1.99,1.99,1.78,1.84,1.84,39300,TBIO,Telesis Bio Inc,헬스케어 장비 및 용품,1.4881539751710804,3.9749333333333334,-0.026566666666666627
2022-09-26,1.77,1.88,1.67,1.7,1.7,84700,TBIO,Telesis Bio Inc,헬스케어 장비 및 용품,-5.056868395404701,3.9226666666666663,-0.026133333333333564
2022-09-27,1.76,1.76,1.65,1.71,1.71,28500,TBIO,Telesis Bio Inc,헬스케어 장비 및 용품,-4.222003086959292,3.877466666666667,-0.02259999999999973
2022-09-28,1.69,1.81,1.67,1.78,1.78,12200,TBIO,Telesis Bio Inc,헬스케어 장비 및 용품,-1.9681089120136996,3.8338666666666668,-0.02180000000000004
2022-09-29,1.72,1.85,1.68,1.73,1.73,25600,TBIO,Telesis Bio Inc,헬스케어 장비 및 용품,-2.5632203046460633,3.7857333333333334,-0.02406666666666668
2022-09-30,1.7,1.754,1.66,1.66,1.66,54400,TBIO,Telesis Bio Inc,헬스케어 장비 및 용품,-5.01785161892625,3.7300666666666666,-0.027833333333333377
2022-10-03,1.68,1.7,1.55,1.61,1.61,67700,TBIO,Telesis Bio Inc,헬스케어 장비 및 용품,-9.891182016855693,3.6727999999999996,-0.02863333333333351
2022-10-04,1.6,1.76,1.6,1.69,1.69,92400,TBIO,Telesis Bio Inc,헬스케어 장비 및 용품,-8.177807761416966,3.6197333333333335,-0.026533333333333076
2022-10-05,1.64,1.792,1.64,1.68,1.68,19500,TBIO,Telesis Bio Inc,헬스케어 장비 및 용품,-8.24523296951163,3.5635999999999997,-0.028066666666666906
2022-10-06,1.63,1.72,1.63,1.69,1.69,25500,TBIO,Telesis Bio Inc,헬스케어 장비 및 용품,-6.594535996211759,3.5102666666666673,-0.026666666666666172
2022-10-07,1.65,1.68,1.55,1.55,1.55,39600,TBIO,Telesis Bio Inc,헬스케어 장비 및 용품,-11.440889168513934,3.4597333333333338,-0.02526666666666677
2022-10-10,1.56,1.69,1.55,1.64,1.64,101800,TBIO,Telesis Bio Inc,헬스케어 장비 및 용품,-5.294568672391609,3.4152,-0.02226666666666688
2022-10-11,1.61,1.8,1.61,1.68,1.68,71900,TBIO,Telesis Bio Inc,헬스케어 장비 및 용품,-1.8560098213066367,3.365266666666667,-0.02496666666666658
2022-10-12,1.65,1.82,1.62,1.77,1.77,60300,TBIO,Telesis Bio Inc,헬스케어 장비 및 용품,4.150985895768433,3.3110666666666666,-0.027100000000000124
2022-10-13,1.75,1.88,1.75,1.88,1.88,30100,TBIO,Telesis Bio Inc,헬스케어 장비 및 용품,8.178306468058683,3.2614666666666663,-0.024800000000000155
2022-10-14,1.95,1.95,1.78,1.88,1.88,16800,TBIO,Telesis Bio Inc,헬스케어 장비 및 용품,10.55212150578393,3.2126666666666663,-0.024399999999999977
2022-10-17,1.9,2.0,1.82,1.92,1.92,23200,TBIO,Telesis Bio Inc,헬스케어 장비 및 용품,9.589509535180563,3.1641333333333335,-0.024266666666666437
2022-10-18,1.95,2.0,1.87,1.89,1.89,36700,TBIO,Telesis Bio Inc,헬스케어 장비 및 용품,6.3714552731793495,3.115333333333333,-0.0244000000000002
2022-10-19,1.86,1.924,1.775,1.82,1.82,27300,TBIO,Telesis Bio Inc,헬스케어 장비 및 용품,3.0723160375393244,3.0613333333333337,-0.02699999999999969
2022-10-20,1.88,2.01,1.83,1.86,1.86,93600,TBIO,Telesis Bio Inc,헬스케어 장비 및 용품,6.398776291579478,3.0071333333333334,-0.027100000000000124
2022-10-21,1.849,1.94,1.81,1.93,1.93,37500,TBIO,Telesis Bio Inc,헬스케어 장비 및 용품,7.662919310094196,2.9509333333333334,-0.028100000000000014
2022-10-24,1.92,2.04,1.79,1.86,1.86,60400,TBIO,Telesis Bio Inc,헬스케어 장비 및 용품,2.2751943240216566,2.904466666666667,-0.023233333333333217
2022-10-25,1.85,1.958,1.85,1.91,1.91,56900,TBIO,Telesis Bio Inc,헬스케어 장비 및 용품,3.062732670404489,2.855866666666667,-0.02429999999999999
2022-10-26,1.91,1.99,1.76,1.79,1.79,45800,TBIO,Telesis Bio Inc,헬스케어 장비 및 용품,-2.5786326358026135,2.8274,-0.014233333333333542
2022-10-27,1.79,1.86,1.67,1.72,1.72,128100,TBIO,Telesis Bio Inc,헬스케어 장비 및 용품,-5.584729371286179,2.8035333333333337,-0.01193333333333313
2022-10-28,1.73,1.73,1.67,1.69,1.69,91500,TBIO,Telesis Bio Inc,헬스케어 장비 및 용품,-9.178859182526944,2.7840000000000003,-0.009766666666666701
2022-10-31,1.68,1.72,1.61,1.62,1.62,82700,TBIO,Telesis Bio Inc,헬스케어 장비 및 용품,-12.109058440070719,2.7673333333333336,-0.008333333333333304
2022-11-01,1.67,1.7,1.57,1.59,1.59,59900,TBIO,Telesis Bio Inc,헬스케어 장비 및 용품,-13.075868834419335,2.7462,-0.010566666666666835
2022-11-02,1.64,1.66,1.52,1.55,1.55,123100,TBIO,Telesis Bio Inc,헬스케어 장비 및 용품,-12.797499182534244,2.723666666666667,-0.011266666666666536
2022-11-03,1.55,1.66,1.46,1.55,1.55,225200,TBIO,Telesis Bio Inc,헬스케어 장비 및 용품,-11.54035744689782,2.6982,-0.012733333333333485
2022-11-04,1.545,1.62,1.52,1.53,1.53,28300,TBIO,Telesis Bio Inc,헬스케어 장비 및 용품,-13.670880824771181,2.670533333333333,-0.013833333333333364
2022-11-07,1.53,1.63,1.53,1.6,1.6,16600,TBIO,Telesis Bio Inc,헬스케어 장비 및 용품,-10.259220682564186,2.6419333333333337,-0.014299999999999757
2022-11-08,1.695,1.7,1.6,1.67,1.67,93200,TBIO,Telesis Bio Inc,헬스케어 장비 및 용품,-6.536470143557982,2.6100666666666665,-0.015933333333333577
2022-11-09,1.92,1.92,1.38,1.45,1.45,349100,TBIO,Telesis Bio Inc,헬스케어 장비 및 용품,-16.157022379247053,2.584,-0.01303333333333323
2022-11-10,1.5,1.59,1.43,1.48,1.48,122600,TBIO,Telesis Bio Inc,헬스케어 장비 및 용품,-17.684289680296917,2.557733333333333,-0.013133333333333441
2022-11-11,1.57,1.63,1.48,1.59,1.59,257100,TBIO,Telesis Bio Inc,헬스케어 장비 및 용품,-11.13931224928082,2.5342666666666664,-0.011733333333333373
2022-11-14,1.6,1.655,1.45,1.6,1.6,163500,TBIO,Telesis Bio Inc,헬스케어 장비 및 용품,-8.573444682295928,2.5122666666666666,-0.010999999999999899
2022-11-15,1.73,1.805,1.57,1.67,1.67,248500,TBIO,Telesis Bio Inc,헬스케어 장비 및 용품,-4.42853649283772,2.493733333333333,-0.009266666666666756
2022-11-16,1.65,1.72,1.61,1.67,1.67,40100,TBIO,Telesis Bio Inc,헬스케어 장비 및 용품,-2.848892688702198,2.474733333333333,-0.009500000000000064
2022-11-17,1.65,1.7,1.45,1.64,1.64,74400,TBIO,Telesis Bio Inc,헬스케어 장비 및 용품,-3.275531348992766,2.4551999999999996,-0.009766666666666701
2022-11-18,1.63,1.65,1.58,1.61,1.61,36800,TBIO,Telesis Bio Inc,헬스케어 장비 및 용품,-4.288561314952089,2.4389333333333334,-0.008133333333333104
2022-11-21,1.55,1.605,1.45,1.49,1.49,48200,TBIO,Telesis Bio Inc,헬스케어 장비 및 용품,-9.880997302560102,2.421466666666667,-0.00873333333333326
2022-11-22,1.589,1.589,1.44,1.49,1.49,43400,TBIO,Telesis Bio Inc,헬스케어 장비 및 용품,-9.7651639696266,2.403066666666667,-0.009199999999999875
2022-11-23,1.49,1.51,1.43,1.5,1.5,51400,TBIO,Telesis Bio Inc,헬스케어 장비 및 용품,-8.64346859068319,2.384666666666667,-0.009200000000000097
2022-11-25,1.47,1.53,1.47,1.52,1.52,24700,TBIO,Telesis Bio Inc,헬스케어 장비 및 용품,-6.548448154167774,2.367266666666667,-0.00869999999999993
2022-11-28,1.53,1.53,1.4,1.42,1.42,47600,TBIO,Telesis Bio Inc,헬스케어 장비 및 용품,-10.4964395898421,2.3477333333333337,-0.009766666666666701
2022-11-29,1.42,1.43,1.38,1.4,1.4,35400,TBIO,Telesis Bio Inc,헬스케어 장비 및 용품,-10.896797757998321,2.3303333333333334,-0.008700000000000152
2022-11-30,1.38,1.45,1.35,1.45,1.45,76400,TBIO,Telesis Bio Inc,헬스케어 장비 및 용품,-9.838154982264902,2.3129333333333335,-0.00869999999999993
2022-12-01,1.42,1.452,1.355,1.36,1.36,69700,TBIO,Telesis Bio Inc,헬스케어 장비 및 용품,-14.507980843304901,2.296,-0.008466666666666844
2022-12-02,1.38,1.39,1.35,1.38,1.38,50800,TBIO,Telesis Bio Inc,헬스케어 장비 및 용품,-12.27299052655263,2.280533333333333,-0.00773333333333337
2022-12-05,1.43,1.43,1.34,1.34,1.34,67700,TBIO,Telesis Bio Inc,헬스케어 장비 및 용품,-12.463000610218211,2.2618,-0.009366666666666523
2022-12-06,1.34,1.39,1.213,1.22,1.22,121500,TBIO,Telesis Bio Inc,헬스케어 장비 및 용품,-17.950847031160876,2.2422666666666666,-0.009766666666666701
2022-12-07,1.24,1.24,1.08,1.13,1.13,221400,TBIO,Telesis Bio Inc,헬스케어 장비 및 용품,-22.328038445409504,2.2208,-0.010733333333333261
2022-12-08,1.17,1.22,1.1,1.2,1.2,43500,TBIO,Telesis Bio Inc,헬스케어 장비 및 용품,-17.19125496868554,2.2020666666666666,-0.009366666666666745
2022-12-09,1.25,1.25,1.15,1.18,1.18,72600,TBIO,Telesis Bio Inc,헬스케어 장비 및 용품,-17.128032883758305,2.183,-0.009533333333333394
2022-12-12,1.2,1.26,1.14,1.23,1.23,69900,TBIO,Telesis Bio Inc,헬스케어 장비 및 용품,-13.760610367738202,2.1662,-0.008399999999999963
2022-12-13,1.22,1.3,1.22,1.26,1.26,35700,TBIO,Telesis Bio Inc,헬스케어 장비 및 용품,-11.167381644005747,2.148,-0.009099999999999886
2022-12-14,1.25,1.28,1.19,1.21,1.21,49100,TBIO,Telesis Bio Inc,헬스케어 장비 및 용품,-12.744850396020446,2.1330666666666667,-0.0074666666666667325
2022-12-15,1.18,1.24,1.18,1.2,1.2,18900,TBIO,Telesis Bio Inc,헬스케어 장비 및 용품,-9.774942995996916,2.1164,-0.008333333333333304
2022-12-16,1.31,1.31,1.2,1.21,1.21,206900,TBIO,Telesis Bio Inc,헬스케어 장비 및 용품,-6.610684503035635,2.099066666666667,-0.0086666666666666
2022-12-19,1.29,1.29,1.13,1.15,1.15,28600,TBIO,Telesis Bio Inc,헬스케어 장비 및 용품,-9.01746632205931,2.0791333333333335,-0.00996666666666668
2022-12-20,1.19,1.215,1.1,1.12,1.12,38200,TBIO,Telesis Bio Inc,헬스케어 장비 및 용품,-10.343357708757761,2.057,-0.01106666666666678
2022-12-21,1.117,1.182,1.11,1.17,1.17,25400,TBIO,Telesis Bio Inc,헬스케어 장비 및 용품,-6.706911149364069,2.036,-0.010499999999999954
2022-12-22,1.17,1.17,1.1,1.16,1.16,13000,TBIO,Telesis Bio Inc,헬스케어 장비 및 용품,-5.136021757279807,2.0141999999999998,-0.010900000000000132
2022-12-23,1.123,1.26,1.123,1.24,1.24,49200,TBIO,Telesis Bio Inc,헬스케어 장비 및 용품,1.689243678909813,1.9946666666666666,-0.00976666666666659
2022-12-27,1.31,1.31,1.14,1.19,1.19,42400,TBIO,Telesis Bio Inc,헬스케어 장비 및 용품,-1.2755956752669273,1.9715999999999996,-0.011533333333333506
2022-12-28,1.18,1.23,1.14,1.21,1.21,24200,TBIO,Telesis Bio Inc,헬스케어 장비 및 용품,2.1552922036098376,1.9497333333333335,-0.010933333333333017
2022-12-29,1.25,1.27,1.174,1.232,1.232,38600,TBIO,Telesis Bio Inc,헬스케어 장비 및 용품,2.807574885859321,1.9301466666666667,-0.009793333333333432
2022-12-30,1.23,1.31,1.17,1.2,1.2,83400,TBIO,Telesis Bio Inc,헬스케어 장비 및 용품,0.7332492145865954,1.9105466666666666,-0.009800000000000031
2023-01-03,1.2,1.309,1.2,1.3,1.3,20000,TBIO,Telesis Bio Inc,헬스케어 장비 및 용품,9.547987152446469,1.8915466666666665,-0.009500000000000064
2023-01-04,1.3,1.39,1.3,1.36,1.36,18300,TBIO,Telesis Bio Inc,헬스케어 장비 및 용품,13.419811714027041,1.8740800000000002,-0.008733333333333149
2023-01-05,1.34,1.44,1.32,1.4,1.4,36400,TBIO,Telesis Bio Inc,헬스케어 장비 및 용품,17.03904404138783,1.86008,-0.007000000000000117
2023-01-06,1.45,1.59,1.405,1.48,1.48,64500,TBIO,Telesis Bio Inc,헬스케어 장비 및 용품,19.20471973428459,1.84608,-0.007000000000000006
2023-01-09,1.6,1.89,1.6,1.65,1.65,282500,TBIO,Telesis Bio Inc,헬스케어 장비 및 용품,30.518388949288934,1.8328799999999996,-0.006600000000000161
2023-01-10,1.62,1.87,1.6,1.72,1.72,172100,TBIO,Telesis Bio Inc,헬스케어 장비 및 용품,32.283436063022705,1.8206799999999999,-0.006099999999999883
2023-01-11,1.76,2.069,1.645,1.67,1.67,210200,TBIO,Telesis Bio Inc,헬스케어 장비 및 용품,24.694930703961028,1.8072133333333333,-0.006733333333333258
2023-01-12,1.72,2.04,1.67,2.04,2.04,73300,TBIO,Telesis Bio Inc,헬스케어 장비 및 용품,47.461160739157314,1.7967466666666667,-0.005233333333333312
2023-01-13,2.25,2.25,2.1,2.15,2.15,85300,TBIO,Telesis Bio Inc,헬스케어 장비 및 용품,49.73319458160663,1.7878133333333335,-0.004466666666666619
2023-01-17,2.14,2.23,1.88,1.96,1.96,78600,TBIO,Telesis Bio Inc,헬스케어 장비 및 용품,33.378221650405514,1.7798133333333332,-0.004000000000000115
2023-01-18,1.9,2.01,1.845,1.85,1.85,26400,TBIO,Telesis Bio Inc,헬스케어 장비 및 용품,25.217053129628496,1.7725466666666667,-0.0036333333333332662
2023-01-19,1.91,1.99,1.85,1.98,1.98,47400,TBIO,Telesis Bio Inc,헬스케어 장비 및 용품,31.436877916070216,1.767813333333333,-0.00236666666666685
2023-01-20,2.0,2.0,1.89,1.94,1.94,31300,TBIO,Telesis Bio Inc,헬스케어 장비 및 용품,23.27532230958589,1.7626799999999998,-0.002566666666666606
2023-01-23,1.94,1.96,1.846,1.89,1.89,20800,TBIO,Telesis Bio Inc,헬스케어 장비 및 용품,16.216244503983866,1.7590800000000002,-0.0017999999999998018
2023-01-24,1.99,1.99,1.88,1.88,1.88,8100,TBIO,Telesis Bio Inc,헬스케어 장비 및 용품,13.378044463028903,1.7557466666666668,-0.0016666666666667052
2023-01-25,1.97,1.98,1.7,1.76,1.76,53300,TBIO,Telesis Bio Inc,헬스케어 장비 및 용품,4.693099620589769,1.7532133333333335,-0.0012666666666666382
2023-01-26,1.75,1.87,1.75,1.87,1.87,8900,TBIO,Telesis Bio Inc,헬스케어 장비 및 용품,8.091403626717586,1.7519466666666668,-0.0006333333333333746
2023-01-27,1.86,1.94,1.81,1.89,1.89,20600,TBIO,Telesis Bio Inc,헬스케어 장비 및 용품,7.15874951572173,1.7512133333333335,-0.0003666666666666263
2023-01-30,1.91,1.92,1.76,1.82,1.82,20600,TBIO,Telesis Bio Inc,헬스케어 장비 및 용품,2.9663020876332657,1.7491466666666668,-0.0010333333333333306
2023-01-31,1.81,1.91,1.75,1.84,1.84,40300,TBIO,Telesis Bio Inc,헬스케어 장비 및 용품,1.0020625832036556,1.74508,-0.0020333333333334425
2023-02-01,1.918,1.918,1.72,1.72,1.72,96900,TBIO,Telesis Bio Inc,헬스케어 장비 및 용품,-7.366068065536979,1.74128,-0.0019000000000000128
2023-02-02,1.902,1.91,1.78,1.87,1.87,144500,TBIO,Telesis Bio Inc,헬스케어 장비 및 용품,-1.7752399709514588,1.7409466666666666,-0.0001666666666666483
2023-02-03,1.92,2.03,1.87,2.03,2.03,81100,TBIO,Telesis Bio Inc,헬스케어 장비 및 용품,6.307899581262655,1.74248,0.0007666666666666933
2023-02-06,2.05,2.06,1.99,2.06,2.06,21400,TBIO,Telesis Bio Inc,헬스케어 장비 및 용품,7.139968371604755,1.7438133333333334,0.0006666666666667043
2023-02-07,2.11,2.11,1.96,1.97,1.97,18100,TBIO,Telesis Bio Inc,헬스케어 장비 및 용품,0.6280266133499524,1.7438133333333334,0.0
2023-02-08,2.03,2.03,1.8,1.84,1.84,23700,TBIO,Telesis Bio Inc,헬스케어 장비 및 용품,-5.039816118279283,1.742813333333333,-0.000500000000000167
2023-02-09,1.82,1.84,1.77,1.77,1.77,29100,TBIO,Telesis Bio Inc,헬스케어 장비 및 용품,-7.965485079555679,1.7410133333333333,-0.0008999999999999009
2023-02-10,1.7,1.83,1.7,1.83,1.83,39200,TBIO,Telesis Bio Inc,헬스케어 장비 및 용품,-4.3970057047195255,1.7394133333333333,-0.0008000000000000229
2023-02-13,1.82,1.85,1.78,1.8,1.8,18900,TBIO,Telesis Bio Inc,헬스케어 장비 및 용품,-5.998622567641032,1.7390800000000002,-0.0001666666666665373
2023-02-14,1.75,1.855,1.75,1.82,1.82,18200,TBIO,Telesis Bio Inc,헬스케어 장비 및 용품,-4.399921985537391,1.7391466666666668,3.333333333332966e-05
2023-02-15,1.825,1.83,1.77,1.83,1.83,11700,TBIO,Telesis Bio Inc,헬스케어 장비 및 용품,-3.830674142882773,1.7390799999999997,-3.333333333355171e-05
2023-02-16,1.76,2.09,1.76,1.96,1.96,170000,TBIO,Telesis Bio Inc,헬스케어 장비 및 용품,4.768515464521239,1.73988,0.000400000000000178
2023-02-17,2.06,2.06,1.94,1.96,1.96,40200,TBIO,Telesis Bio Inc,헬스케어 장비 및 용품,5.149432771688267,1.7416133333333335,0.0008666666666666822
2023-02-21,1.89,1.911,1.65,1.74,1.74,61700,TBIO,Telesis Bio Inc,헬스케어 장비 및 용품,-4.379052409818096,1.7418799999999999,0.00013333333333320763
2023-02-22,1.71,1.8,1.67,1.72,1.72,24100,TBIO,Telesis Bio Inc,헬스케어 장비 및 용품,-4.942317560013764,1.7417466666666668,-6.66666666665483e-05
2023-02-23,1.826,1.826,1.69,1.73,1.73,13600,TBIO,Telesis Bio Inc,헬스케어 장비 및 용품,-4.822491894861591,1.7404133333333334,-0.0006666666666667043
2023-02-24,1.735,1.735,1.605,1.63,1.63,38700,TBIO,Telesis Bio Inc,헬스케어 장비 및 용품,-8.866460391955943,1.7382133333333332,-0.001100000000000101
2023-02-27,1.866,1.866,1.66,1.74,1.74,12600,TBIO,Telesis Bio Inc,헬스케어 장비 및 용품,-2.718885307591956,1.7370800000000002,-0.0005666666666664932
2023-02-28,1.71,1.8,1.71,1.79,1.79,12200,TBIO,Telesis Bio Inc,헬스케어 장비 및 용품,0.40503614568301316,1.7364800000000002,-0.00029999999999996696
2023-03-01,1.71,1.8,1.71,1.78,1.78,36000,TBIO,Telesis Bio Inc,헬스케어 장비 및 용품,0.3279981959740663,1.73568,-0.000400000000000178
2023-03-02,1.726,1.761,1.71,1.75,1.75,16900,TBIO,Telesis Bio Inc,헬스케어 장비 및 용품,-2.3443554988248017,1.73428,-0.0006999999999999229
