Date,Symbol,Name,Industry,Open,High,Low,Close,Adj Close,Volume,RS,50MA,150MA,200MA,MA150_Slope,MA200_Slope,ATR,TC,ATC,TRS,ATRS,ATRS150,IsOriginData_NaN
2018-03-19,CPF,Central Pacific Financial Corp,은행,29.5,29.58,29.139999,29.5,24.262493,111100.0,,,,,,,,,,,,,False
2018-03-20,CPF,Central Pacific Financial Corp,은행,29.58,29.66,29.129999,29.17,23.991083,103600.0,,,,,,,,,,,,,False
2018-03-21,CPF,Central Pacific Financial Corp,은행,29.16,29.42,28.959999,29.17,23.991083,71500.0,,,,,,,,,,,,,False
2018-03-22,CPF,Central Pacific Financial Corp,은행,28.879999,29.09,28.25,28.309999,23.28377,144800.0,,,,,,,,,,,,,False
2018-03-23,CPF,Central Pacific Financial Corp,은행,28.360001,28.360001,27.469999,27.469999,22.592899,137100.0,,,,,,,,,,,,,False
2018-03-26,CPF,Central Pacific Financial Corp,은행,27.860001,28.389999,27.809999,28.33,23.300217,122000.0,,,,,,,,,,,,,False
2018-03-27,CPF,Central Pacific Financial Corp,은행,28.35,28.52,28.040001,28.139999,23.143953,186400.0,,,,,,,,,,,,,False
2018-03-28,CPF,Central Pacific Financial Corp,은행,28.15,28.83,28.0,28.57,23.497608,180100.0,,,,,,,,,,,,,False
2018-03-29,CPF,Central Pacific Financial Corp,은행,28.709999,28.790001,28.34,28.459999,23.407137,193400.0,,,,,,,,,,,,,False
2018-04-02,CPF,Central Pacific Financial Corp,은행,28.34,28.610001,27.93,28.200001,23.193302,180800.0,,,,,,,,,,,,,False
2018-04-03,CPF,Central Pacific Financial Corp,은행,28.41,28.82,28.299999,28.73,23.629204,120700.0,,,,,,,,,,,,,False
2018-04-04,CPF,Central Pacific Financial Corp,은행,28.299999,29.08,28.299999,29.0,23.851269,105700.0,,,,,,,,,,,,,False
2018-04-05,CPF,Central Pacific Financial Corp,은행,29.17,29.370001,28.84,29.299999,24.098009,107100.0,,,,,,,,,,,,,False
2018-04-06,CPF,Central Pacific Financial Corp,은행,29.07,29.290001,28.450001,28.65,23.563404,134500.0,,,,,,,,,,,,,False
2018-04-09,CPF,Central Pacific Financial Corp,은행,28.809999,29.190001,28.620001,28.700001,23.60453,149100.0,,,,,,,0.6792859999999996,0.07360817093242282,,-0.0801825191720602,,,False
2018-04-10,CPF,Central Pacific Financial Corp,은행,29.02,29.290001,28.75,29.18,23.99931,99700.0,,,,,,,0.6835716428571426,0.702192674338764,,-0.03580816296034495,,,False
2018-04-11,CPF,Central Pacific Financial Corp,은행,28.99,29.209999,28.879999,29.049999,23.892389,169200.0,,,,,,,0.6742858571428566,-0.1927980523732942,,0.05722318737709567,,,False
2018-04-12,CPF,Central Pacific Financial Corp,은행,29.17,29.629999,29.01,29.469999,24.237823,112400.0,,,,,,,0.6528572142857136,0.6433259690015384,,0.2541437262262337,,,False
2018-04-13,CPF,Central Pacific Financial Corp,은행,29.68,29.68,29.049999,29.17,23.991083,99900.0,,,,,,,0.6342857142857137,-0.47297139639639635,,-0.32897274140711785,,,False
2018-04-16,CPF,Central Pacific Financial Corp,은행,29.440001,29.52,29.200001,29.440001,24.213144,142600.0,0.9833275933060603,,,,,,0.593571428571428,0.45487533092658994,,0.026965983292479512,,,False
2018-04-17,CPF,Central Pacific Financial Corp,은행,29.620001,29.879999,29.040001,29.24,24.048658,147300.0,-0.7289057175022484,,,,,,0.6192856428571424,-0.32295436250915444,,-0.9271190448810925,,,False
2018-04-18,CPF,Central Pacific Financial Corp,은행,29.360001,29.48,29.08,29.25,24.056879,145600.0,-0.8058976730622169,,,,,,0.5885713571428569,0.016990293324067388,,-0.032550445780856224,,,False
2018-04-19,CPF,Central Pacific Financial Corp,은행,29.23,29.73,29.23,29.65,24.38586,138000.0,1.0121618516013342,,,,,,0.5921427142857141,0.6755128288330084,,1.0323517452124862,,,False
2018-04-20,CPF,Central Pacific Financial Corp,은행,29.75,29.98,29.68,29.940001,24.624374,129700.0,2.6408725716300374,,,,,,0.5671426428571428,0.5113369690190063,,1.0915050527590622,,,False
2018-04-23,CPF,Central Pacific Financial Corp,은행,30.0,30.379999,29.9,30.379999,24.986256,91200.0,3.7806562697349166,,,,,,0.557142642857143,0.7897403037462755,,0.7858185084173003,,,False
2018-04-24,CPF,Central Pacific Financial Corp,은행,30.450001,31.059999,30.4,31.02,25.512634,174600.0,6.859151032699695,,,,,,0.5499997142857145,1.163638786305859,,2.114680698534595,,,False
2018-04-25,CPF,Central Pacific Financial Corp,은행,30.780001,31.610001,30.629999,31.190001,25.652449,249200.0,6.740967036840462,,,,,,0.582142642857143,0.29202636516307773,,0.16447271270180921,,,False
2018-04-26,CPF,Central Pacific Financial Corp,은행,30.99,31.0,29.719999,29.790001,24.501005,324100.0,0.8046930503391891,,,,,,0.626428642857143,-2.2348914213350692,0.14997374706976396,-3.0189969623608626,0.07882369556848053,,False
2018-04-27,CPF,Central Pacific Financial Corp,은행,29.639999,30.030001,29.639999,29.85,24.550354,144300.0,0.7120394781236827,,,,,,0.6135716428571428,0.09778646177422959,0.1517007678441787,0.007588245766587107,0.08509303592124104,,False
2018-04-30,CPF,Central Pacific Financial Corp,은행,29.91,29.91,29.08,29.08,23.917065,286500.0,-1.1024079232840767,,,,,,0.6307145000000001,-1.220837637314511,0.01434145986894483,-0.5308171215664828,0.049735253163659766,,False
2018-05-01,CPF,Central Pacific Financial Corp,은행,29.0,29.469999,28.860001,29.41,24.188475,241400.0,-0.2744437511668196,,,,,,0.6507143571428574,0.5071349607974822,0.06433667509542886,0.29769367614235465,0.06691171664689256,,False
2018-05-02,CPF,Central Pacific Financial Corp,은행,29.42,29.76,29.18,29.6,24.34474,152000.0,0.9778002410864461,,,,,,0.6478572857142861,0.29327446675315133,0.0393329963634012,0.8913037471593324,0.11242314671354246,,False
2018-05-03,CPF,Central Pacific Financial Corp,은행,29.43,29.450001,29.0,29.25,24.056879,88100.0,-0.0445169705312054,,,,,,0.6457143571428576,-0.5420353382704289,0.03439985765811317,-0.3593282826210081,0.11025489376969315,,False
2018-05-04,CPF,Central Pacific Financial Corp,은행,29.190001,29.860001,29.049999,29.559999,24.31184,79500.0,-0.3068983879900844,,,,,,0.6785716428571436,0.45684048731353166,0.034540225971466144,-0.5246166965327076,0.07085613092503693,,False
2018-05-07,CPF,Central Pacific Financial Corp,은행,29.690001,29.92,29.370001,29.51,24.270716,144100.0,-0.8446229167316077,,,,,,0.6578574285714295,-0.07600279000964545,0.052179624007145355,-0.3532916456035646,0.1118438023020032,,False
2018-05-08,CPF,Central Pacific Financial Corp,은행,29.5,29.889999,29.5,29.83,24.533903,187300.0,0.17563133465499092,,,,,,0.6571430714285721,0.4869563629490066,0.0857486289803553,0.508002020260798,0.15045469273354994,,False
2018-05-09,CPF,Central Pacific Financial Corp,은행,29.889999,30.110001,29.73,30.01,24.681952,77000.0,-0.24415452788075775,,,,,,0.6485717142857149,0.27753291738638475,0.057321492448453616,-0.4851303499965204,0.04206311450433519,,False
2018-05-10,CPF,Central Pacific Financial Corp,은행,29.950001,30.040001,29.690001,29.91,24.599701,79700.0,-1.4649250437255845,,,,,,0.6500002857142864,-0.1538460862215026,0.009808417074131551,-0.90705915494189,-0.10069147176001854,,False
2018-05-11,CPF,Central Pacific Financial Corp,은행,29.870001,30.030001,29.719999,29.799999,24.509235,74300.0,-1.9697920639952904,,,,,,0.6378576428571431,-0.17245384018176088,-0.05891973606358534,-0.31384325551588377,-0.1792387406123888,,False
2018-05-14,CPF,Central Pacific Financial Corp,은행,29.959999,29.959999,29.299999,29.389999,24.172024,176900.0,-3.3045764916623477,,,,,,0.6364290714285717,-0.6442194714325139,-0.18805246875918338,-0.726344689325747,-0.3821691254595561,,False
2018-05-15,CPF,Central Pacific Financial Corp,은행,29.299999,29.83,29.299999,29.67,24.402311,141900.0,-1.7719100193502646,,,,,,0.6042861428571431,0.463358300218703,-0.1758144733980673,1.1068426501496715,-0.3148569870704231,,False
2018-05-16,CPF,Central Pacific Financial Corp,은행,29.67,29.93,29.51,29.65,24.38586,414600.0,-2.275504985512533,,,,,,0.5292860000000003,-0.037786754231177694,-0.01887842574778933,-0.43748541480261194,-0.1304633051019766,,False
2018-05-17,CPF,Central Pacific Financial Corp,은행,29.73,30.09,29.58,29.860001,24.558584,224600.0,-1.484872927967995,,,,,,0.5378572857142861,0.39044000253917915,0.0020253985925642076,0.4745365179978608,-0.09710985708545704,,False
2018-05-18,CPF,Central Pacific Financial Corp,은행,29.99,30.129999,29.77,29.82,24.525679,537300.0,-1.2591689867332723,,,,,,0.5042857857142862,-0.07932208508185791,0.08356222375203941,0.1960436291319801,-0.04519123203556685,,False
2018-05-21,CPF,Central Pacific Financial Corp,은행,29.84,30.27,29.83,30.15,24.797091,144300.0,-0.7445837909669906,,,,,,0.4928573571428575,0.6695649262761151,0.09516436414337034,-0.1089473541360041,-0.07423701991259248,,False
2018-05-22,CPF,Central Pacific Financial Corp,은행,30.200001,30.549999,30.190001,30.209999,24.846439,96400.0,0.0744973307527319,,,,,,0.48000014285714315,0.12499787946491935,0.08314460790849662,0.4662694863731135,-0.10459660996875096,,False
2018-05-23,CPF,Central Pacific Financial Corp,은행,30.139999,30.209999,29.870001,29.99,24.665497,116200.0,-0.5969358044116468,,,,,,0.46142857142857174,-0.47677801857585406,0.08780584502953769,-0.849032426727534,-0.1395754774049314,,False
2018-05-24,CPF,Central Pacific Financial Corp,은행,29.959999,30.07,29.549999,29.84,24.542131,144600.0,-0.7899143709423684,,,,,,0.4407142142857146,-0.3403566191825928,0.03086319456552879,-0.08496246446041861,-0.10817160368548216,,False
2018-05-25,CPF,Central Pacific Financial Corp,은행,29.68,29.9,29.610001,29.860001,24.558584,148300.0,-0.39509209912739207,,,,,,0.42214278571428565,0.04737970344834381,0.03967622981252803,0.35151792613044225,-0.05782806284733882,,False
2018-05-29,CPF,Central Pacific Financial Corp,은행,29.66,29.82,29.17,29.43,24.204922,185000.0,-0.6626202191601038,29.402999920000003,,,,,0.4435714999999999,-0.9694062851197628,-0.0643496736209555,0.41016151659979594,-0.0648166702516961,,False
2018-05-30,CPF,Central Pacific Financial Corp,은행,29.5,29.799999,29.459999,29.74,24.635674,131700.0,-0.802531575294485,29.407799920000002,,,,,0.4428570714285713,0.7000001129032414,-0.034173445369751455,-0.7510240408205586,-0.08380907673912741,,False
2018-05-31,CPF,Central Pacific Financial Corp,은행,29.700001,29.77,29.34,29.440001,24.387165,96900.0,-0.9663422894845008,29.41319994,,,,,0.4485713571428569,-0.6687876861126886,-0.0709549882191219,0.1397160594964728,-0.009039418564958632,,False
2018-06-01,CPF,Central Pacific Financial Corp,은행,29.75,29.82,29.469999,29.57,24.494852,146000.0,-1.457812716334539,29.42119994,,,,,0.4535711428571429,0.28661214904702637,-0.03816456041706565,-0.919260378516007,-0.052283498779253146,,False
2018-06-04,CPF,Central Pacific Financial Corp,은행,29.75,29.889999,29.57,29.809999,24.693661,113100.0,-0.9899877069833418,29.451199940000002,,,,,0.42928535714285715,0.5590663552964709,0.047784427206433264,0.05265861725867216,0.0033595945482053674,,False
2018-06-05,CPF,Central Pacific Financial Corp,은행,29.709999,29.860001,29.57,29.84,24.718512,136900.0,-0.8758633769732849,29.49859996,,,,,0.41214250000000013,0.07279278404920289,0.019886890337183254,-0.0107178941562565,-0.07646615861650377,,False
2018-06-06,CPF,Central Pacific Financial Corp,은행,30.0,30.23,29.860001,30.209999,25.025007,139700.0,-0.3776365781203328,29.536199939999996,,,,,0.40999964285714313,0.9024373714611242,0.08704575645806198,-0.09315622259561229,-0.0518712163160038,,False
2018-06-07,CPF,Central Pacific Financial Corp,은행,30.25,30.48,30.190001,30.280001,25.082994,138900.0,0.013250304632328458,29.57899998,,,,,0.394285285714286,0.17754149732771127,0.07183872037152854,0.26146438577949316,-0.06709065433160148,,False
2018-06-08,CPF,Central Pacific Financial Corp,은행,30.209999,30.52,30.15,30.190001,25.008438,80500.0,-0.5399479239757476,29.6114,,,,,0.39499964285714306,-0.22784830727695005,0.06122970450045053,-0.5895932090007939,-0.12320757134108536,,False
2018-06-11,CPF,Central Pacific Financial Corp,은행,30.18,30.290001,29.719999,29.83,24.710224,79600.0,-1.739845748772062,29.638800020000005,,,,,0.40357121428571446,-0.8920383497548767,-0.05031338664462031,-1.0219299863646485,-0.18842061650027425,,False
2018-06-12,CPF,Central Pacific Financial Corp,은행,29.950001,29.959999,29.389999,29.52,24.453436,66000.0,-2.853455487793777,29.6652,,,,,0.415714142857143,-0.7457047236098674,-0.11250642972139079,-0.9641988541330313,-0.29059692653642744,,False
2018-06-13,CPF,Central Pacific Financial Corp,은행,29.459999,29.59,29.139999,29.290001,24.262909,150300.0,-3.0473524540496455,29.676400019999996,,,,,0.42357150000000005,-0.5429992338955746,-0.11723651652994226,-0.02593830463350133,-0.23180448924399652,,False
2018-06-14,CPF,Central Pacific Financial Corp,은행,29.370001,29.4,28.959999,29.209999,24.196638,87000.0,-3.3760630646624823,29.6806,,,,,0.4178572142857142,-0.191457745049959,-0.10660088266332556,-0.5211349225998303,-0.2629596648253831,,False
2018-06-15,CPF,Central Pacific Financial Corp,은행,29.129999,29.389999,28.940001,29.219999,24.204922,195700.0,-3.036922850087087,29.679000000000002,,,,,0.4292857142857144,0.023294509151417946,-0.10832125368453453,0.15552795442340553,-0.2769589485187428,,False
2018-06-18,CPF,Central Pacific Financial Corp,은행,29.07,29.52,28.91,29.309999,24.279474,86100.0,-2.339738974950578,29.69219998,,,,,0.4235713571428573,0.21247895657317944,-0.02390087927789582,0.5104759636719963,-0.26979363087072855,,False
2018-06-19,CPF,Central Pacific Financial Corp,은행,29.110001,29.889999,29.110001,29.809999,24.693661,186300.0,-0.16122905338527005,29.714399940000003,,,,,0.4528570000000001,1.104101294669178,0.0049634908482425145,1.685498681431799,-0.09575629356698871,,False
2018-06-20,CPF,Central Pacific Financial Corp,은행,30.08,30.120001,29.610001,29.780001,24.66881,135700.0,-0.2812282881999528,29.72639996,,,,,0.4585712857142857,-0.06541621975583745,0.04806145273087473,-0.3224108339456054,-0.12876535738428002,,False
2018-06-21,CPF,Central Pacific Financial Corp,은행,29.85,29.91,29.459999,29.559999,24.486567,104200.0,-0.2831949374857756,29.73659996,,,,,0.46357142857142847,-0.47458058551617316,-0.006309456880782378,0.5052556283709413,-0.027014214035212276,,False
2018-06-22,CPF,Central Pacific Financial Corp,은행,29.690001,29.940001,29.41,29.74,24.635674,229000.0,0.20448410845934628,29.74199998,,,,,0.47857157142857126,0.3761213802622688,-0.0193769550975111,0.09028888037185556,-0.024326338098556315,,False
2018-06-25,CPF,Central Pacific Financial Corp,은행,29.549999,29.799999,29.33,29.5,24.436861,103700.0,0.8329522299128866,29.748599979999998,,,,,0.4914285714285714,-0.4883720930232527,-0.05946016060268649,1.312831177489805,0.07021288130473378,,False
2018-06-26,CPF,Central Pacific Financial Corp,은행,29.48,29.610001,29.200001,29.6,24.519703,98500.0,0.9854799932111247,29.75179996,,,,,0.49285714285714277,0.2028985507246406,-0.10942721922672104,-0.08903190259219598,0.07050747559069208,,False
2018-06-27,CPF,Central Pacific Financial Corp,은행,29.5,29.5,28.959999,29.030001,24.047531,165900.0,-0.023242495567366017,29.74759998,,,,,0.5178572857142856,-1.1006874205000277,-0.20072928478584526,-0.05679446696258306,0.047774700394829506,,False
2018-06-28,CPF,Central Pacific Financial Corp,은행,28.959999,29.219999,28.83,28.889999,23.931561,101200.0,-1.0028310716535649,29.74039996,,,,,0.5192857857142857,-0.26960491477236204,-0.20371189960694608,-0.9755794895864078,0.02020425178157137,,False
2018-06-29,CPF,Central Pacific Financial Corp,은행,29.110001,29.190001,28.620001,28.65,23.732752,99400.0,-1.7744695417575507,29.720399959999998,,,,,0.519285642857143,-0.4621714528433928,-0.1730071212561258,-0.5453940398656401,0.05424253367435768,,False
2018-07-02,CPF,Central Pacific Financial Corp,은행,28.440001,29.049999,28.440001,29.040001,24.055815,128800.0,-0.6482933265270607,29.702399959999997,,,,,0.5221426428571431,0.7469242463437427,-0.06639076625943938,0.426020252448153,0.15354389843015656,,False
2018-07-03,CPF,Central Pacific Financial Corp,은행,29.17,29.290001,29.030001,29.1,24.10552,48500.0,0.11285043125448535,29.676799980000002,,,,,0.5085711428571431,0.11797562807619794,-0.019178276118598493,0.6250630567960087,0.20004399567512157,,False
2018-07-05,CPF,Central Pacific Financial Corp,은행,29.200001,29.290001,29.07,29.27,24.246342,74400.0,-0.06914562638362654,29.641799980000002,,,,,0.4928568571428575,0.344927736189988,0.019134972541397722,-0.5086815538549685,0.20093352201404024,,False
2018-07-06,CPF,Central Pacific Financial Corp,은행,29.299999,29.459999,29.16,29.360001,24.320894,114300.0,-0.46930074675518574,29.605199980000002,,,,,0.48214264285714314,0.18666882370466412,0.03080456643805816,-0.6392450880229102,0.14416401898216055,,False
2018-07-09,CPF,Central Pacific Financial Corp,은행,29.389999,29.93,29.35,29.879999,24.751648,109800.0,0.46935894463506767,29.60699994,,,,,0.4799997857142859,1.0833296502959766,0.09300818741825796,0.221867574816904,0.1235491340639397,,False
2018-07-10,CPF,Central Pacific Financial Corp,은행,29.940001,30.0,29.299999,29.610001,24.527987,87000.0,-0.7253899203137903,29.602199960000004,,,,,0.4742857142857146,-0.5692728915662669,-0.026518540169988107,-0.9287869594703413,-0.06318555457192747,,False
2018-07-11,CPF,Central Pacific Financial Corp,은행,29.459999,29.75,29.43,29.43,24.37888,90600.0,-0.6315932943822822,29.609199959999998,,,,,0.4607142857142862,-0.39069984496124155,-0.04975308482751697,0.3256196811798897,-0.0168976606343921,,False
2018-07-12,CPF,Central Pacific Financial Corp,은행,29.530001,29.530001,28.959999,29.16,24.15522,83700.0,-2.336829446669897,29.604199960000003,,,,,0.4692857857142861,-0.5753423781822851,-0.05695035573223924,-1.4517871612472055,-0.15668643132140256,,False
2018-07-13,CPF,Central Pacific Financial Corp,은행,29.120001,29.379999,28.889999,28.889999,23.931561,82400.0,-3.2616794593708365,29.58999994,,,,,0.466428571428572,-0.5788689127105672,-0.1251639480874418,-0.6883720120188324,-0.212305066492166,,False
2018-07-16,CPF,Central Pacific Financial Corp,은행,28.959999,29.190001,28.889999,29.08,24.088947,144100.0,-2.470106704332853,29.586599939999996,,,,,0.454285928571429,0.41824099768506084,-0.060405870179705126,0.5375995666152393,-0.2676787529832064,,False
2018-07-17,CPF,Central Pacific Financial Corp,은행,29.15,29.280001,28.959999,28.969999,23.997829,90300.0,-3.1073455759250357,29.574799940000002,,,,,0.44785750000000035,-0.24561607207649044,-0.0924426289512145,-0.6962654269964397,-0.3110525761549381,,False
2018-07-18,CPF,Central Pacific Financial Corp,은행,28.860001,29.26,28.860001,29.07,24.080666,188900.0,-2.7695863732105086,29.56599994,,,,,0.4307145000000003,0.23217467719335855,0.002761806598313083,-0.042293335923752895,-0.3100167810807359,,False
2018-07-19,CPF,Central Pacific Financial Corp,은행,28.940001,29.120001,28.77,29.02,24.039249,130200.0,-2.3614455625375452,29.54979994,,,,,0.4278575,-0.11686133817918515,0.01367206206925429,0.4147347912133254,-0.21070861816646927,,False
2018-07-20,CPF,Central Pacific Financial Corp,은행,29.01,29.209999,28.75,29.120001,24.122087,76800.0,-1.7666067745207514,29.531999959999997,,,,,0.42000028571428566,0.23809745707655722,0.06369126992067929,0.37308871333040383,-0.14510270722389476,,False
2018-07-23,CPF,Central Pacific Financial Corp,은행,29.02,29.52,29.02,29.299999,24.271194,90300.0,-1.1739518983692965,29.519799940000002,,,,,0.4121432857142856,0.436736460932626,0.041534999534170954,0.160518464652876,-0.16406712063784307,,False
2018-07-24,CPF,Central Pacific Financial Corp,은행,29.43,29.459999,28.93,29.0,24.022682,94000.0,-2.3855080779049853,29.503799960000002,,,,,0.4314289285714284,-0.6953613448995485,-0.016560498535525218,-1.4218548212379059,-0.3102755404974084,,False
2018-07-25,CPF,Central Pacific Financial Corp,은행,29.200001,29.34,28.68,28.780001,23.840441,128700.0,-3.6531547394616615,29.4916,,,,,0.46285742857142836,-0.47530618808260316,-0.07514863598356745,-1.8350549504517262,-0.40501649739717677,,False
2018-07-26,CPF,Central Pacific Financial Corp,은행,28.450001,28.940001,28.450001,28.6,23.691336,111700.0,-3.6552699650273857,29.4702,,,,,0.4764289285714283,-0.37781291018521906,-0.11546875983284481,0.11691082944863962,-0.3510053604349233,,False
2018-07-27,CPF,Central Pacific Financial Corp,은행,28.559999,28.790001,27.940001,28.09,23.268866,104300.0,-4.4419891549962625,29.439,,,,,0.4957146428571428,-1.0288177025809093,-0.2663364278954795,-0.0034164587010776515,-0.3670970771147791,,False
2018-07-30,CPF,Central Pacific Financial Corp,은행,28.049999,28.35,27.74,27.76,22.995506,123000.0,-4.728308770246093,29.39699998,,,,,0.48928600000000017,-0.674452160903844,-0.2738492328481636,0.17781933016384388,-0.28805377071233723,,False
2018-07-31,CPF,Central Pacific Financial Corp,은행,27.85,27.889999,27.43,27.559999,22.82983,187900.0,-5.481620124690368,29.351799959999997,,,,,0.49928592857142867,-0.40057407700683445,-0.2745545351371345,-1.123188462934548,-0.3915400667205114,,False
2018-08-01,CPF,Central Pacific Financial Corp,은행,27.559999,27.85,27.469999,27.74,22.978941,130600.0,-4.365644603723484,29.30359996,,,,,0.48571442857142877,0.3705901851205279,-0.20698792347264788,0.5283495343855693,-0.2501017313181704,,False
2018-08-02,CPF,Central Pacific Financial Corp,은행,27.75,28.129999,27.610001,28.049999,23.235731,92000.0,-3.408274823037527,29.26039996,,,,,0.487857142857143,0.6354298682284065,-0.12025229626272119,-0.05573670933505237,-0.20491349541218606,,False
2018-08-03,CPF,Central Pacific Financial Corp,은행,27.99,28.219999,27.719999,27.77,23.003786,98600.0,-4.413711693176281,29.215999959999998,,,,,0.5021427142857144,-0.557608408992435,-0.18995582531111377,-1.2003874481630126,-0.32905542503920404,,False
2018-08-06,CPF,Central Pacific Financial Corp,은행,27.780001,27.809999,27.190001,27.780001,23.012074,70900.0,-4.254892408821142,29.17479998,,,,,0.5235710000000005,0.019101516317746838,-0.1710474261400968,-0.4863857883186128,-0.31406402227650215,,False
2018-08-07,CPF,Central Pacific Financial Corp,은행,27.780001,28.02,27.709999,27.790001,23.020357,122900.0,-4.07729123505578,29.13339998,,,,,0.5171425714285718,0.01933702725802912,-0.18625011542119174,-0.38244830193694435,-0.3383608055631587,,False
2018-08-08,CPF,Central Pacific Financial Corp,은행,27.75,28.08,27.610001,28.0,23.194317,77500.0,-2.938713548020866,29.10479998,,,,,0.5257138571428575,0.3994549452078352,-0.14937038089354746,0.43777618162172505,-0.33671499196255866,,False
2018-08-09,CPF,Central Pacific Financial Corp,은행,28.01,28.049999,27.700001,27.870001,23.086622,81300.0,-2.9354617290227147,29.0674,,,,,0.5178566428571431,-0.2510327941006316,-0.18430825597763234,-0.04114846507276845,-0.36630336184849954,,False
2018-08-10,CPF,Central Pacific Financial Corp,은행,27.66,27.9,27.469999,27.75,22.987221,107700.0,-2.4093823706199835,29.033599979999998,,,,,0.5128567142857143,-0.23398543229980115,-0.23221696263709143,0.7490359138015489,-0.324266401195023,,False
2018-08-13,CPF,Central Pacific Financial Corp,은행,27.77,27.959999,27.57,27.790001,23.020357,142200.0,-1.6091234438616486,28.998,,,,,0.5028567142857143,0.07954751097799265,-0.17686633007440997,0.6282033238384175,-0.17783367654671414,,False
2018-08-14,CPF,Central Pacific Financial Corp,은행,27.82,28.469999,27.82,28.41,23.533943,110600.0,0.10121896700663324,28.970000019999997,,,,,0.504285142857143,1.2294611665282336,-0.05509723331649303,0.3295650957654159,-0.02321795895977541,,False
2018-08-15,CPF,Central Pacific Financial Corp,은행,28.34,28.51,28.049999,28.25,23.401402,166500.0,0.4512518161441381,28.93820002,,,,,0.5021423571428575,-0.31863474117257307,-0.050870221244161185,0.6654074022587314,0.01596036766951686,,False
2018-08-16,CPF,Central Pacific Financial Corp,은행,28.299999,28.84,28.299999,28.690001,23.765888,85000.0,1.3401983021454233,28.907800060000003,,,,,0.4835709285714288,0.9098996114176159,0.08760958689859062,-0.11646954349444205,0.00788514732713369,,False
2018-08-17,CPF,Central Pacific Financial Corp,은행,28.6,28.68,28.379999,28.57,23.666483,286800.0,0.7686818040388843,28.87360004,,,,,0.4621424999999998,-0.25966233358758073,0.11723743170689513,-0.6962354525802081,-0.05454733715458431,,False
2018-08-20,CPF,Central Pacific Financial Corp,은행,28.610001,28.780001,28.48,28.709999,23.782455,88900.0,1.2153209449067282,28.844,,,,,0.4507140714285711,0.3106159955385074,0.168036722602991,-0.022897753802276488,0.024044856354863663,,False
2018-08-21,CPF,Central Pacific Financial Corp,은행,28.84,29.34,28.709999,29.25,24.229774,142100.0,2.9401686102769498,28.832399999999996,,,,,0.46857121428571397,1.1524416855678452,0.22388325834922793,0.86384126094707,0.048008551109256566,,False
2018-08-22,CPF,Central Pacific Financial Corp,은행,29.15,29.360001,28.99,29.309999,24.279474,165100.0,3.1251090823174454,28.82819998,,,,,0.45785714285714263,0.13104305772231167,0.18785562902736402,0.19135260884554378,0.0656577881221563,,False
2018-08-23,CPF,Central Pacific Financial Corp,은행,29.24,29.24,29.030001,29.139999,24.138649,119300.0,2.63862388012317,28.82519994,,,,,0.4421427142857142,-0.38449123893093734,0.20022114117461384,-0.1299411084744933,0.1421182409570505,,False
2018-08-24,CPF,Central Pacific Financial Corp,은행,29.110001,29.25,28.91,28.92,23.956409,117200.0,1.1877894909505526,28.819399960000002,,,,,0.4221428571428569,-0.521148223350249,0.16163187405547128,-1.4460544706304588,0.0735704779347758,,False
2018-08-27,CPF,Central Pacific Financial Corp,은행,29.0,29.190001,28.65,28.66,23.741037,71500.0,-0.47963077709418656,28.808199979999998,,,,,0.43857142857142833,-0.5928338762215023,0.1179053809497905,-1.7008771281612014,-0.020603009652671127,,False
2018-08-28,CPF,Central Pacific Financial Corp,은행,28.719999,28.790001,28.370001,28.440001,23.558792,74100.0,-1.284731852281673,28.790800020000002,,,,,0.4350000714285715,-0.505744744541096,0.053248260253438255,-0.5448132164132253,-0.09078796665516757,,False
2018-08-29,CPF,Central Pacific Financial Corp,은행,28.450001,28.629999,28.139999,28.59,23.683048,84700.0,-1.3023578673821201,28.766400039999997,,,,,0.4450002142857145,0.33707624217837684,0.09525604855908172,-0.46598023977668246,-0.12113309341973287,,False
2018-08-30,CPF,Central Pacific Financial Corp,은행,28.360001,28.51,28.15,28.280001,23.599602,81800.0,-1.8524395623682466,28.736400040000003,,,,,0.4457144285714291,-0.6955103540030936,0.062289982723132256,-0.04780509361912555,-0.17805030823549534,,False
2018-08-31,CPF,Central Pacific Financial Corp,은행,28.139999,28.370001,28.139999,28.33,23.641325,57600.0,-1.68564340746441,28.71180006,,,,,0.43428607142857195,0.11512918163718529,0.0648315306273603,0.09490885128689838,-0.21614277056060383,,False
2018-09-04,CPF,Central Pacific Financial Corp,은행,28.370001,28.43,28.08,28.200001,23.532846,105200.0,-1.9692608353116814,28.68100008,,,,,0.4107147857142862,-0.3165189190204411,-0.045595618340402176,-0.06324689553455787,-0.24420076993917342,,False
2018-09-05,CPF,Central Pacific Financial Corp,은행,28.18,28.469999,28.18,28.370001,23.674709,252700.0,-1.1504974021126047,28.658400099999998,,,,,0.3985717857142862,0.42652291530204206,0.007629928550641758,0.8855318385661965,-0.22847759591721162,,False
2018-09-06,CPF,Central Pacific Financial Corp,은행,28.35,28.540001,28.25,28.26,23.582912,90600.0,-1.1832986397736223,28.6316001,,,,,0.37714328571428624,-0.2916689867397792,-0.07819639988917218,0.3229814722396818,-0.1970882376504885,,False
2018-09-07,CPF,Central Pacific Financial Corp,은행,28.27,28.42,27.98,28.360001,23.666365,79400.0,-0.6681663768690282,28.6182001,,,,,0.38642885714285796,0.2587824334325782,-0.041164630816303685,0.6333530297112573,-0.10211763177252663,,False
2018-09-10,CPF,Central Pacific Financial Corp,은행,28.52,28.52,28.0,28.01,23.374283,168800.0,-2.050875295434218,28.60060012,,,,,0.40214307142857236,-0.8703395007071885,-0.1255185948338534,-1.1834134390222744,-0.18501160928824076,,False
2018-09-11,CPF,Central Pacific Financial Corp,은행,27.98,28.299999,27.98,28.040001,23.399323,66700.0,-2.2432630357434813,28.588400139999997,,,,,0.3800000714285723,0.07894998515977339,-0.20219657343442995,-0.5158302169504885,-0.28355957199520926,,False
2018-09-12,CPF,Central Pacific Financial Corp,은행,28.0,28.040001,27.530001,27.860001,23.249111,177600.0,-2.7291926073041983,28.564800140000003,,,,,0.39000000000000085,-0.4615384615384598,-0.24452382481019935,-0.5175987705005174,-0.33419895623421364,,False
2018-09-13,CPF,Central Pacific Financial Corp,은행,27.9,27.98,27.549999,27.59,23.023798,75000.0,-3.9244199127985824,28.53460014,,,,,0.4007145000000007,-0.673798926667241,-0.26518865964850674,-1.4944807086480285,-0.43166607053232325,,False
2018-09-14,CPF,Central Pacific Financial Corp,은행,27.530001,27.879999,27.5,27.799999,23.199041,114100.0,-2.9598001825673292,28.505200119999998,,,,,0.40357157142857225,0.5203513202296197,-0.19079583510708753,0.47619689200248827,-0.294362401772827,,False
2018-09-17,CPF,Central Pacific Financial Corp,은행,27.82,27.870001,27.51,27.59,23.023798,86700.0,-2.9204018580779145,28.469800099999997,,,,,0.39071442857142913,-0.5374743921483015,-0.18684158624471608,0.3724948799480251,-0.14626440119359657,,False
2018-09-18,CPF,Central Pacific Financial Corp,은행,27.59,27.59,27.299999,27.48,22.932001,89600.0,-3.536027668276853,28.421800119999997,,,,,0.3814287857142862,-0.288389351092123,-0.17131620099836084,-1.1202474213173403,-0.18736684440103338,,False
2018-09-19,CPF,Central Pacific Financial Corp,은행,27.35,27.74,27.35,27.4,22.865242,137600.0,-3.546732437467137,28.3776001,,,,,0.37428592857142867,-0.21374033564485087,-0.21066024227144853,-0.41709410188930574,-0.18387497740907785,,False
2018-09-20,CPF,Central Pacific Financial Corp,은행,27.450001,27.77,27.440001,27.700001,23.115589,224400.0,-2.8563471264716256,28.343000120000003,,,,,0.36928592857142867,0.8123813467806543,-0.10295369221546655,-0.42186286468540024,-0.21059338962809754,,False
2018-09-21,CPF,Central Pacific Financial Corp,은행,27.73,27.889999,27.57,27.67,23.090557,515400.0,-2.5477563732378083,28.31320012,,,,,0.37571428571428583,-0.07985057034220161,-0.11688081735685132,-0.02120306109890687,-0.218887097655655,,False
2018-09-24,CPF,Central Pacific Financial Corp,은행,27.629999,27.639999,27.1,27.200001,22.698341,167100.0,-3.4950975102135406,28.27940016,,,,,0.39142857142857146,-1.2007273722627771,-0.18003856401701818,-0.642861076837232,-0.260288110605846,,False
2018-09-25,CPF,Central Pacific Financial Corp,은행,27.32,27.41,27.139999,27.139999,22.648273,119900.0,-3.2890427267934563,28.24060014,,,,,0.3900001428571428,-0.15385122569552373,-0.2214938598025586,0.06042919995340934,-0.31922401336390227,,False
2018-09-26,CPF,Central Pacific Financial Corp,은행,27.08,27.23,26.780001,26.809999,22.372889,219000.0,-3.855292135438726,28.19740014,,,,,0.4014285714285715,-0.8220640569394974,-0.2593792219596813,-0.28936551436489966,-0.3629630838356581,,False
2018-09-27,CPF,Central Pacific Financial Corp,은행,26.73,26.879999,26.25,26.290001,21.938951,131400.0,-5.591680616871997,28.14180016,,,,,0.41499992857142864,-1.253007444579597,-0.3673642132462653,-1.69630583070564,-0.5293672881511507,,False
2018-09-28,CPF,Central Pacific Financial Corp,은행,26.23,26.559999,26.23,26.43,22.055777,152000.0,-4.750471084520191,28.09000016,,,,,0.40142842857142874,0.3487520814064334,-0.28028624309529226,0.3498670473164105,-0.41984725341267326,,False
2018-10-01,CPF,Central Pacific Financial Corp,은행,26.549999,26.610001,26.02,26.08,21.763706,137900.0,-5.9347664054866245,28.029200140000004,,,,,0.420714285714286,-0.8319185059422779,-0.3453482781740102,-1.429142409607006,-0.4850838386024246,,False
2018-10-02,CPF,Central Pacific Financial Corp,은행,26.09,26.24,25.9,26.09,21.772051,157400.0,-5.457108378120356,27.96500016,,,,,0.40857142857142875,0.024475524475528292,-0.31063299345872536,0.09068372432239682,-0.44163508897221637,,False
2018-10-03,CPF,Central Pacific Financial Corp,은행,26.219999,26.860001,26.030001,26.709999,22.289436,178100.0,-2.9237402135148693,27.919200139999997,,,,,0.43714278571428594,1.418298597761208,-0.1611974559995504,1.2999104233726835,-0.24203572239930835,,False
2018-10-04,CPF,Central Pacific Financial Corp,은행,26.74,26.940001,26.59,26.690001,22.272751,171800.0,-1.8735687484138452,27.87740014,,,,,0.4350000714285715,-0.04597240624427072,-0.20164915074768544,1.1705738785704545,-0.19243736621588223,,False
2018-10-05,CPF,Central Pacific Financial Corp,은행,26.74,26.780001,26.219999,26.360001,21.997366,111200.0,-2.1615964495332207,27.83260016,,,,,0.44928585714285724,-0.7344989715424535,-0.2157223349901249,0.02269448196553181,-0.21742310892891745,,False
2018-10-08,CPF,Central Pacific Financial Corp,은행,26.370001,26.77,26.32,26.629999,22.222679,127900.0,-0.8532975889081196,27.803400139999997,,,,,0.4607143571428572,0.5860420796834007,-0.15326294707758747,0.6389715027841688,-0.09176461435023821,,False
2018-10-09,CPF,Central Pacific Financial Corp,은행,26.57,26.99,26.540001,26.84,22.397923,163700.0,0.28108123883945346,27.78500014,,,,,0.46500000000000014,0.45161505376343714,-0.10573756211985261,0.6342034298365364,-0.016671933512678056,,False
2018-10-10,CPF,Central Pacific Financial Corp,은행,26.83,27.23,26.48,26.5,22.114191,193900.0,2.4473445202218613,27.763800160000002,,,,,0.49214285714285716,-0.6908563134978226,-0.21311168071117237,2.776371913936021,0.21177340781742343,,False
2018-10-11,CPF,Central Pacific Financial Corp,은행,26.48,26.68,26.0,26.02,21.713636,164200.0,2.684329613129366,27.72940016,,,,,0.5178572142857144,-0.926896423876356,-0.273614955963612,0.8440740775806144,0.2735789177231035,,False
2018-10-12,CPF,Central Pacific Financial Corp,은행,26.389999,26.389999,24.84,25.42,21.212934,168400.0,-0.8840822587591002,27.67680018,,,,,0.5878571428571429,-1.0206561360874813,-0.2607527248082337,-2.1431760846331303,0.16641356002339652,,False
2018-10-15,CPF,Central Pacific Financial Corp,은행,25.309999,25.860001,25.309999,25.68,21.429905,129300.0,0.8415269752323651,27.63500018,,,,,0.6078572142857143,0.42773202964370655,-0.2192110637125744,0.885138444884316,0.225321363232747,,False
2018-10-16,CPF,Central Pacific Financial Corp,은행,25.77,25.93,25.280001,25.91,21.621838,113700.0,-0.2665772799904764,27.597600160000002,,,,,0.6221429285714285,0.36968996903674367,-0.1340857761428429,-1.1778671139330377,0.16185696326359428,,False
2018-10-17,CPF,Central Pacific Financial Corp,은행,25.799999,26.08,25.549999,25.83,21.555079,106700.0,-0.42677868980358635,27.55840014,,,,,0.6150002142857139,-0.13008125548853194,-0.05387676263633826,-0.11196998298144714,0.2750238095296081,,False
2018-10-18,CPF,Central Pacific Financial Corp,은행,25.709999,26.01,25.450001,25.49,21.271353,69000.0,-0.1700348210726399,27.50820014,28.67200001333333,,,,0.6314287857142854,-0.5384613557257844,-0.11724915100292524,0.42121938775042256,0.2801204052748946,,False
2018-10-19,CPF,Central Pacific Financial Corp,은행,25.42,25.67,25.120001,25.15,20.987619,78800.0,-1.274381975316119,27.45380012,28.64300001333333,,-0.014499999999999957,,0.6285714999999998,-0.5409090294421557,-0.09646275982434507,-0.5177386318507609,0.34522067511462645,,False
2018-10-22,CPF,Central Pacific Financial Corp,은행,25.24,25.25,24.4,24.530001,20.470236,82800.0,-3.073272239278746,27.38940014,28.612066686666665,,-0.01546666333333313,,0.6650000714285714,-0.9323292231654969,-0.16480595608441834,-0.6644326439209997,0.2912837916686696,,False
2018-10-23,CPF,Central Pacific Financial Corp,은행,24.23,24.67,24.129999,24.530001,20.470236,143800.0,-2.345519932817297,27.32420014,28.58113336,,-0.01546666333333313,,0.644285857142857,0.0,-0.26611299878164746,0.318428655645787,0.2211779511167484,,False
2018-10-24,CPF,Central Pacific Financial Corp,은행,25.0,25.0,23.85,23.98,20.011257,184500.0,-1.3884980379038514,27.235600140000003,28.5522667,,-0.014433329999999245,,0.7014286428571427,-0.7841153987662502,-0.3188374982475031,0.8676855506289832,0.19954307054950043,,False
2018-10-25,CPF,Central Pacific Financial Corp,은행,24.309999,26.66,24.209999,26.540001,22.147579,268900.0,6.684509195029453,27.201400160000002,28.54606671333333,,-0.0030999933333344387,,0.8528570714285715,3.0016764658020487,-0.051967824151467265,2.069787226985713,0.3457639809080848,,False
2018-10-26,CPF,Central Pacific Financial Corp,은행,26.34,26.540001,25.98,26.059999,21.747013,239100.0,6.179631921539608,27.148800119999997,28.53093337333333,,-0.007566670000000997,,0.8607142857142858,-0.5576786721991689,-0.1336621635716508,0.2697152940819738,0.3193885374293566,,False
2018-10-29,CPF,Central Pacific Financial Corp,은행,26.450001,26.92,26.120001,26.709999,22.289436,181900.0,8.842025880867133,27.1116001,28.521400040000003,,-0.004766666666663255,,0.890000142857143,0.7303369614226369,-0.11375345588170796,1.0090607426011498,0.3461640597696861,,False
2018-10-30,CPF,Central Pacific Financial Corp,은행,26.82,27.360001,26.67,27.27,22.75676,162600.0,8.68409458137014,27.08280012,28.512733373333333,,-0.0043333333333350765,,0.8857145000000001,0.6322590405824898,-0.019245216304542796,-0.06521102371833587,0.14319384993723208,,False
2018-10-31,CPF,Central Pacific Financial Corp,은행,27.51,27.629999,27.01,27.040001,22.564823,203800.0,6.133174996886082,27.03860014,28.50326672,,-0.004733326666666926,,0.8814287142857145,-0.26093885560148133,0.028323181429376818,-0.7703467634818301,0.027878075575628897,,False
2018-11-01,CPF,Central Pacific Financial Corp,은행,27.059999,27.66,27.059999,27.58,23.015451,160000.0,6.630295175976109,27.00400016,28.499133380000004,,-0.0020666699999978277,,0.8150001428571431,0.6625753439832852,0.14855400143443157,0.15226669409932225,0.19183827405651835,,False
2018-11-02,CPF,Central Pacific Financial Corp,은행,27.74,27.799999,27.360001,27.73,23.140627,134600.0,7.295907720156269,26.97580018,28.49246671333333,,-0.003333333333337407,,0.8071427142857145,0.18584074085677088,0.13127605223536473,0.48333749549342286,0.16313820624288317,,False
2018-11-05,CPF,Central Pacific Financial Corp,은행,27.84,27.889999,27.52,27.780001,23.182354,156000.0,6.379301285695083,26.953000199999998,28.484333386666663,,-0.004066663333333054,,0.7871427142857144,0.06352215308931766,0.1094069225248343,-0.21080775954317102,0.2322138744135879,,False
2018-11-06,CPF,Central Pacific Financial Corp,은행,27.790001,28.059999,27.610001,28.02,23.382631,153000.0,6.157482515020685,26.9402002,28.47580006,,-0.004266663333330811,,0.7814282142857145,0.307128659565202,0.14063620217152958,-0.007418316344917408,0.23968185060191144,,False
2018-11-07,CPF,Central Pacific Financial Corp,은행,28.059999,28.25,27.440001,27.879999,23.2658,161900.0,3.2205195958817656,26.929000159999998,28.47066672,,-0.002566670000000215,,0.7992853571428574,-0.17515771901595772,0.1665864619365172,-1.2397205882831532,0.12104328088522745,-0.07009748901890242,False
2018-11-08,CPF,Central Pacific Financial Corp,은행,27.74,28.209999,27.58,27.969999,23.340908,104100.0,3.5831773527347677,26.91660014,28.46580004,,-0.0024333399999996175,,0.804999642857143,0.11180129183730764,0.21320862774219318,0.24344407777383836,0.17541347442984168,-0.06793997837259644,False
2018-11-09,CPF,Central Pacific Financial Corp,은행,27.91,28.110001,27.59,27.68,23.098904,165700.0,3.0502507568858306,26.904600119999994,28.45580004,,-0.005000000000000782,,0.7814282857142858,-0.3711140296577826,0.2532954272784585,0.10223293097233838,0.23017530120793728,-0.0670197044130452,False
2018-11-12,CPF,Central Pacific Financial Corp,은행,27.709999,28.049999,27.51,27.77,23.174006,198700.0,5.000650872737067,26.893400120000003,28.44726671333333,,-0.004266663333334364,,0.7814281428571428,0.11517373775524906,0.26152212283240484,1.1268197005629172,0.287917518702018,-0.05988906099180639,False
2018-11-13,CPF,Central Pacific Financial Corp,은행,27.860001,28.309999,27.639999,27.940001,23.315872,164900.0,5.23455945425253,26.88820012,28.437066726666664,,-0.00509999333333333,,0.7471424285714287,0.22753492975234865,0.3337828605837333,0.3075187156003292,0.24790560191425698,-0.05953322772931242,False
2018-11-14,CPF,Central Pacific Financial Corp,은행,28.110001,28.26,27.209999,27.360001,22.831863,152800.0,3.341689202788012,26.86800012,28.425000066666666,,-0.006033329999999282,,0.6307139285714288,-0.9195928197014803,0.05369219733348125,-0.5085355012917263,0.06373969275158273,-0.060730312795209816,False
2018-11-15,CPF,Central Pacific Financial Corp,은행,27.190001,27.860001,27.049999,27.83,23.224079,112100.0,3.4937571233073728,26.85940012,28.41426672666667,,-0.005366669999997242,,0.6485711428571432,0.7246683809111772,0.14528841541279167,0.14298059498717852,0.054687214244811634,-0.059956882050578496,False
2018-11-16,CPF,Central Pacific Financial Corp,은행,27.57,27.83,27.469999,27.74,23.148975,233000.0,2.383865495837001,26.8470001,28.40426672666667,,-0.005000000000000782,,0.6128568571428572,-0.14685321531618406,0.08263197421716162,-0.28389716354324984,-0.037666921908359775,-0.05566873617499288,False
2018-11-19,CPF,Central Pacific Financial Corp,은행,27.719999,28.059999,27.49,27.76,23.165663,188000.0,3.452089895711663,26.8420001,28.39433339333334,,-0.004966666666664565,,0.6042852857142861,0.03309695018696746,0.03983468204605288,1.0528835243166283,0.04219697437985196,-0.04843250970767631,False
2018-11-20,CPF,Central Pacific Financial Corp,은행,27.58,27.74,27.190001,27.309999,22.790134,107000.0,2.9407345106743144,26.82740006,28.378733386666664,,-0.007800003333338523,,0.6007138571428577,-0.7491104036459477,0.004965285757162422,0.3356392875881937,0.12119597802771079,-0.05307725942517159,False
2018-11-21,CPF,Central Pacific Financial Corp,은행,27.34,27.790001,27.08,27.299999,22.781794,55500.0,1.9442165379059961,26.81620002,28.361133373333335,,-0.008800006666664473,,0.6071425714285722,-0.01647059598616537,-0.043537995669226906,-0.19617632841460306,0.09630719070528758,-0.061661801966329366,False
2018-11-23,CPF,Central Pacific Financial Corp,은행,27.15,27.76,27.15,27.58,23.015451,50000.0,3.32829054318986,26.81600002,28.342466713333337,,-0.009333329999998696,,0.6192855714285724,0.4521355137567476,-0.024516940462085707,0.8649386257778725,0.12356441429703395,-0.06113433451725888,False
2018-11-26,CPF,Central Pacific Financial Corp,은행,27.73,27.969999,27.5,27.639999,23.065519,92000.0,1.699992092276359,26.81280002,28.319933373333335,,-0.011266670000001255,,0.6264284285714297,0.09577949732713918,-0.02221284444509846,-0.8511371209858006,0.07782660276541756,-0.08090645331406152,False
2018-11-27,CPF,Central Pacific Financial Corp,은행,27.43,27.799999,27.370001,27.67,23.090557,117700.0,1.3778469681398287,26.814400020000004,28.2964667,,-0.011733336666667427,,0.6249998571428582,0.048001610971800175,-0.04072191934462716,-0.15165421545245966,0.06752403854345027,-0.08301396616842331,False
2018-11-28,CPF,Central Pacific Financial Corp,은행,27.66,28.02,27.27,27.940001,23.315872,156000.0,0.05946697838536963,26.823600040000002,28.284133366666673,,-0.006166666666663545,,0.6207142142857153,0.4349843998831246,0.0028596605767358635,-0.9709955624273345,0.08671868324743733,-0.06936062350219979,False
2018-11-29,CPF,Central Pacific Financial Corp,은행,27.549999,27.969999,27.32,27.530001,23.147709,95800.0,-1.233920045765291,26.826200059999998,28.268666706666668,,-0.007733330000002425,,0.6221427857142867,-0.6590127048235015,-0.05219848204189336,-0.5247575294535538,0.03184713987405217,-0.07290959533700073,False
2018-11-30,CPF,Central Pacific Financial Corp,은행,27.379999,28.08,27.379999,28.040001,23.576527,141600.0,-0.26580223522775226,26.83300006,28.26173338,,-0.003466663333334452,,0.6349999285714293,0.8031496966422621,0.031677498408109836,0.28987753535744454,0.04525032590155975,-0.06743829762417454,False
2018-12-03,CPF,Central Pacific Financial Corp,은행,28.33,28.33,27.5,27.870001,23.433582,90800.0,-1.8491680416028,26.83700008,28.25146672,,-0.005133329999999603,,0.6557142857142865,-0.2592592592592616,0.004932284335644787,-0.9744676942472221,-0.10484163087059306,-0.07591937342677173,False
2018-12-04,CPF,Central Pacific Financial Corp,은행,27.83,27.83,26.27,26.360001,22.163948,155200.0,-3.881464074988439,26.82020008,28.229866726666668,,-0.01079999666666609,,0.7221429285714291,-2.0909988040555048,-0.16067726807920188,-0.1299602690278081,-0.13609012977260287,-0.08272780020135266,False
2018-12-06,CPF,Central Pacific Financial Corp,은행,26.1,26.549999,25.940001,26.549999,22.323706,150500.0,-2.887689566602214,26.808400080000002,28.21186672,,-0.00900000333333395,,0.6907141428571434,0.2750747208013887,-0.07534387232899696,0.3619678427321978,-0.07391131948517972,-0.07791915936566461,False
2018-12-07,CPF,Central Pacific Financial Corp,은행,26.6,26.950001,26.280001,26.559999,22.332111,119300.0,-0.6192308688939607,26.803400079999996,28.191866719999997,,-0.010000000000001563,,0.6807140000000006,0.014690457372702125,-0.12605658115317372,1.3034216356832546,0.008977326278825717,-0.06573223715089153,False
2018-12-10,CPF,Central Pacific Financial Corp,은행,26.610001,26.700001,25.950001,26.1,21.945339,83100.0,-2.478557532228831,26.799600060000003,28.169133386666665,,-0.011366666666665637,,0.7085710714285722,-0.6491924643107169,-0.16193795608135467,-0.7403404917574414,-0.02362576859361654,-0.06831256279191739,False
2018-12-11,CPF,Central Pacific Financial Corp,은행,26.33,26.620001,25.860001,26.030001,21.886478,83200.0,-2.666425880622658,26.791600080000002,28.14380006,,-0.01266666333333255,,0.7221425714285719,-0.0969323825647447,-0.1712257655636198,-0.07841241428921297,-0.10443262135117662,-0.07222199235558412,False
2018-12-12,CPF,Central Pacific Financial Corp,은행,26.17,26.58,26.0,26.17,22.004196,105800.0,-2.5191359026240256,26.793400079999998,28.118200060000007,,-0.012799999999996814,,0.7228569285714287,0.1936745633422661,-0.10388398220731883,-0.09213010441779992,-0.13498757792303331,-0.06960199071839265,False
2018-12-13,CPF,Central Pacific Financial Corp,은행,26.219999,26.41,25.43,25.440001,21.3904,143600.0,-4.906763195608866,26.780400099999998,28.088400066666665,,-0.014899996666670745,,0.7421425714285714,-0.9836371448073744,-0.17296730712311947,-0.9730978479878258,-0.19048197217826354,-0.07004224867203222,False
2018-12-14,CPF,Central Pacific Financial Corp,은행,25.25,25.719999,25.25,25.42,21.373583,114600.0,-2.9642617138630367,26.75460012,28.059200073333333,,-0.014599996666666115,,0.7321424999999999,-0.027318452350460532,-0.20721401898792008,0.9273010292912528,-0.18602751478445065,-0.061767953439984646,False
2018-12-17,CPF,Central Pacific Financial Corp,은행,25.33,25.85,25.190001,25.27,21.247461,241000.0,-1.3593915783742139,26.7262001,28.03173341333333,,-0.013733330000000876,,0.7457139285714286,-0.20114952162333696,-0.22842323462723982,0.7799202696659165,-0.06952341545218511,-0.05172618704670689,False
2018-12-18,CPF,Central Pacific Financial Corp,은행,25.49,25.610001,24.75,24.809999,20.860685,175000.0,-2.9734948985846166,26.69520006,27.999333406666665,,-0.016200003333333157,,0.7764284285714285,-0.5924576987042663,-0.2741703281755302,-0.5963590295675423,-0.10128804503183388,-0.06308086491148833,False
2018-12-19,CPF,Central Pacific Financial Corp,은행,24.809999,25.08,23.68,23.84,20.045092,191200.0,-4.926948921421204,26.63940008,27.960600073333335,,-0.019366666666664756,,0.8228569999999998,-1.1788184338226466,-0.3894419591545139,-0.5126948511414692,-0.06855227993998635,-0.06358226115374738,False
2018-12-20,CPF,Central Pacific Financial Corp,은행,23.6,24.129999,23.6,23.91,20.103949,152500.0,-2.8054294242476963,26.58080008,27.9209334,,-0.01983333666666809,,0.8142855714285712,0.08596492736226834,-0.3362292711412446,0.7285117813942331,0.020966956549141286,-0.061889092731104885,False
2018-12-21,CPF,Central Pacific Financial Corp,은행,23.950001,24.559999,23.700001,23.959999,20.145987,496600.0,-0.36115754681611545,26.53000006,27.88186672666667,,-0.019533336666665235,,0.8257139285714287,0.06055244833583366,-0.3892719317345609,0.8258979105530484,0.059254126205970134,-0.05769006418829775,False
2018-12-24,CPF,Central Pacific Financial Corp,은행,23.370001,23.98,23.23,23.459999,19.725576,95600.0,0.5299960977553475,26.47880004,27.837266720000002,,-0.02230000333333315,,0.819999642857143,-0.6097563631343044,-0.41430743915420687,0.35098796875438587,0.153929530706085,-0.054623828702361835,False
2018-12-26,CPF,Central Pacific Financial Corp,은행,23.459999,24.299999,23.26,24.26,20.398239,140600.0,-0.6999799264231221,26.45560004,27.797600059999997,,-0.019833330000002647,,0.7799995000000001,1.025642965155749,-0.1916901699248316,-0.6354085219545194,0.11782608406846275,-0.06196834875787938,False
2018-12-27,CPF,Central Pacific Financial Corp,은행,23.889999,24.549999,23.549999,24.290001,20.423458,154300.0,-1.143357126526312,26.42780006,27.759600066666668,,-0.018999996666664742,,0.8078567857142858,0.03713653277476962,-0.20868575478387583,-0.26005832051642697,0.07339564383641814,-0.058041854716472004,False
2018-12-28,CPF,Central Pacific Financial Corp,은행,24.25,24.549999,23.940001,24.23,20.373005,195300.0,-1.0467633528139397,26.39420006,27.72220006666667,,-0.01869999999999905,,0.8035709285714285,-0.0746679575711733,-0.21506849870843833,-0.029479900632547573,-0.021811608757567737,-0.05767197095761953,False
2018-12-31,CPF,Central Pacific Financial Corp,은행,24.280001,24.360001,23.959999,24.35,20.473907,136800.0,-1.2225661853897285,26.36460006,27.685466726666668,,-0.018366670000000695,,0.7785710714285715,0.1541285110681256,-0.157688429038521,-0.1672870307989822,0.019120781310893637,-0.061130670670482355,False
2019-01-02,CPF,Central Pacific Financial Corp,은행,24.02,25.030001,24.02,25.01,21.028847,145800.0,1.4266830153377486,26.355000060000002,27.65600006,28.092750025,-0.014733333333333931,,0.7964282857142858,0.8286998488609324,-0.0915718410795441,0.7802289708469601,0.08045230882062028,-0.05866355430883459,False
2019-01-03,CPF,Central Pacific Financial Corp,은행,24.85,25.549999,24.76,25.26,21.239052,132200.0,4.864264323682255,26.35720006,27.626133393333337,28.071550025,-0.014933333333331689,-0.010600000000000165,0.8114282142857144,0.30809872715612985,-0.08339868652141098,1.2376644990695445,0.1754376376411449,-0.04540563070956724,False
2019-01-04,CPF,Central Pacific Financial Corp,은행,25.58,26.030001,25.379999,25.82,21.709908,186700.0,3.4022781195767404,26.383000040000002,27.602000053333335,28.054800025,-0.012066670000001167,-0.00837500000000091,0.7964282857142856,0.7031392657001835,0.03708534280055746,-0.4816891694128541,0.21053825753935715,-0.049548332235629426,False
2019-01-07,CPF,Central Pacific Financial Corp,은행,25.73,26.120001,25.6,25.99,21.852852,261700.0,3.1778738499816273,26.41220002,27.57813338666666,28.038900024999997,-0.011933333333336904,-0.007950000000001012,0.7999998571428567,0.21250003794643316,0.05421523496462129,-0.0415795401884648,0.14133250257652016,-0.04369712664677914,False
2019-01-08,CPF,Central Pacific Financial Corp,은행,26.110001,26.15,25.73,26.049999,21.903296,132200.0,2.406573915942123,26.4536,27.55306672,28.027600024999998,-0.012533333333330177,-0.005649999999999267,0.7828570714285706,0.0766410653869602,0.07405741975107108,-0.29164225564481444,0.06479232219718224,-0.04599246579946906,False
2019-01-09,CPF,Central Pacific Financial Corp,은행,25.790001,26.120001,25.559999,25.91,21.785582,158100.0,1.3746131588528998,26.440999979999997,27.526866720000005,28.019800030000003,-0.013099999999997891,-0.0038999974999978093,0.7614285714285705,-0.18386360225140677,0.10324271235484679,-0.3442578317573114,0.08279955061219872,-0.04821606538347609,False
2019-01-10,CPF,Central Pacific Financial Corp,은행,25.77,25.98,25.51,25.83,21.718315,124700.0,0.5685848681541428,26.436400000000003,27.497666726666665,28.00730003,-0.014599996666669668,-0.006250000000001421,0.6949999999999991,-0.11510791366906756,0.17922203522295957,-0.305173339214143,0.09762251574986489,-0.04962951282759963,False
2019-01-11,CPF,Central Pacific Financial Corp,은행,25.610001,25.879999,25.530001,25.85,21.735136,196500.0,0.6178747642861415,26.419200019999998,27.46813338666667,27.995850035,-0.014766669999998427,-0.005724997499999773,0.6821427857142849,0.02931937479784491,0.17517592432550072,0.035876184705950914,0.04814854455784473,-0.05113343416808991,False
2019-01-14,CPF,Central Pacific Financial Corp,은행,25.68,26.1,25.68,25.75,21.651051,100900.0,0.56909450087681,26.388800019999998,27.438533380000003,27.981750035,-0.014800003333332867,-0.007049999999999557,0.6507143571428564,-0.15367726084772346,0.15987380224096093,0.10417715899862731,-0.0034029376960424884,-0.0465082983814271,False
2019-01-15,CPF,Central Pacific Financial Corp,은행,25.76,25.92,25.459999,25.91,21.785582,205900.0,0.045374078114668315,26.366200000000003,27.41240004666667,27.969000039999997,-0.013066666666667004,-0.006374997500001811,0.6300001428571422,0.2539681963790943,0.22156841363477514,-0.2950770529911275,-0.04955043924929344,-0.041662612158936956,False
2019-01-16,CPF,Central Pacific Financial Corp,은행,26.08,26.33,25.9,26.23,22.054647,139600.0,1.0051404093377236,26.3392,27.390466713333335,27.959150035000004,-0.010966666666666569,-0.004925002499996722,0.5864287857142853,0.5456758054777822,0.18728504508634897,0.4104181042383533,0.02515146262162603,-0.032498499103127736,False
2019-01-17,CPF,Central Pacific Financial Corp,은행,26.15,26.48,26.059999,26.33,22.138725,225900.0,0.502453848554496,26.3112,27.370733373333334,27.947150035,-0.009866670000000966,-0.006000000000002004,0.5450002857142852,0.18348614234015756,0.19773858862673377,-0.32399340562663925,0.020584670828039442,-0.034485533109748646,False
2019-01-18,CPF,Central Pacific Financial Corp,은행,26.440001,26.68,26.309999,26.549999,22.323706,125400.0,-0.19315333606312324,26.286599960000004,27.35300004,27.934900029999998,-0.008866666666666134,-0.006125002500001031,0.5278576428571421,0.4167771424303149,0.2328418100554115,-0.48413167957479025,-0.011890456239263611,-0.03423884482291505,False
2019-01-22,CPF,Central Pacific Financial Corp,은행,26.4,26.709999,26.26,26.459999,22.248034,127300.0,0.715206987324124,26.255399940000004,27.334600039999998,27.92070003,-0.009200000000001651,-0.00709999999999944,0.5314288571428563,-0.16935474765873784,0.20973586300349267,0.7641771166392067,0.05464269714917846,-0.030181183741476374,False
2019-01-23,CPF,Central Pacific Financial Corp,은행,26.469999,26.540001,26.15,26.34,22.147133,87500.0,0.004245223343035676,26.22459996,27.314800046666665,27.90915003,-0.00989999666666641,-0.005774999999999864,0.48714314285714216,-0.24633211358820345,0.13294786568569725,-0.39255005831621864,-0.029127233505334308,-0.036201357221397806,False
2019-01-24,CPF,Central Pacific Financial Corp,은행,26.280001,26.530001,26.15,26.43,22.222807,102100.0,0.1959265613453498,26.193799979999998,27.29226672,27.897800025000002,-0.01126666333333226,-0.005675002499998527,0.45785757142857086,0.19656767871980144,0.12498136222595954,0.09681150141441558,-0.11061673333784351,-0.04679260508818037,False
2019-01-25,CPF,Central Pacific Financial Corp,은행,26.540001,26.620001,26.299999,26.5,22.281664,63400.0,-0.4409537926367557,26.170199980000003,27.270400046666666,27.884400025,-0.010933336666667515,-0.006700000000000372,0.4257147857142853,0.1644293370796385,0.08650208161020631,-0.5344319346626947,-0.11438407371283212,-0.04820607909296096,False
2019-01-28,CPF,Central Pacific Financial Corp,은행,26.26,26.76,26.26,26.709999,22.458237,103300.0,0.9682420972809025,26.148999959999998,27.251400046666667,27.872700025,-0.009499999999999176,-0.005850000000000577,0.4242861428571426,0.49494663810103884,0.10667683876410672,1.1477552644844229,-0.02943158766476872,-0.04392274818553774,False
2019-01-29,CPF,Central Pacific Financial Corp,은행,26.719999,27.190001,26.700001,27.059999,22.752525,147200.0,2.183942321012222,26.13139992,27.233533373333337,27.860650024999998,-0.00893333666666507,-0.006025000000001057,0.42928614285714267,0.8153070063490822,0.15943869168997257,0.9389199550157096,0.058465713096697285,-0.038265207687912056,False
2019-01-30,CPF,Central Pacific Financial Corp,은행,28.84,29.25,27.799999,28.92,24.316441,331800.0,6.963258036154429,26.1625999,27.229666706666666,27.859400025,-0.0019333333333353409,-0.0006249999999994316,0.5457146428571428,3.4083765651985845,0.41602727507925763,2.1591883577828943,0.23728329806385484,-0.03262282648595813,False
2019-01-31,CPF,Central Pacific Financial Corp,은행,29.219999,29.440001,28.4,28.629999,24.072605,236000.0,4.664432556205456,26.17859988,27.22320003333333,27.855350015,-0.0032333366666676966,-0.002025005000000135,0.586429,-0.49452022324953265,0.38892639582351013,-1.2044400645601019,0.1730499605391435,-0.0400588808990775,False
2019-02-01,CPF,Central Pacific Financial Corp,은행,28.540001,29.139999,28.540001,28.83,24.240774,190400.0,5.1279687766645266,26.20039988,27.221866693333336,27.853300015000006,-0.0006666699999975378,-0.001024999999996723,0.6042861428571425,0.33097068725482653,0.41047291814186604,0.25621990414782103,0.18878879764213422,-0.03797211842500814,False
2019-02-04,CPF,Central Pacific Financial Corp,은행,28.719999,29.08,28.719999,28.93,24.324852,162700.0,4.566224232498972,26.22379988,27.222133366666668,27.851700015000002,0.0001333366666660396,-0.0008000000000016882,0.6000004999999994,0.16666652777789606,0.4333546173294102,-0.39703772537487236,0.15298773447259853,-0.034115173330264564,False
2019-02-05,CPF,Central Pacific Financial Corp,은행,28.84,28.950001,28.459999,28.530001,23.988525,187200.0,2.522197469959253,26.248199919999998,27.221333373333334,27.846100019999998,-0.000399996666667235,-0.0027999975000021493,0.6021434285714279,-0.6642918962829005,0.3677646107106963,-1.0725424294713173,0.0974544932954421,-0.037629495927635745,False
2019-02-06,CPF,Central Pacific Financial Corp,은행,28.540001,29.27,28.540001,29.24,24.585505,329100.0,5.005407726696198,26.286999939999998,27.2226667,27.842600015,0.0006666633333338723,-0.001750002499999681,0.6242862142857136,1.1372972584575742,0.4100232859235386,1.3317547038736488,0.16326425041224893,-0.03159126625146578,False
2019-02-07,CPF,Central Pacific Financial Corp,은행,29.4,29.48,29.18,29.379999,24.70322,238500.0,6.070960832423511,26.322999919999997,27.22453336,27.837600015000003,0.0009333299999987332,-0.0024999999999977263,0.6157147142857138,0.22737640785865404,0.4131583048891455,1.0331615773640204,0.2602038920544389,-0.02887060944767903,False
2019-02-08,CPF,Central Pacific Financial Corp,은행,29.27,29.41,29.030001,29.139999,24.501421,81100.0,4.717157625046253,26.35299992,27.223666686666665,27.82820001,-0.0004333366666671168,-0.004700002500001688,0.6164288571428569,-0.3893393328670565,0.355578556653619,-0.4488019880205826,0.26272744145116805,-0.028471412342116455,False
2019-02-11,CPF,Central Pacific Financial Corp,은행,29.200001,29.379999,28.969999,29.370001,24.694809,119000.0,5.018326759218339,26.386999939999995,27.223733353333333,27.819100009999996,3.3333333334439885e-05,-0.00455000000000183,0.6135717857142856,0.37485752336581707,0.39445086172680144,0.30621706725796466,0.23001600935250785,-0.02216833130691063,False
2019-02-12,CPF,Central Pacific Financial Corp,은행,29.450001,29.610001,29.290001,29.309999,24.644361,207000.0,3.1162746043376988,26.4143999,27.219933353333335,27.8167,-0.0018999999999991246,-0.001200004999997617,0.608571714285714,-0.09859478939211314,0.4050035277408079,-1.3534559753917308,0.1613798724185427,-0.03267048830830152,False
2019-02-13,CPF,Central Pacific Financial Corp,은행,29.290001,29.610001,29.219999,29.540001,24.837749,123500.0,3.211510959406616,26.4545999,27.219466686666667,27.815150005,-0.00023333333333397377,-0.0007749975000006515,0.6092860714285712,0.3774942687606849,0.417926855600871,0.07694666132045308,0.15996095526897397,-0.025965597503029566,False
2019-02-14,CPF,Central Pacific Financial Corp,은행,29.379999,29.709999,29.15,29.5,24.804113,145800.0,2.9903456279747997,26.483799880000003,27.21993335333333,27.817250005000002,0.0002333333333321974,0.0010500000000011056,0.6264287142857141,-0.0638556296794462,0.40162078654665073,0.20281282763736436,0.21262129543326388,-0.02678430985997973,False
2019-02-15,CPF,Central Pacific Financial Corp,은행,29.75,30.0,29.620001,29.83,25.081583,131600.0,2.6485423881464687,26.52299986,27.22440002,27.819350005,0.0022333333333346417,0.0010499999999993292,0.6264287142857141,0.5267957749610521,0.4038957248937945,-0.5958998716613446,0.08807449999428049,-0.021078394596073996,False
2019-02-19,CPF,Central Pacific Financial Corp,은행,29.799999,30.08,29.59,29.99,25.21612,281100.0,2.6292993303698386,26.59559984,27.23173336,27.821300004999998,0.003666669999999428,0.0009749999999986159,0.6264287142857141,0.25541613331445107,0.36390351967703516,0.099129243165825,0.02808944914786016,-0.015828386228176276,False
2019-02-20,CPF,Central Pacific Financial Corp,은행,29.99,30.17,29.889999,30.049999,25.266567,243600.0,2.2915061934660974,26.66559984,27.23820002,27.8253,0.0032333300000004783,0.001999997500000461,0.49000014285714294,0.12244690307670716,0.12919425809690105,-0.08215391969290889,-0.1320064278146972,-0.019960076136897265,False
2019-02-21,CPF,Central Pacific Financial Corp,은행,30.16,30.16,29.719999,29.860001,25.106812,127800.0,1.6293988829151118,26.731599880000005,27.244133366666667,27.826800009999996,0.002966673333332892,0.0007500049999986658,0.447143,-0.424915519196318,0.13416602267213065,-0.005599919500107409,-0.04637498888184046,-0.01535563942025505,False
2019-02-22,CPF,Central Pacific Financial Corp,은행,29.959999,30.110001,29.85,29.9,25.140446,132400.0,0.7821900140104532,26.807599879999998,27.249666700000002,27.82875001,0.0027666666666679163,0.0009750000000021686,0.4228575,0.09459214983770683,0.11728184142805068,-0.6661073208634094,-0.11225550495407122,-0.01951439931985276,False
2019-02-25,CPF,Central Pacific Financial Corp,은행,29.92,30.120001,29.65,29.66,24.938644,155500.0,-0.46036536001812234,26.880199859999998,27.25393336666667,27.827900009999997,0.0021333333333330984,-0.00042500000000167404,0.43071464285714306,-0.5572134683138699,0.06557612742149597,-0.7067913795699834,-0.13438076596800771,-0.02699124045840815,False
2019-02-26,CPF,Central Pacific Financial Corp,은행,29.65,29.65,29.02,29.040001,24.417341,226700.0,-2.5971615775016943,26.937599880000004,27.25340003333333,27.823050015000003,-0.00026666666666841365,-0.002424997499996806,0.4414287857142859,-1.4045277971547903,0.012702134502075278,-1.3080394369123762,-0.1512019807852262,-0.03819876146002668,False
2019-02-27,CPF,Central Pacific Financial Corp,은행,28.809999,29.32,28.809999,29.15,24.688362,135700.0,-2.2616033098027843,27.01179986,27.252400039999998,27.819250014999998,-0.0004999966666670019,-0.0019000000000026773,0.4250003571428572,0.2588209589739803,-0.05004617260389572,0.3238206755964761,-0.22319726851930996,-0.03711008005373602,False
2019-02-28,CPF,Central Pacific Financial Corp,은행,29.16,29.290001,29.129999,29.18,24.713774,137900.0,-1.7424165748681997,27.086999860000002,27.25360004,27.81615002,0.000600000000000378,-0.0015499974999997335,0.41500049999999994,0.07228906953124428,-0.06112383962728213,0.4476662835494004,-0.26501836093464,-0.024646606021820647,False
2019-03-01,CPF,Central Pacific Financial Corp,은행,29.33,29.450001,29.030001,29.08,24.62908,186100.0,-2.651331367566845,27.16319986,27.255600033333334,27.814600025,0.000999996666667613,-0.0007749974999988751,0.4178577142857142,-0.23931591204661945,-0.05040788099725091,-1.1612821948304273,-0.3159098042782003,-0.020154787651011984,False
2019-03-04,CPF,Central Pacific Financial Corp,은행,29.040001,29.43,28.969999,29.35,24.857752,194100.0,-1.2985312955550499,27.253999880000002,27.260600033333333,27.813000024999997,0.0024999999999995026,-0.0008000000000016882,0.42142921428571406,0.6406769887978214,-0.03142077632353631,1.107181364778536,-0.25869806874101664,-0.013552984082146011,False
2019-03-05,CPF,Central Pacific Financial Corp,은행,29.4,29.629999,29.1,29.58,25.052547,461000.0,-0.4060428847079578,27.36879988,27.270533366666665,27.812650025000003,0.004966666666666342,-0.0001749999999969276,0.4364291428571426,0.5270042199617345,0.01326486720173852,0.67370067951744,-0.113901164818933,-0.009038869827355895,False
2019-03-06,CPF,Central Pacific Financial Corp,은행,29.620001,29.629999,28.83,28.99,24.552851,271000.0,-1.7695768038145432,27.47039988,27.278733366666664,27.80830002,0.004099999999999326,-0.002175002500001355,0.4657146428571429,-1.2668701941179488,-0.10418973728959245,-0.43432886414566685,-0.15042084520937013,-0.0131198577894193,False
2019-03-07,CPF,Central Pacific Financial Corp,은행,28.790001,29.01,28.43,28.540001,24.171728,106200.0,-2.3544512210959545,27.56199992,27.285266713333332,27.801900025,0.0032666733333339693,-0.003199997500001217,0.4671432857142858,-0.963299727859573,-0.16843574430245864,0.04805677796233643,-0.1614748487575864,-0.005311556183440066,False
2019-03-08,CPF,Central Pacific Financial Corp,은행,28.309999,28.700001,28.309999,28.59,24.214075,94100.0,-1.7737143743619455,27.66459994,27.29093338,27.794100025,0.0028333333333332433,-0.0038999999999997925,0.45928628571428576,0.1088623839970332,-0.19828812937131715,0.3748140300063734,-0.09213814149560655,-0.006335126212634707,False
2019-03-11,CPF,Central Pacific Financial Corp,은행,28.66,29.02,28.57,28.93,24.502035,112500.0,-1.872512414438765,27.75799994,27.29680005333333,27.78770003,0.0029333366666666194,-0.0031999974999994407,0.456429142857143,0.7449129954140897,-0.1633240677927715,-0.9651306346139034,-0.1681567041941586,-0.012397752381160379,False
2019-03-12,CPF,Central Pacific Financial Corp,은행,28.9,28.9,28.440001,28.690001,24.298773,132600.0,-2.715549011452756,27.845999940000002,27.302933393333333,27.781200035,0.0030666700000008262,-0.003249997499999324,0.47142900000000004,-0.5090883250712216,-0.20843372694619502,-0.8593426896789066,-0.223670187764587,-0.010124120657933005,False
2019-03-13,CPF,Central Pacific Financial Corp,은행,28.799999,28.950001,28.620001,28.68,24.2903,96900.0,-3.202771056958964,27.93499994,27.308933386666666,27.775400035000004,0.0029999966666665046,-0.0028999999999985704,0.463571785714286,-0.02157378923436676,-0.17962360337748423,-0.8248107915570716,-0.2821852500543702,-0.012380287346189397,False
2019-03-14,CPF,Central Pacific Financial Corp,은행,28.549999,28.77,28.469999,28.559999,24.188667,56800.0,-3.26671553466491,28.019199919999995,27.314066706666665,27.768900025000004,0.0025666599999993878,-0.0032500049999999447,0.46642892857142876,-0.25727606640423367,-0.2047570473947657,-0.15387307541494205,-0.24559708966519392,-0.010856452502709382,False
2019-03-15,CPF,Central Pacific Financial Corp,은행,28.540001,28.83,28.469999,28.690001,24.298773,261200.0,-3.041324053531569,28.09279994,27.318666713333332,27.765200030000003,0.002300003333333578,-0.0018499975000008106,0.4585717857142857,0.2834932371547943,-0.14470656843271823,-0.30725962154349934,-0.21705910694901648,-0.015823357857144213,False
2019-03-18,CPF,Central Pacific Financial Corp,은행,28.75,29.049999,28.639999,28.76,24.358057,121700.0,-2.8879458205622877,28.16279994,27.32460004,27.76030003,0.002966663333333841,-0.0024500000000013955,0.44214321428571424,0.15831748116520736,-0.033074762838432685,-0.2833641372018486,-0.1438680141125502,-0.01743812900467141,False
2019-03-19,CPF,Central Pacific Financial Corp,은행,28.799999,28.85,28.4,28.459999,24.103971,136100.0,-3.5464140382186704,28.21559992,27.32933336666667,27.755400020000003,0.0023666633333352394,-0.0024500049999982565,0.4378574285714288,-0.6851568122957216,-0.10050174650055424,-0.669929863695296,-0.21485019549053394,-0.02689790085465038,False
2019-03-20,CPF,Central Pacific Financial Corp,은행,28.450001,28.58,28.02,28.040001,23.74826,194600.0,-4.292867189975002,28.25659994,27.33100003333333,27.747750024999995,0.0008333333333290227,-0.0038249975000042014,0.46642871428571453,-0.9004548543782976,-0.16998345535123582,-0.5760818014781258,-0.2879750587067858,-0.03492646835676067,False
2019-03-21,CPF,Central Pacific Financial Corp,은행,27.950001,28.450001,27.870001,28.34,24.002338,183500.0,-3.9212029526227266,28.30239996,27.330533366666664,27.74040003,-0.0002333333333321974,-0.0036749974999974455,0.47785728571428593,0.6278004102240916,-0.10804657518904216,-0.5033119845816606,-0.2409771865461596,-0.04047898222574118,False
2019-03-22,CPF,Central Pacific Financial Corp,은행,28.02,28.41,27.42,27.58,23.358665,277100.0,-4.291391656961851,28.33579996,27.3260667,27.729100029999998,-0.0022333333333328653,-0.005650000000001043,0.5157143571428574,-1.47368400641496,-0.25907236056138366,0.4984374251490029,-0.2844588965196977,-0.0415921154064727,False
2019-03-25,CPF,Central Pacific Financial Corp,은행,27.610001,27.98,27.43,27.67,23.434887,239800.0,-3.561173724230071,28.37259996,27.319266693333333,27.716400034999996,-0.0034000033333327906,-0.006349997500000981,0.5171430000000002,0.17403310109583495,-0.2842845833375194,0.25714025860463874,-0.31421321229918353,-0.03910138339247883,False
2019-03-26,CPF,Central Pacific Financial Corp,은행,27.719999,28.48,27.719999,28.450001,24.095503,132700.0,-1.4055638557068595,28.424599979999996,27.318466700000002,27.707250034999998,-0.00039999666666545863,-0.0045749999999991076,0.5178573571428571,1.506208204327637,-0.08620755487712038,0.8127336454928504,-0.2251373187535751,-0.0290415894053251,False
2019-03-27,CPF,Central Pacific Financial Corp,은행,28.42,28.700001,28.120001,28.540001,24.171728,123200.0,-0.5030233421228658,28.4804,27.31733338,27.699000034999997,-0.0005666600000004962,-0.004125000000000156,0.5178573571428571,0.17379303153391773,-0.004986643491871045,0.6193938982245615,-0.18432752444913048,-0.02475964505847952,False
2019-03-28,CPF,Central Pacific Financial Corp,은행,28.68,28.870001,28.440001,28.75,24.349585,125600.0,0.00161939087437446,28.5372,27.314000046666667,27.693600035,-0.0016666666666669272,-0.0026999999999990365,0.5207143571428572,0.40329020530998516,0.01604391517333981,0.05566106111280672,-0.20712416508438522,-0.030147513057374606,False
2019-03-29,CPF,Central Pacific Financial Corp,은행,29.0,29.0,28.700001,28.84,24.425812,128100.0,-0.26012461324096403,28.589399999999998,27.31086672,27.690200035000004,-0.0015666633333335511,-0.0016999999999978144,0.51,0.17647058823529382,-0.02455911391085989,-0.5126242222649704,-0.1748022784880329,-0.034840691931444706,False
2019-04-01,CPF,Central Pacific Financial Corp,은행,28.950001,29.620001,28.950001,29.370001,24.874689,160900.0,0.5421132599446654,28.650200019999996,27.31240006666667,27.690600035,0.0007666733333344666,0.00019999999999775753,0.5307144285714285,0.9986557204156852,0.08313688933820486,-0.13432307632079987,-0.1230151632481681,-0.034869905050420084,False
2019-04-02,CPF,Central Pacific Financial Corp,은행,29.23,29.26,28.940001,29.07,24.620609,93400.0,-0.2590946944491579,28.700600039999998,27.313400066666667,27.68990004,0.0004999999999988347,-0.00034999749999897745,0.5378572857142855,-0.5577706353862822,0.04483711461306805,-0.5595690640954164,-0.1040693255723356,-0.028960002340186464,False
2019-04-03,CPF,Central Pacific Financial Corp,은행,29.370001,29.370001,29.040001,29.15,24.688362,163700.0,-0.04392251960454452,28.75440006,27.31666673333333,27.689550045,0.0016333333333324873,-0.00017499750000027348,0.5400000714285712,0.14814812855183176,0.07379598568135844,-0.06845048150267685,-0.0979677117214595,-0.018077158029129632,False
2019-04-04,CPF,Central Pacific Financial Corp,은행,29.110001,29.639999,29.110001,29.639999,25.103367,109600.0,1.469039816265516,28.82040004,27.32466672,27.691200045000002,0.0039999933333341176,0.0008250000000007418,0.5521427142857142,0.8874499061966141,0.11693574775577413,0.6724467947615702,-0.027988681985383117,-0.009962091287964327,False
2019-04-05,CPF,Central Pacific Financial Corp,은행,29.559999,29.84,29.299999,29.75,25.196529,78400.0,1.4447224669334346,28.886800039999997,27.332400053333338,27.69090005,0.0038666666666689053,-0.00014999750000121992,0.5614284999999999,0.19593055927869796,0.11962239619245205,-0.28272628947402834,-0.027943121433395945,-0.008740398285946633,False
2019-04-08,CPF,Central Pacific Financial Corp,은행,29.559999,29.66,29.35,29.52,25.001734,97600.0,0.6543801040516994,28.94720004,27.340666713333334,27.689600045000002,0.004133329999998381,-0.000650002499998692,0.557857071428571,-0.4122919862089622,0.13911274091293485,-0.5249652746562337,-0.017588507930605783,-0.011921466159527355,False
2019-04-09,CPF,Central Pacific Financial Corp,은행,29.4,29.6,29.17,29.33,24.840807,89300.0,0.6603430475046634,28.999600060000002,27.34733338,27.68845005,0.003333333333332078,-0.0005749975000011176,0.5485713571428568,-0.3463542117648739,0.17869135824246513,0.3223988685945147,0.04658868278886854,-0.010404866044143245,False
2019-04-10,CPF,Central Pacific Financial Corp,은행,29.4,29.610001,29.209999,29.59,25.061018,148300.0,1.179692379011188,29.05020008,27.35660004,27.687700050000004,0.004633330000000768,-0.00037499999999823785,0.5357143571428568,0.48533326862223414,0.16851513384233247,0.06874563605745182,0.087449941405948,-0.009524915833529848,False
2019-04-11,CPF,Central Pacific Financial Corp,은행,29.709999,29.780001,29.530001,29.65,25.111837,75400.0,1.332813810922695,29.06480008,27.36513336666666,27.68845005,0.004266663333330811,0.00037499999999823785,0.482857214285714,0.12426033664787663,0.2826540154896779,0.11900678497054186,0.06034775282177222,-0.014635082857500882,False
2019-04-12,CPF,Central Pacific Financial Corp,은행,30.0,30.18,29.549999,29.889999,25.3151,183800.0,1.4243404713982777,29.09000008,27.376000026666667,27.689900044999998,0.0054333300000024565,0.0007249974999989917,0.48857157142857105,0.49122587975851706,0.30531064253701234,-0.42759595988753096,0.011438022929474375,-0.019638932405015633,False
2019-04-15,CPF,Central Pacific Financial Corp,은행,30.0,30.0,29.4,29.42,24.91704,94500.0,-0.09448109235489222,29.101800079999997,27.383066686666666,27.69185004,0.003533329999999779,0.0009749975000001854,0.47357157142857126,-0.9924561108729638,0.12683462002268373,-0.898439468013829,-0.11078862803528844,-0.029850882389849537,False
2019-04-16,CPF,Central Pacific Financial Corp,은행,29.49,29.889999,29.43,29.889999,25.3151,142700.0,1.3326772000650466,29.121000059999997,27.395600013333333,27.69685004,0.0062666633333332555,0.002500000000001279,0.4657143571428567,1.0092001519631633,0.18650655719620124,0.9263179785854737,-0.08886547943808044,-0.015786006272464556,False
2019-04-17,CPF,Central Pacific Financial Corp,은행,29.870001,30.120001,29.57,30.0,25.408266,150200.0,1.7294236982141165,29.15040004,27.408666673333332,27.70360004,0.006533329999999893,0.003375000000000128,0.4742858571428566,0.2319297494187514,0.1742665246325417,0.599741298864843,-0.05000260531293498,-0.008348862833695675,False
2019-04-18,CPF,Central Pacific Financial Corp,은행,29.93,29.99,29.309999,29.360001,24.86622,100700.0,-0.6855533279409798,29.15280006,27.41866667333333,27.70520004,0.004999999999999005,0.0007999999999999119,0.5021431428571422,-1.2745349789274665,0.07062326983520166,-1.5335993639566827,-0.12292940114805728,-0.015122200123403443,False
2019-04-22,CPF,Central Pacific Financial Corp,은행,29.4,29.440001,28.799999,28.92,24.493565,84100.0,-2.3196536961148984,29.143600080000002,27.427533339999997,27.704300040000003,0.004433333333333067,-0.00044999999999895124,0.49214321428571367,-0.8940507300067257,-0.06457004805211339,-1.0764372126648418,-0.19022326802977457,-0.012335243483515532,False
2019-04-23,CPF,Central Pacific Financial Corp,은행,29.08,29.549999,28.860001,29.540001,25.018673,132600.0,-1.1879245030215535,29.15160012,27.439133353333332,27.705650045,0.005800006666667912,0.0006750024999977455,0.5107144999999994,1.2139874626626015,0.061984101808521166,-0.28663341735420134,-0.17072786469111634,-0.017420778879226793,False
2019-04-24,CPF,Central Pacific Financial Corp,은행,29.549999,30.82,29.549999,30.65,25.958776,190800.0,2.560834384194899,29.1772001,27.45953335333333,27.71210004,0.01019999999999932,0.0032249975000002706,0.578571571428571,1.918516316415723,0.1884389723702277,2.3089523387415793,-0.0009133775308122998,-0.004511062487269768,False
2019-04-25,CPF,Central Pacific Financial Corp,은행,30.41,30.540001,29.68,29.709999,25.162649,116800.0,-0.5380839331119991,29.185200100000003,27.47440001333333,27.71125004,0.007433329999999572,-0.0004249999999998977,0.6100002857142852,-1.5409845241290276,0.014979370204110427,-1.4770962334923718,-0.15445216526323674,-0.006890054568436644,False
2019-04-26,CPF,Central Pacific Financial Corp,은행,29.559999,30.0,29.469999,30.0,25.408266,105100.0,-0.032141199338342474,29.19440008,27.491733346666667,27.713200035,0.008666666666668377,0.0009749975000001854,0.6092859999999993,0.47596859274626446,0.03498208688036518,-0.30697869821842294,-0.15618448017355063,-0.0061559518772974255,False
2019-04-29,CPF,Central Pacific Financial Corp,은행,30.02,30.290001,29.879999,29.92,25.340508,144500.0,-0.4012442228778834,29.202800079999996,27.50653334,27.715650035,0.007399996666666908,0.0012249999999998096,0.6100004285714279,-0.13114744884253915,0.0550638395493954,-0.31479126081905995,-0.14117205061375254,-0.0054421411848551565,False
2019-04-30,CPF,Central Pacific Financial Corp,은행,30.02,30.049999,29.629999,30.01,25.416735,225000.0,-0.16912206464321233,29.206400079999998,27.52213334,27.719900035000002,0.007799999999999585,0.0021250000000012648,0.6092861428571421,0.14771384686013111,0.09035441516546718,-0.014393150263803028,-0.16522862338934666,-0.0053967417792877975,False
2019-05-01,CPF,Central Pacific Financial Corp,은행,30.059999,30.15,29.440001,29.58,25.052547,267900.0,-0.8453338220671069,29.198200080000003,27.538,27.72335004,0.007933330000000183,0.0017250024999988511,0.631428785714285,-0.6809952440061449,0.007045235692011542,0.5040892294478894,-0.13413265243288683,0.002249593595946345,False
2019-05-02,CPF,Central Pacific Financial Corp,은행,29.469999,30.030001,29.469999,29.790001,25.23041,101300.0,0.03882670559340884,29.193000119999997,27.55566668,27.726900045,0.008833340000000689,0.001775002500000511,0.6535717857142848,0.32131282988370286,0.02112041378028484,0.6308935940448428,-0.09756930892757963,0.006052689556555901,False
2019-05-03,CPF,Central Pacific Financial Corp,은행,29.84,30.370001,29.84,30.34,25.696226,91000.0,0.910141596726155,29.202600099999998,27.579200019999995,27.733750049999998,0.011766669999996537,0.003425002499998442,0.6500002857142846,0.8461519357573919,0.046472274923061614,-0.5163407296672677,-0.10390822105470367,0.004539521454540115,False
2019-05-06,CPF,Central Pacific Financial Corp,은행,29.83,30.51,29.83,30.43,25.772449,117500.0,1.6179480678325753,29.213200100000005,27.606800013333334,27.740550049999996,0.013799996666669756,0.0033999999999991815,0.6557145714285705,0.13725484215475287,0.12716591442504138,0.7076467530920127,0.010812223309999305,0.02056587201319113,False
2019-05-07,CPF,Central Pacific Financial Corp,은행,30.040001,30.33,29.879999,30.09,25.484489,84900.0,2.050085618954056,29.2218001,27.631200013333334,27.74590005,0.012199999999999989,0.0026750000000017593,0.661428999999999,-0.5140385438195185,0.018363150440564104,1.2803871221588508,0.03610287642238338,0.026769339178807396,False
2019-05-08,CPF,Central Pacific Financial Corp,은행,30.01,30.049999,29.32,29.360001,24.86622,118300.0,-0.2685622487292316,29.2282001,27.65306668666667,27.74710005,0.010933336666667515,0.000600000000000378,0.6771432142857134,-1.0780570263412312,-0.0752073335422918,-0.9074281258918284,-0.07155208248880743,0.030247434403575257,False
2019-05-09,CPF,Central Pacific Financial Corp,은행,29.17,29.629999,29.08,29.549999,25.027138,92100.0,0.6571650134004514,29.23620008,27.676133346666667,27.74835005,0.011533329999998898,0.0006249999999994316,0.6671430714285709,0.2847934845417064,0.03617327099122055,0.5844823683284757,0.07973946981727531,0.03353942536361578,False
2019-05-10,CPF,Central Pacific Financial Corp,은행,29.52,29.639999,29.18,29.6,25.069485,81200.0,0.45018120831255004,29.24460008,27.695400020000005,27.75135005,0.009633336666668768,0.0015000000000000568,0.6542857142857138,0.07642074235808131,0.10549266187442106,-0.2492014850793413,0.13882773607338247,0.02321201264060228,False
2019-05-13,CPF,Central Pacific Financial Corp,은행,29.17,29.309999,28.52,28.65,24.264891,94700.0,-0.32491171118143036,29.236000080000004,27.70846668,27.750700045,0.0065333299999981165,-0.0003250025000003376,0.6821429999999997,-1.392669865409457,-0.08069714727358311,0.5129668108260286,0.19594203808625604,0.018827965522306107,False
2019-05-14,CPF,Central Pacific Financial Corp,은행,28.59,29.25,28.549999,29.18,24.713774,72000.0,0.6282291665309359,29.232600079999997,27.727266673333336,27.753600045000002,0.009399996666667576,0.0014500000000019497,0.6407145714285711,0.8272014148488696,-0.1586482116712155,0.24359204804343493,0.048416303036388594,0.020300615962825463,False
2019-05-15,CPF,Central Pacific Financial Corp,은행,28.91,28.91,28.469999,28.67,24.281832,144700.0,-1.595969612770376,29.21440008,27.74086668,27.756500045000003,0.006800003333331972,0.0014500000000001734,0.622143214285714,-0.8197469461842991,-0.10713124181802061,-1.230535312412087,0.06602779739926608,0.007837237194850424,False
2019-05-16,CPF,Central Pacific Financial Corp,은행,28.85,29.280001,28.85,29.09,24.637547,71400.0,-0.9234270725163474,29.21640008,27.755866680000004,27.763150045000003,0.007500000000002061,0.0033250000000002444,0.6278574999999995,0.6689415990093269,-0.09334745565637328,0.059856154889492474,0.09223028690697432,0.004008255361870129,False
2019-05-17,CPF,Central Pacific Financial Corp,은행,28.780001,29.280001,28.780001,28.780001,24.374996,88400.0,-1.3834059036210156,29.22120008,27.771066686666668,27.769250054999997,0.007600003333331884,0.003050004999996858,0.6342859285714282,-0.4887369970483141,-0.11888956624250005,-0.09955698745675345,0.1076041635757105,-0.015164603980748365,False
2019-05-20,CPF,Central Pacific Financial Corp,은행,28.66,29.450001,28.66,29.360001,24.86622,89500.0,1.093429175506544,29.2366001,27.79333336,27.77735006,0.011133336666665272,0.004050002500001426,0.6607145714285713,0.8778374582324535,-0.06673787971590563,1.322159234877803,0.20307219108582522,-0.011977369598767107,False
2019-05-21,CPF,Central Pacific Financial Corp,은행,29.34,29.58,29.209999,29.309999,24.823872,115800.0,-0.008812469800700828,29.24420008,27.819266686666662,27.78365006,0.012966663333331852,0.003149999999999764,0.6364289999999997,-0.07856650152648487,-0.023707255253072757,-0.6360286293879613,0.12163520116897876,-0.0019297198971326482,False
2019-05-22,CPF,Central Pacific Financial Corp,은행,29.209999,29.33,28.780001,29.040001,24.5952,86000.0,-0.5017771490991807,29.25120008,27.84166669333333,27.790000065,0.011200003333334152,0.003175002500000801,0.6357144999999998,-0.42471581189354835,-0.07699501538001928,-0.2324802901672252,0.05996563801097391,-0.009380511464142923,False
2019-05-23,CPF,Central Pacific Financial Corp,은행,28.799999,28.969999,28.299999,28.52,24.154791,131100.0,-1.082066851878094,29.248000079999997,27.859066693333332,27.793700060000003,0.00870000000000104,0.0018499975000008106,0.6471432142857143,-0.8035331106329421,-0.1948296615507574,-0.022041236480425663,0.0952727446671769,-0.0016750056144588432,False
2019-05-24,CPF,Central Pacific Financial Corp,은행,28.66,28.98,28.5,28.889999,24.468157,137400.0,0.056862470979823776,29.25460008,27.879466686666667,27.799200050000003,0.010199996666667488,0.0027499950000002826,0.6328574999999999,0.584648202794468,-0.1628729929336349,0.49297225129126365,0.07993885168140911,0.0023579426140258957,False
2019-05-28,CPF,Central Pacific Financial Corp,은행,28.9,28.950001,28.52,28.540001,24.171728,79200.0,-0.32909619891443587,29.25160008,27.899800026666664,27.801900055,0.01016666999999849,0.001350002499998837,0.6242860714285714,-0.5606372078734498,-0.16620146893748713,0.039226141252478586,-0.008715504097617474,-0.00018867902929373088,False
2019-05-29,CPF,Central Pacific Financial Corp,은행,28.25,28.76,28.23,28.719999,24.324179,116200.0,0.932187495417236,29.250800059999996,27.923600020000002,27.806150045,0.011899996666668855,0.0021249949999990747,0.6071432142857144,0.29646711972522566,-0.06802117278988307,0.7772117271280784,0.111615913975233,0.008444323363898531,False
2019-05-30,CPF,Central Pacific Financial Corp,은행,28.57,28.620001,27.940001,28.129999,24.016817,100500.0,-1.333506576790544,29.244200059999997,27.947600006666672,27.80805004,0.011999993333335013,0.0009499975000011318,0.6235717142857143,-0.9461622239806531,-0.15594658054148017,-1.0966468019504574,-0.00846474104469078,0.005562895643702147,False
2019-05-31,CPF,Central Pacific Financial Corp,은행,27.84,27.860001,27.559999,27.790001,23.72653,116400.0,-1.168108299260684,29.239200059999998,27.96933334,27.808050039999998,0.01086666666666325,-1.7763568394002505e-15,0.6314289285714286,-0.5384580664829962,-0.1998664954587,0.46049715995037743,0.04222801931457484,0.006510019005732749,False
2019-06-03,CPF,Central Pacific Financial Corp,은행,27.790001,28.049999,27.57,27.860001,23.786297,113700.0,-0.5721287746904502,29.22960008,27.99520001333333,27.805300045,0.012933336666666406,-0.0013749974999992531,0.5885717142857142,0.11893198110098055,-0.09189493499366876,0.34560180178216215,0.030273375811441527,0.0030294606800872763,False
2019-06-04,CPF,Central Pacific Financial Corp,은행,28.17,28.49,28.17,28.450001,24.29003,109900.0,-0.485814361354886,29.2470001,28.00793334666667,27.80630005,0.006366666666668408,0.0005000025000008179,0.5835715714285712,1.0110156643780506,-0.0787653457415844,-0.6716192759131481,-0.035098861614028684,-0.015246582672571798,False
2019-06-05,CPF,Central Pacific Financial Corp,은행,28.48,28.5,28.09,28.33,24.187572,81500.0,-1.5103117755385087,29.260200100000002,28.023066686666667,27.804500045,0.00756666999999922,-0.0009000024999998857,0.5621429285714284,-0.2134706209058968,-0.035459893935984234,-0.8918813454487344,-0.01090929254521779,-0.022990560269443183,False
2019-06-06,CPF,Central Pacific Financial Corp,은행,28.24,28.379999,27.93,28.190001,24.068047,61000.0,-2.459232282414392,29.255000100000004,28.032933366666665,27.802600050000002,0.00493333999999912,-0.0009499974999993555,0.5507142142857145,-0.25421352194727814,-0.10139954543288458,-0.7812448488768566,-0.07098793567138559,-0.03492593087929657,False
2019-06-07,CPF,Central Pacific Financial Corp,은행,28.309999,28.459999,28.209999,28.33,24.187572,151500.0,-2.7856225349374264,29.250800079999998,28.04000003333333,27.800700054999997,0.0035333333333333883,-0.0009499975000029082,0.5342855000000003,0.26203031899611623,-0.04777330857256815,-0.625516212028397,-0.10855645171221727,-0.03866129880136363,False
2019-06-10,CPF,Central Pacific Financial Corp,은행,28.41,28.85,28.41,28.5,24.332718,62000.0,-2.4635457747590572,29.24580008,28.049733359999998,27.796950054999996,0.004866663333332966,-0.001875000000000071,0.5149997142857148,0.3300972705116649,-0.08689760769548162,-0.06535136628398108,-0.20766435179520187,-0.033961329486711316,False
2019-06-11,CPF,Central Pacific Financial Corp,은행,28.68,28.790001,28.34,28.450001,24.29003,72600.0,-2.441524157638175,29.238000100000004,28.055533366666666,27.792650064999997,0.002900003333333956,-0.0021499949999999046,0.5207140000000007,-0.09602008012075654,-0.08814429188078675,-0.06640540358981004,-0.16697697852390533,-0.03541914347130553,False
2019-06-12,CPF,Central Pacific Financial Corp,은행,28.66,28.85,28.530001,28.549999,24.375401,98700.0,-1.7133695002630844,29.22160006,28.06100002666667,27.789700064999998,0.0027333300000016436,-0.001474999999999227,0.509999714285715,0.19607461964964534,-0.04380211819913005,0.36864962548486147,-0.12403912740589913,-0.036183729271362604,False
2019-06-13,CPF,Central Pacific Financial Corp,은행,28.610001,28.870001,28.610001,28.860001,24.640081,104700.0,-1.0144049659698506,29.217400079999997,28.068200026666666,27.789400069999996,0.0035999999999987153,-0.00014999750000121992,0.4799997142857149,0.6458378844273129,0.059724381448031015,0.27176711015413063,-0.10305281693200227,-0.03296656347338059,False
2019-06-14,CPF,Central Pacific Financial Corp,은행,28.790001,28.940001,28.59,28.879999,24.65715,66100.0,-0.7317392269870604,29.21200006,28.073933353333334,27.790500065,0.002866663333334074,0.000549997500002064,0.47071407142857197,0.042484389598358645,0.02099839479116606,0.19236211842445453,-0.12452496927963148,-0.031634693908251445,False
2019-06-17,CPF,Central Pacific Financial Corp,은행,28.93,28.93,28.33,28.360001,24.213188,76500.0,-2.488744444528379,29.1864001,28.07713336666667,27.790100065,0.001600006666667042,-0.00019999999999953388,0.4828568571428577,-1.0769195721417597,-0.015878916942284643,-1.169530174652476,-0.21086470612998537,-0.031166757817380267,False
2019-06-18,CPF,Central Pacific Financial Corp,은행,28.360001,28.950001,28.35,28.68,24.486399,133200.0,-2.0905616198599763,29.1650001,28.081866706666666,27.790550064999998,0.002366669999998905,0.00022499999999858744,0.487856928571429,0.6559279601440507,0.00979685737334572,-0.29957040323777684,-0.28777771544183217,-0.0347868543574577,False
2019-06-19,CPF,Central Pacific Financial Corp,은행,28.719999,28.870001,28.58,28.58,24.401016,100100.0,-2.495758631993772,29.1462001,28.087866706666663,27.792050059999998,0.0029999999999983373,0.0007499974999998216,0.4528571428571431,-0.22082018927445096,0.061607002709503,-0.5186108382237703,-0.2464894323184974,-0.03892581281876509,False
2019-06-20,CPF,Central Pacific Financial Corp,은행,28.639999,28.719999,28.120001,28.48,24.315643,83300.0,-3.494975349210183,29.1292001,28.092600040000004,27.79280006,0.002366666666670625,0.00037500000000179057,0.45499985714285757,-0.21978028878501513,0.08436970111650166,-1.1833774815161617,-0.36390904956610737,-0.05432712736595895,False
2019-06-21,CPF,Central Pacific Financial Corp,은행,28.469999,28.82,28.32,28.530001,24.35833,214200.0,-2.9920749501445076,29.10800012,28.096533373333337,27.79445006,0.001966666666666228,0.0008249999999989654,0.45642850000000046,0.10954837395122814,0.08369944346294791,0.24455345407542323,-0.3711267886880173,-0.054746895776124994,False
2019-06-24,CPF,Central Pacific Financial Corp,은행,28.5,28.860001,28.469999,28.690001,24.494936,134800.0,-2.04199346045858,29.08880014,28.105400040000003,27.796050060000002,0.004433333333333067,0.0008000000000016882,0.43928585714285767,0.3642275238284474,0.03750029056654769,0.5767652204227746,-0.2819564675211656,-0.047511557631361646,False
2019-06-25,CPF,Central Pacific Financial Corp,은행,28.67,28.91,28.280001,28.85,24.631538,116100.0,-0.4034826696187044,29.068000159999997,28.112200039999994,27.799000059999997,0.0033999999999956287,0.0014749999999974506,0.4550000714285721,0.35164609864269003,0.0778657705343039,1.5008596348959022,-0.11104639749654875,-0.03845903069863683,False
2019-06-26,CPF,Central Pacific Financial Corp,은행,28.91,29.16,28.860001,28.889999,24.665688,148600.0,0.061776621646947305,29.05740014,28.119866699999996,27.80165005,0.0038333300000008563,0.0013249950000009392,0.4450001428571433,0.08988536440276795,0.10244426241645006,0.2422878103168947,-0.03793692183985222,-0.034951130872902525,False
2019-06-27,CPF,Central Pacific Financial Corp,은행,28.75,29.33,28.75,29.33,25.041349,155200.0,1.228941458667454,29.04620016,28.13033336666666,27.808250049999998,0.005233333333332979,0.0032999999999994145,0.4671431428571431,0.9418975890534592,0.15100621027768882,0.4301051441873256,0.03746460360412796,-0.039102986740431216,False
2019-06-28,CPF,Central Pacific Financial Corp,은행,29.42,29.969999,29.389999,29.959999,25.579233,255900.0,2.76651218307431,29.04540014,28.148000033333336,27.817850040000003,0.008833333333337023,0.00479999500000261,0.4757145000000002,1.324321625680952,0.22202223564692364,0.5179146421180443,0.07912646134712976,-0.03788781771023221,False
2019-07-01,CPF,Central Pacific Financial Corp,은행,30.08,30.26,29.860001,30.030001,25.639,186400.0,2.233150932971073,29.058800140000002,28.166200046666667,27.828700040000005,0.00910000666666555,0.005425000000000679,0.47214292857142887,0.1482644253760298,0.23947112889669406,-0.9176185371075763,0.018325523238717896,-0.04269743243485203,False
2019-07-02,CPF,Central Pacific Financial Corp,은행,29.93,30.030001,29.52,29.83,25.468245,108300.0,1.3147072196955323,29.07700014,28.181200046666667,27.839900040000003,0.007500000000000284,0.005599999999999383,0.48000021428571443,-0.4166685639872488,0.19570375863691591,-0.8219348877120556,-0.06671622770391904,-0.05394325585811822,False
2019-07-03,CPF,Central Pacific Financial Corp,은행,29.93,30.030001,29.719999,29.98,25.596308,47800.0,1.0575365588303631,29.08580012,28.19680005333333,27.850800045,0.007800003333331418,0.005450002499998163,0.4792859285714286,0.312965582876793,0.17192716566902164,-0.7262845499743411,-0.13800563199880986,-0.05311090538470849,False
2019-07-05,CPF,Central Pacific Financial Corp,은행,30.120001,30.530001,30.08,30.469999,26.014658,74300.0,2.7521954601004817,29.0822001,28.215466713333328,27.86520004,0.009333329999998696,0.0071999975000007765,0.49357164285714283,0.9927616529254782,0.23980411304953023,1.2292340685158032,-0.06394334984942783,-0.04390498349158673,False
2019-07-08,CPF,Central Pacific Financial Corp,은행,30.23,30.440001,29.82,29.84,25.476784,122600.0,1.0313309231888113,29.08480012,28.228133373333332,27.87700004,0.006333330000002135,0.005899999999998684,0.49714299999999995,-1.267239003666956,0.2262098679405876,-0.6543990956618481,-0.02714827277866869,-0.04179434037981682,False
2019-07-09,CPF,Central Pacific Financial Corp,은행,29.74,30.07,29.74,30.0,25.613388,108000.0,1.347736971837854,29.08480012,28.24460003333333,27.89000004,0.008233329999999484,0.0065000000000008384,0.4778572142857144,0.33482805159520923,0.2032741601870989,0.1673789625436991,0.006205253348579591,-0.037180097099835135,False
2019-07-10,CPF,Central Pacific Financial Corp,은행,30.120001,30.219999,29.84,29.959999,25.579233,98100.0,0.6816509314949482,29.0856001,28.257400020000006,27.90130003,0.006399993333337406,0.005649995000000629,0.4842856428571431,-0.08259794728583325,0.21314717747200018,-0.6881871276262347,-0.005907338751596436,-0.043700528186393,False
2019-07-11,CPF,Central Pacific Financial Corp,은행,29.889999,30.08,29.66,29.99,25.604851,102900.0,0.5106171340658605,29.0852001,28.27153334666667,27.91290003,0.007066663333331391,0.005799999999998917,0.47142864285714275,0.06363847520628871,0.23339137489995046,-0.26358217701846587,0.05979232585538184,-0.03896129140486796,False
2019-07-12,CPF,Central Pacific Financial Corp,은행,29.98,30.42,29.98,30.18,25.767067,75200.0,0.6652545969302537,29.0972001,28.297000006666664,27.927800024999996,0.012733329999997878,0.0074499974999984175,0.4671429285714286,0.4067277665553901,0.2546184743716763,-0.26383737224421533,0.023478695403979084,-0.03985380542631067,False
2019-07-15,CPF,Central Pacific Financial Corp,은행,30.17,30.25,29.76,29.860001,25.493853,107400.0,-0.37083077006657694,29.098600100000002,28.319066686666666,27.941400034999997,0.01103334000000089,0.006800005000000553,0.4742856428571428,-0.6746967883579486,0.18040959492979086,-0.7005041788229086,-0.06775483311356971,-0.04693695223667805,False
2019-07-16,CPF,Central Pacific Financial Corp,은행,29.84,30.059999,29.66,30.0,25.613388,89000.0,0.35121226838241704,29.0918001,28.342000026666664,27.957350039999998,0.011466669999999013,0.007975002500000272,0.45785707142857135,0.30577009450391396,0.17713273749130684,0.8360219993519178,-0.11524323565242575,-0.05005294981222029,False
2019-07-17,CPF,Central Pacific Financial Corp,은행,29.84,30.01,29.6,30.0,25.613388,204600.0,0.8980364356711901,29.083200100000003,28.368000026666664,27.975900035,0.0129999999999999,0.009274997500000381,0.46499992857142863,0.0,0.1707123543196806,1.008745293596671,-0.06049627256101315,-0.03839237790985955,False
2019-07-18,CPF,Central Pacific Financial Corp,은행,29.879999,30.139999,29.68,29.91,25.536541,270100.0,0.12563963367575592,29.079600099999997,28.393866686666666,27.993300035,0.012933330000000964,0.00870000000000104,0.45642842857142873,-0.19718316030771801,0.08934944365102507,-0.7279576290279263,-0.14321504207638827,-0.042722679341450964,False
2019-07-19,CPF,Central Pacific Financial Corp,은행,29.809999,30.08,29.809999,29.879999,25.510931,109600.0,0.4466210842430929,29.090000059999998,28.418600013333332,28.012300030000002,0.01236666333333325,0.009499997500000745,0.4299999999999997,-0.06976976744185728,-0.01022851300060417,0.8139779375608932,-0.1220676638304705,-0.036681959061593016,False
2019-07-22,CPF,Central Pacific Financial Corp,은행,29.82,30.02,29.59,29.9,25.528008,173100.0,0.05664256976993798,29.097000079999997,28.448333339999998,28.03135003,0.014866663333332752,0.00952499999999823,0.43214292857142816,0.04628329813498526,-0.01751287923210735,-0.38869422216021987,-0.08428735561994505,-0.03278593488940897,False
2019-07-23,CPF,Central Pacific Financial Corp,은행,29.98,30.1,29.73,30.07,25.673151,116200.0,-0.19057899160654923,29.10640008,28.47933334,28.048150035000003,0.01550000000000118,0.008400002500001946,0.4221428571428569,0.4027072758037268,0.041013966467248045,-0.6394638983546767,-0.07125371352298941,-0.04323103440704851,False
2019-07-24,CPF,Central Pacific Financial Corp,은행,29.4,30.120001,29.059999,29.67,25.331638,201800.0,-1.9469666510695705,29.126800080000002,28.50866667333333,28.06305003,0.014666666666665051,0.0074499974999984175,0.4757142857142855,-0.8408408408408383,-0.04140077808401133,-1.559409225509777,-0.13076261891837768,-0.05882656437488647,False
2019-07-25,CPF,Central Pacific Financial Corp,은행,29.370001,29.43,28.16,28.440001,24.28149,208700.0,-5.303647959383351,29.1120001,28.53286668666667,28.073450030000004,0.012100006666669216,0.005200000000002092,0.5442856428571429,-2.259840978981761,-0.273729537505957,-1.4328134820081657,-0.3209088725272326,-0.06440292739115729,False
2019-07-26,CPF,Central Pacific Financial Corp,은행,28.5,29.059999,28.5,28.98,24.742531,184300.0,-3.997140170626423,29.1182001,28.567133353333332,28.085200035,0.01713333333333189,0.005875002499998061,0.5421427142857144,0.9960458487604374,-0.11206633376114317,-0.14199580441836301,-0.2843086374384122,-0.06193160041300324,False
2019-07-29,CPF,Central Pacific Financial Corp,은행,29.65,29.65,29.0,29.02,24.776684,142700.0,-3.429165064799089,29.1168001,28.601200020000004,28.096100035000003,0.017033333333335676,0.005450000000001509,0.5664284285714284,0.0706179244938004,-0.1309384856969581,0.3279160441324368,-0.27284170303921673,-0.06460223866141522,False
2019-07-30,CPF,Central Pacific Financial Corp,은행,29.120001,29.610001,29.120001,29.379999,25.08404,405800.0,-1.7908565284634026,29.12880006,28.637333353333336,28.110500030000004,0.01806666666666601,0.0071999975000007765,0.5814285714285712,0.6191628992629029,-0.08081271094347693,1.0342205222622496,-0.14981258519003923,-0.06321342125002054,False
2019-07-31,CPF,Central Pacific Financial Corp,은행,29.549999,29.780001,29.389999,29.469999,25.160885,343900.0,-0.3327947734103276,29.131000020000002,28.677400019999997,28.127750025,0.02003333333333046,0.008624997499998344,0.5800001428571425,0.15517237557330635,-0.07427457520297566,1.6434270287353463,-0.01359764192190982,-0.05459716085014747,False
2019-08-01,CPF,Central Pacific Financial Corp,은행,29.469999,29.74,28.85,28.870001,24.648615,221300.0,-1.359730878298504,29.12220006,28.708133360000005,28.145000030000002,0.015366670000004135,0.008625002500000534,0.6121429999999994,-0.980159864606805,-0.17333797742884677,0.054498813520990064,0.009140657061319144,-0.04999777861364408,False
2019-08-02,CPF,Central Pacific Financial Corp,은행,28.65,28.870001,28.370001,28.83,24.614462,98100.0,-0.5949400263040028,29.118000040000002,28.738400020000004,28.16075003,0.01513332999999939,0.007874999999998522,0.6128572857142852,-0.06526968175531928,-0.12980746981437324,0.7003671322626095,0.10920289356742759,-0.043594942261783835,False
2019-08-05,CPF,Central Pacific Financial Corp,은행,28.4,28.74,27.82,28.200001,24.076582,122000.0,0.2748790050291383,29.11160006,28.76486669333333,28.172200035,0.01323333666666393,0.005725002500000187,0.656428785714285,-0.9597370098791025,-0.22020083441316013,1.5379983290992993,0.15934405997795484,-0.03314508739690486,False
2019-08-06,CPF,Central Pacific Financial Corp,은행,28.32,28.360001,27.889999,28.26,24.12781,137700.0,-0.6714542636411802,29.09900008,28.79093336,28.184350034999998,0.01303333333333434,0.006074999999999164,0.6607146428571422,0.09080924821121916,-0.21371445954093019,-0.9296440425918814,0.020887678821629667,-0.038227467475524184,False
2019-08-07,CPF,Central Pacific Financial Corp,은행,27.92,27.969999,27.42,27.860001,23.786297,112300.0,-1.9788990405138818,29.08540008,28.809933366666666,28.196200039999997,0.009500003333332785,0.005925002499999721,0.6878575714285707,-0.5815142794303577,-0.24116668233540445,-0.6378395380464412,0.027324685320307168,-0.047681257534813525,False
2019-08-08,CPF,Central Pacific Financial Corp,은행,28.0,28.540001,27.99,28.299999,24.161961,106500.0,-2.083323768958778,29.07700008,28.830200026666663,28.211950035,0.010133329999998608,0.007874997500001868,0.7171432142857138,0.613542722339281,-0.19235864735103742,-0.7064927982795147,-0.08128036723972197,-0.060642306183807254,False
2019-08-09,CPF,Central Pacific Financial Corp,은행,28.23,28.51,28.0,28.450001,24.29003,149300.0,-0.7743288480117405,29.08340012,28.847733366666663,28.231550035,0.008766669999999976,0.009800000000000253,0.7228574999999997,0.20751254569538352,-0.1808422725252947,0.6628471770256017,-0.006170267297877571,-0.053012063874217544,False
2019-08-12,CPF,Central Pacific Financial Corp,은행,28.35,28.43,28.08,28.110001,23.999743,74600.0,-0.6592167632899049,29.08980012,28.861866706666667,28.249450035,0.007066670000002162,0.008949999999998681,0.7228575714285712,-0.4703554523584274,-0.24320389596544859,0.3383392340667695,0.06367281358936859,-0.050479272045849316,False
2019-08-13,CPF,Central Pacific Financial Corp,은행,28.040001,28.639999,28.040001,28.370001,24.221722,59500.0,-1.087851099599213,29.10000012,28.87733338666667,28.27140004,0.007733340000001476,0.010975002500000386,0.6900001428571427,0.37681151618808906,-0.1562287276062395,-0.5403343068732868,0.1364638792062607,-0.05213721905403914,False
2019-08-14,CPF,Central Pacific Financial Corp,은행,27.860001,28.110001,27.67,27.879999,23.803371,81600.0,0.2584508963869858,29.088600080000003,28.89046671333333,28.27810003,0.006566663333329004,0.0033499950000006606,0.632143071428571,-0.77514414401893,-0.05017895368032297,0.868327242903868,0.3008310738428346,-0.04405331855629794,False
2019-08-15,CPF,Central Pacific Financial Corp,은행,27.93,28.190001,27.870001,27.9,23.82045,82500.0,0.18021984523586276,29.08000008,28.90426671333333,28.287300035,0.0069000000000016826,0.004600002500000144,0.6107146428571423,0.03275015628645351,-0.1189857888570361,-0.10021051451695434,0.3038157374072209,-0.042686899724983345,False
2019-08-16,CPF,Central Pacific Financial Corp,은행,28.030001,28.440001,27.950001,28.25,24.11927,133200.0,0.12686054763557664,29.08120006,28.920266713333337,28.29500004,0.008000000000002672,0.003850002500000116,0.6014289999999995,0.5819473287786284,-0.08246225997954838,-0.1634777807771245,0.26871617848510937,-0.04401592616153718,False
2019-08-19,CPF,Central Pacific Financial Corp,은행,28.559999,28.799999,28.26,28.68,24.486399,149300.0,0.5416000179897074,29.08820006,28.939800046666665,28.302050039999997,0.009766666666664037,0.003524999999998002,0.5985717142857138,0.7183767454048949,-0.07537555668369181,0.10163782735129079,0.20210312884861234,-0.044032855039186095,False
2019-08-20,CPF,Central Pacific Financial Corp,은행,28.629999,28.629999,28.040001,28.1,23.991205,116200.0,-0.5441436926989618,29.080200060000003,28.95440004666667,28.307350035,0.007300000000002527,0.0026499975000007225,0.6157143571428568,-0.9419952503485766,-0.15374467282096918,-0.51491915611637,0.047935544216346875,-0.04549846906002104,False
2019-08-21,CPF,Central Pacific Financial Corp,은행,28.33,28.450001,28.08,28.309999,24.170496,87900.0,-0.5462122102541156,29.07740002,28.968266706666668,28.31100003,0.006933329999998961,0.0018249974999999807,0.5785715714285714,0.36296114494786513,-0.057807457852778445,-0.10317805582099143,0.03667291069191963,-0.04892244346041667,False
2019-08-22,CPF,Central Pacific Financial Corp,은행,28.459999,28.620001,28.24,28.360001,24.213188,52100.0,-0.43983678439902807,29.073600060000004,28.981800046666667,28.314150035,0.0067666699999993085,0.001575002500000977,0.5700002142857142,0.08772277403905601,-0.04687942529603734,0.11676113304473654,-0.005013232109357016,-0.04598407986927417,False
2019-08-23,CPF,Central Pacific Financial Corp,은행,28.23,28.360001,27.370001,27.469999,23.453321,179700.0,-1.0314782805526668,29.04580002,28.98793338,28.312600025000002,0.003066666666667217,-0.0007750049999994957,0.5685716428571431,-1.5653295608054396,-0.09013603607649,-0.03902574864193542,-0.11765780909087378,-0.04301670699638847,False
2019-08-26,CPF,Central Pacific Financial Corp,은행,27.690001,27.870001,27.49,27.780001,23.717993,76500.0,-1.0247842663402618,29.023800060000003,28.996733393333336,28.31140003,0.004400006666667622,-0.0005999975000001712,0.5635716428571429,0.5500667110012456,-0.0573319315914881,-0.08610751712528675,-0.05740520012897417,-0.04868527122148509,False
2019-08-27,CPF,Central Pacific Financial Corp,은행,27.969999,27.969999,27.120001,27.33,23.333797,95700.0,-2.2022961239043903,29.003200040000003,29.003333393333335,28.308650035,0.0032999999999994145,-0.0013749975000010295,0.5642857857142859,-0.7974700256367059,-0.0727573420347987,-0.6018592823535662,-0.05483518186519738,-0.050080666048400745,False
2019-08-28,CPF,Central Pacific Financial Corp,은행,27.370001,27.780001,27.370001,27.59,23.555777,80800.0,-1.7452244116395232,28.981400039999997,29.01106672666667,28.30675004,0.003866666666667129,-0.0009499974999993555,0.5478572857142859,0.4745761474377739,-0.08268352595633492,0.06511925584524303,0.0002799648579995976,-0.05029194768552856,False
2019-08-29,CPF,Central Pacific Financial Corp,은행,27.59,27.85,27.540001,27.690001,23.839893,69500.0,-2.4707494920358397,28.963600059999997,29.019000066666667,28.306800045,0.003966669999998729,2.5002499999260408e-05,0.5335715000000002,0.18741818106851446,-0.084118837715397,-0.6057322686325451,-0.0903328526890109,-0.05076728324532757,False
2019-08-30,CPF,Central Pacific Financial Corp,은행,27.870001,27.889999,27.620001,27.82,23.951818,71100.0,-1.9109433735392756,28.950400060000003,29.026400073333335,28.307050045,0.0037000033333338678,0.00012500000000059686,0.5264284285714288,0.24694525018867314,-0.032883073247746954,0.20505968053211798,-0.09985282079862887,-0.05705192047167626,False
2019-09-03,CPF,Central Pacific Financial Corp,은행,27.690001,27.790001,27.24,27.459999,23.641872,146900.0,-2.2734509006612558,28.92900002,29.029066740000005,28.304650035000005,0.0013333333333349628,-0.001200004999997617,0.5250000000000004,-0.6857161904761909,-0.10877790943805267,-0.21200382045475247,-0.07640064319730498,-0.06472474564147934,False
2019-09-04,CPF,Central Pacific Financial Corp,은행,27.67,27.75,27.389999,27.459999,23.641872,59600.0,-3.0914709111498517,28.904399979999997,29.0193334,28.305150025000003,-0.00486667000000196,0.00024999499999900365,0.5007142857142863,0.0,-0.05341047057955767,-0.8130426100408286,-0.19649848983621188,-0.08453961876030416,False
2019-09-05,CPF,Central Pacific Financial Corp,은행,27.809999,28.49,27.809999,27.959999,24.072348,96000.0,-2.460119912047587,28.88659996,29.014866733333335,28.305800019999996,-0.0022333333333328653,0.0003249974999963712,0.5514286428571433,0.9067356338425338,0.009017063531590921,-0.04961836546659748,-0.19288476490404352,-0.07684080743301414,False
2019-09-06,CPF,Central Pacific Financial Corp,은행,27.9,28.120001,27.77,27.77,23.908768,66500.0,-3.055437093114932,28.864199980000002,29.007800066666665,28.30595002,-0.0035333333333351646,7.500000000248974e-05,0.5378572142857146,-0.35325174591610303,-0.05778287037517561,-0.4253813918507969,-0.21159216569502015,-0.08138481607300492,False
2019-09-09,CPF,Central Pacific Financial Corp,은행,27.93,28.73,27.93,28.5,24.53727,103900.0,-0.4050489799485857,28.84759998,29.004933400000002,28.30965002,-0.001433333333331177,0.0018499999999992411,0.5671430000000005,1.2871533281729648,-0.017155971606027758,1.2949363942589547,-0.12635655377304414,-0.07010498860877941,False
2019-09-10,CPF,Central Pacific Financial Corp,은행,28.639999,28.93,28.450001,28.719999,24.726677,111100.0,0.38977988386954543,28.82279998,29.006200053333334,28.316700020000003,0.0006333266666658233,0.0035250000000015547,0.555714428571429,0.39588498820437534,0.07840690257632595,0.369115289545786,-0.06321123622574727,-0.06049393714866538,False
2019-09-11,CPF,Central Pacific Financial Corp,은행,28.889999,29.33,28.629999,29.120001,25.071062,164200.0,1.0526835228581222,28.80459998,29.005400060000003,28.32580003,-0.00039999666666545863,0.004550004999998691,0.5792858571428573,0.6905088309472621,0.10180316586199714,0.08671111960915123,-0.049647723695022794,-0.0687942277104287,False
2019-09-12,CPF,Central Pacific Financial Corp,은행,28.969999,29.129999,28.469999,29.02,24.984966,146700.0,0.5066898629544347,28.788399979999998,29.003000066666665,28.333000029999997,-0.0011999966666689232,0.0035999999999987153,0.5992857857142858,-0.1668669646165697,0.08361818452945245,-0.41643262435453543,-0.08773299208068508,-0.07845818905521908,False
2019-09-13,CPF,Central Pacific Financial Corp,은행,29.190001,29.610001,29.09,29.09,25.045231,146300.0,0.887824794667802,28.77059998,29.00266674,28.340250035,-0.00016666333333326122,0.0036250025000015285,0.5707144285714286,0.12265328594410914,0.20418838786870594,0.19763231327661873,-0.07082884480078835,-0.07414862704657108,False
2019-09-16,CPF,Central Pacific Financial Corp,은행,28.84,29.27,28.83,29.040001,25.002184,110000.0,1.0802196615319115,28.74200002,29.000466740000004,28.34710004,-0.0010999999999974364,0.0034250025000002182,0.573571428571429,-0.08717135740971296,0.1586713829822089,0.2499215963387271,-0.04682676526764451,-0.07452393018603265,False
2019-09-17,CPF,Central Pacific Financial Corp,은행,28.950001,29.1,28.77,29.030001,24.993574,72700.0,0.8648549105416237,28.72580004,28.998600086666666,28.352550039999997,-0.0009333266666686768,0.00272499999999809,0.5364287142857146,-0.018641805954248986,0.21430197010238436,-0.3147717881857178,-0.026320515684226768,-0.06759936893799255,False
2019-09-18,CPF,Central Pacific Financial Corp,은행,28.959999,29.15,28.83,29.049999,25.01079,169500.0,0.9136150680191246,28.70680002,28.995333406666667,28.36015003,-0.0016333399999997056,0.0037999950000013882,0.5271429285714289,0.03793658022539764,0.18311342958721463,-0.0023213983686368594,-0.031137705270932476,-0.06812782266925317,False
2019-09-19,CPF,Central Pacific Financial Corp,은행,28.99,29.49,28.889999,28.940001,24.91609,103600.0,0.558714662799642,28.68640006,28.99160008,28.364650030000004,-0.001866663333332852,0.0022500000000018616,0.5478573571428572,-0.20077853946080762,0.15538509240654877,-0.2032924452607359,-0.002392003601517526,-0.0708351911552405,False
2019-09-20,CPF,Central Pacific Financial Corp,은행,28.9,29.33,28.75,28.940001,24.91609,335600.0,1.0694236229723986,28.665400079999998,28.985666753333334,28.37000003,-0.002966663333333841,0.0026749999999982066,0.570000357142857,0.0,0.13774614596450072,0.6078142354173224,0.02637617889028279,-0.06281043044138272,False
2019-09-23,CPF,Central Pacific Financial Corp,은행,28.6,29.01,28.59,28.93,24.90748,100800.0,1.0329689098950379,28.64040008,28.978600086666667,28.382850024999996,-0.0035333333333333883,0.006424997499998142,0.5585717857142856,-0.01790459213261201,0.18544697441761349,-0.005269100581260965,0.04114294459553218,-0.06350641939969663,False
2019-09-24,CPF,Central Pacific Financial Corp,은행,28.879999,29.01,28.360001,28.530001,24.563097,265300.0,0.49968593036864295,28.613800079999997,28.968466766666666,28.392750035,-0.005066660000000667,0.004950005000001312,0.5792859285714285,-0.6905035670147122,0.13612529105941976,0.3492520363039706,0.12416399076301783,-0.06063037969305076,False
2019-09-25,CPF,Central Pacific Financial Corp,은행,28.610001,29.27,28.549999,29.18,25.122719,182200.0,2.026650847873057,28.597400079999996,28.963933426666667,28.40585004,-0.002266669999999138,0.006550002500000929,0.5585715000000001,1.1636809253604972,0.15447852616784571,0.3836731901850985,0.15511338759528184,-0.05803522562848272,False
2019-09-26,CPF,Central Pacific Financial Corp,은행,29.120001,29.120001,28.540001,28.59,24.614754,95800.0,0.18198724538001088,28.56920008,28.955200093333332,28.41830004,-0.00436666666666774,0.006224999999998815,0.579285642857143,-1.0184958099255002,0.10696109302431736,-0.71905947154397,0.13413638190291233,-0.058388239966353124,False
2019-09-27,CPF,Central Pacific Financial Corp,은행,28.74,29.16,28.74,28.9,24.881649,146700.0,1.6559341531601213,28.54900008,28.950133426666664,28.432650034999998,-0.0025333333333339425,0.007174997499999947,0.5514285000000001,0.5621762386238627,0.055177015199381514,1.1765782941065943,0.12568223189202946,-0.04583244214184261,False
2019-09-30,CPF,Central Pacific Financial Corp,은행,28.91,28.969999,28.379999,28.4,24.451174,125700.0,-0.622269804626574,28.519400100000002,28.945866753333334,28.443800035,-0.002133336666664931,0.00557500000000033,0.5592857142857144,-0.8939974457215835,-0.0369574443667584,-1.474754659159097,-0.0060227644440336335,-0.04694387695682074,False
2019-10-01,CPF,Central Pacific Financial Corp,은행,28.59,28.870001,27.99,28.110001,24.201494,126900.0,-0.47429444910586094,28.483600120000002,28.93893342666667,28.457150034999998,-0.0034666633333326757,0.006674999999999542,0.5721428571428575,-0.506864669163542,-0.12248412294610156,0.8077495570882604,0.04547998109018846,-0.04371768441354218,False
2019-10-02,CPF,Central Pacific Financial Corp,은행,27.799999,28.0,27.620001,27.77,23.908768,114100.0,-0.02610273936691776,28.437600120000003,28.929533426666662,28.468900034999997,-0.004700000000003257,0.0058749999999996305,0.5600000000000005,-0.6071446428571439,-0.15393252853471398,1.0905229578549493,0.15311966553372308,-0.03943197325150519,False
2019-10-03,CPF,Central Pacific Financial Corp,은행,27.610001,27.76,27.35,27.6,23.762407,78900.0,-1.468675901201899,28.39620012,28.91966676,28.480550035,-0.004933333333331902,0.005825000000001523,0.5478570714285718,-0.31029991007821156,-0.1848577568220226,-0.9889770452906381,0.06836185420749044,-0.03828327225457326,False
2019-10-04,CPF,Central Pacific Financial Corp,은행,27.66,27.98,27.530001,27.969999,24.080961,81000.0,-1.6252019875492518,28.386800080000004,28.910466753333335,28.496350035,-0.00460000333333177,0.007899999999999352,0.548571285714286,0.6744775193951869,-0.13045426562167264,-0.4812755236706707,0.016133488492533463,-0.048872984844234635,False
2019-10-07,CPF,Central Pacific Financial Corp,은행,27.879999,28.26,27.77,28.1,24.192886,71200.0,-0.7197492322303711,28.36920008,28.900600086666667,28.517650034999996,-0.004933333333333678,0.010649999999998272,0.5599998571428575,0.23214470207773003,-0.1125409436193884,0.5930357911634734,0.0809768870174757,-0.04941075076659441,False
2019-10-08,CPF,Central Pacific Financial Corp,은행,27.790001,27.809999,27.5,27.66,23.814064,79800.0,-0.6889868341655392,28.342000080000002,28.89173342,28.536400035,-0.004433333333333067,0.009375000000002132,0.5799998571428576,-0.7586208765076067,-0.16943790481460302,0.45000060019722843,0.11328560120075178,-0.04351522100430844,False
2019-10-09,CPF,Central Pacific Financial Corp,은행,27.809999,28.040001,27.6,27.700001,23.848507,69900.0,-1.3322962350968748,28.30840012,28.88613342,28.555100045,-0.00280000000000058,0.009350004999999939,0.5685712857142862,0.07035353526470761,-0.15007132804849474,-0.6036190886360959,0.08469084095965464,-0.04785972678163133,False
2019-10-10,CPF,Central Pacific Financial Corp,은행,27.82,28.139999,27.790001,27.84,23.969038,66500.0,-1.3800698750466522,28.275800139999998,28.88113342,28.577000049999995,-0.0024999999999995026,0.01095000249999778,0.5585711428571434,0.25063772411136676,-0.13216863346911142,-0.22892407892820815,0.02492381850640246,-0.05188464750786187,False
2019-10-11,CPF,Central Pacific Financial Corp,은행,28.280001,28.5,28.049999,28.09,24.184275,89200.0,-1.4605296509893173,28.26020012,28.87553342,28.596150050000002,-0.00280000000000058,0.009575000000003442,0.5757140000000004,0.43424339168406506,-0.09987234891077734,-0.3348953181834137,0.0013790886776772601,-0.047683078731658605,False
2019-10-14,CPF,Central Pacific Financial Corp,은행,27.91,28.16,27.91,28.1,24.192886,64800.0,-1.178849828132822,28.24560012,28.87160008,28.615200045,-0.001966669999999837,0.009524997499999799,0.5471426428571432,0.018276769560095364,-0.04924518201257682,0.12417866013633619,-0.014697581048582343,-0.041126269732890325,False
2019-10-15,CPF,Central Pacific Financial Corp,은행,28.209999,28.639999,28.15,28.450001,24.494221,79000.0,-0.8508287290134198,28.250600119999998,28.870066753333333,28.63630005,-0.0007666633333336392,0.010550002499998712,0.5328569285714286,0.6568386019458163,-0.08544820511362546,-0.10195259875753582,-0.04938513740162765,-0.03630721511422675,False
2019-10-16,CPF,Central Pacific Financial Corp,은행,28.42,28.799999,28.370001,28.459999,24.502829,66900.0,-0.5433998632909498,28.2546001,28.869400086666666,28.656850045000002,-0.0003333333333337407,0.010274997500001604,0.5178568571428573,0.019306493410478163,-0.01131946916105557,0.17646198522919562,0.01458068093931275,-0.03410498137659917,False
2019-10-17,CPF,Central Pacific Financial Corp,은행,28.66,28.73,28.459999,28.719999,24.726677,91900.0,0.1122061929868634,28.27180006,28.86960007333333,28.67540004,9.999333333254867e-05,0.009274997499998605,0.4964283571428574,0.5237412332696,-0.014064826686360046,0.29718728015357965,-0.04823296291447401,-0.030075335365285304,False
2019-10-18,CPF,Central Pacific Financial Corp,은행,28.5,28.92,28.5,28.790001,24.786945,112300.0,0.7675344988233856,28.281600100000002,28.869800080000005,28.693050045,0.00010000333333692879,0.008825002500000068,0.48428550000000037,0.14454696661369942,0.06011691705187445,0.4657978868413547,0.09037793322841539,-0.025080921871663952,False
2019-10-21,CPF,Central Pacific Financial Corp,은행,29.030001,29.4,28.709999,29.16,25.105494,92200.0,1.3509477835474515,28.29580008,28.874466753333333,28.709750045,0.002333336666664465,0.00835000000000008,0.4707140714285717,0.7860376871188252,0.15246708535775783,0.18673908650869198,0.04602004247273194,-0.019369795536970696,False
2019-10-22,CPF,Central Pacific Financial Corp,은행,29.110001,29.719999,29.110001,29.43,25.337955,117800.0,2.5453153100956527,28.32220006,28.88373341333334,28.726950045000002,0.004633330000002545,0.008600000000001273,0.47928535714285736,0.5633387208187178,0.23607303990603362,0.9098097792940568,0.03311195828981105,-0.009463851665156146,False
2019-10-23,CPF,Central Pacific Financial Corp,은행,29.85,30.41,29.58,29.9,25.742609,130600.0,3.7920044912541195,28.35280004,28.894133413333336,28.746200050000002,0.005199999999998539,0.00962500249999998,0.5192853571428575,0.9050900310110226,0.32288660712669326,0.6004079596641655,0.1466394586437256,-0.002105718703517305,False
2019-10-24,CPF,Central Pacific Financial Corp,은행,29.799999,29.82,28.65,28.77,24.769724,147100.0,-0.29890656270835647,28.37060006,28.902066746666666,28.760500049999997,0.00396666666666512,0.007149999999997547,0.576428285714286,-1.960347935736273,0.13468478890301752,-2.1819728146958948,0.025161080713352466,-0.01997512030248329,False
2019-10-25,CPF,Central Pacific Financial Corp,은행,28.76,29.059999,28.68,28.700001,24.709459,111400.0,-0.8091880123060391,28.386600079999997,28.90893342,28.774850054999998,0.0034333366666672305,0.00717500250000036,0.5685710714285717,-0.12311389642832554,0.10930917472401355,-0.5922415694012542,-0.0595015878984138,-0.025637665822522575,False
2019-10-28,CPF,Central Pacific Financial Corp,은행,28.950001,29.219999,28.860001,29.040001,25.002184,101700.0,-0.19837435990730512,28.4024001,28.912866753333333,28.790800060000002,0.001966666666666228,0.007975002500002049,0.562856642857143,0.6040614503083945,0.2066436266394422,-0.08799382049329707,-0.0979297608048799,-0.03164251559576356,False
2019-10-29,CPF,Central Pacific Financial Corp,은행,28.950001,29.6,28.83,29.5,25.398224,126900.0,1.3856970329528817,28.418800100000002,28.919266746666665,28.809550060000003,0.0031999966666660384,0.009375000000000355,0.5864280000000005,0.7844083161104167,0.2576475395569929,0.8957684472510314,0.009169348901343475,-0.029800018602253762,False
2019-10-30,CPF,Central Pacific Financial Corp,은행,29.5,29.620001,29.190001,29.469999,25.3724,94300.0,0.9248704473931113,28.446200079999997,28.924066739999997,28.827350055,0.0023999966666661265,0.008899997499998591,0.5857138571428576,-0.05122125699116124,0.23608618376395515,-0.496170244255149,-0.009919662907723729,-0.03347889397137347,False
2019-10-31,CPF,Central Pacific Financial Corp,은행,29.41,29.620001,28.75,28.92,24.898867,102500.0,-0.6782501072287839,28.4584001,28.92460007333333,28.840800055,0.0002666666666666373,0.006724999999999426,0.600713928571429,-0.9155755740639548,0.1396705433533823,-0.45413966877032647,-0.018437116521074638,-0.033088996948075836,False
2019-11-01,CPF,Central Pacific Financial Corp,은행,29.16,29.629999,29.07,29.620001,25.501539,160700.0,0.6562107876289192,28.4836001,28.926266740000003,28.857250060000002,0.0008333333333361281,0.008225002500001466,0.6335710000000004,1.1048501272943305,0.21728292604868482,-0.2697552667331031,-0.04657525415460602,-0.033991878217491195,False
2019-11-04,CPF,Central Pacific Financial Corp,은행,29.75,29.85,29.530001,29.790001,25.647903,123700.0,0.7995146117759422,28.53000014,28.931066746666662,28.87345007,0.002400003333329792,0.0081000049999993,0.617856714285715,0.2751446995223374,0.19001907587557915,-0.2926973140782783,-0.0601998766775162,-0.032212733217376936,False
2019-11-05,CPF,Central Pacific Financial Corp,은행,29.889999,30.129999,29.67,29.879999,25.725388,81500.0,1.1411183041167394,28.572000099999997,28.93593340666667,28.890550070000003,0.002433330000004119,0.00855000000000139,0.6199996428571435,0.14515814813257585,0.19900847978430042,0.32795326099574607,-0.04937907126561974,-0.029570041600720784,False
2019-11-06,CPF,Central Pacific Financial Corp,은행,29.75,29.93,29.5,29.57,25.45849,105000.0,-0.04215475725918294,28.6168001,28.935466746666666,28.906700070000003,-0.000233330000002141,0.008074999999999832,0.6314281428571434,-0.4909489757572249,0.12653060771095578,-0.6015554320730332,-0.11357497928180638,-0.03806338977961814,False
2019-11-07,CPF,Central Pacific Financial Corp,은행,29.84,29.940001,29.57,29.620001,25.501539,64500.0,-0.21077835418866764,28.657400120000002,28.93460008666667,28.922650075,-0.00043332999999812216,0.007975002499998496,0.627856785714286,0.07963758796222002,0.1218942235215644,-0.3548016215483349,-0.1721892298810699,-0.038543891993446856,False
2019-11-08,CPF,Central Pacific Financial Corp,은행,29.65,29.790001,29.58,29.73,25.596249,97100.0,-0.1762840302807156,28.698200100000005,28.936000086666663,28.938800075,0.0006999999999965922,0.008074999999999832,0.593571071428572,0.18531731968551435,0.0789856258477565,-0.22573488031811378,-0.20165165608298463,-0.03654902269785939,False
2019-11-11,CPF,Central Pacific Financial Corp,은행,29.74,29.98,29.67,29.809999,25.665119,76300.0,0.1939117359538889,28.738000079999996,28.93920008,28.954300075000003,0.001599996666667991,0.007750000000001478,0.5721426428571432,0.13982352303003492,0.048734540291422,0.45834219227844053,-0.23389934086981432,-0.03564273387329989,False
2019-11-12,CPF,Central Pacific Financial Corp,은행,29.879999,30.030001,29.73,29.809999,25.665119,150500.0,-0.03754651176105517,28.78500008,28.940666739999998,28.968050075,0.0007333299999991993,0.006874999999999076,0.5235712857142859,0.0,-0.01591474763793676,-0.2494225345585516,-0.29460151902857984,-0.03776385501073991,False
2019-11-13,CPF,Central Pacific Financial Corp,은행,29.57,29.799999,29.57,29.59,25.475712,203300.0,-0.8685219356551199,28.827600099999998,28.940266740000002,28.971400075000002,-0.00019999999999775753,0.0016750000000005372,0.45142835714285745,-0.48733978829420604,0.0893001200364966,-0.5994512560749488,-0.18156426484136942,-0.04255357528437651,False
2019-11-14,CPF,Central Pacific Financial Corp,은행,29.540001,29.879999,29.540001,29.66,25.535978,93400.0,-0.7162266994104494,28.86160012,28.93873341333333,28.976550080000003,-0.0007666633333354156,0.002575002500000423,0.44857114285714317,0.15605105480958958,0.10924047369634769,0.018820236962558773,-0.13791699295823992,-0.03957746730537591,False
2019-11-15,CPF,Central Pacific Financial Corp,은행,29.799999,29.799999,29.370001,29.43,25.337955,118200.0,-2.132077018689149,28.89480012,28.93880008,28.97955008,3.3333333334439885e-05,0.0014999999999982805,0.4421425714285717,-0.5201941972175755,0.028936498873064105,-1.7720063941239799,-0.2582036053604316,-0.04540124681277692,False
2019-11-18,CPF,Central Pacific Financial Corp,은행,29.290001,29.530001,29.25,29.469999,25.3724,90700.0,-1.91658967769881,28.9142001,28.93600008,28.982250075000003,-0.00140000000000029,0.001349997500001976,0.40714264285714286,0.09824320960169337,-0.020075294448987563,0.015471229935741918,-0.32108197802580934,-0.05147355847044179,False
2019-11-19,CPF,Central Pacific Financial Corp,은행,29.57,29.73,29.41,29.530001,25.424053,59800.0,-1.4748809495370052,28.930400140000003,28.932866753333336,28.987250075000002,-0.0015666633333317748,0.0024999999999995026,0.3992855,0.15027342590701948,-0.005682817099117511,0.25161287221606443,-0.26766889827786555,-0.05379441464810032,False
2019-11-20,CPF,Central Pacific Financial Corp,은행,29.360001,29.59,29.16,29.27,25.200207,172300.0,-1.7001928299423263,28.93340012,28.932266746666663,28.987400075,-0.0003000033333364627,7.499999999893703e-05,0.36785685714285726,-0.7067993839218487,0.009229767911032931,-0.07729813142495323,-0.2407516456103389,-0.04408573976455546,False
2019-11-21,CPF,Central Pacific Financial Corp,은행,29.42,29.42,28.959999,29.09,25.045231,129100.0,-2.0557345334901167,28.93480012,28.93340008,28.98595008,0.0005666666666677145,-0.000724997500000768,0.3499998571428574,-0.5142859241983352,-0.10642280719558604,-0.2352209349241312,-0.23828490762398377,-0.038477631246284054,False
2019-11-22,CPF,Central Pacific Financial Corp,은행,29.190001,29.33,29.030001,29.08,25.036627,75100.0,-2.227470988445246,28.93460012,28.93033340666667,28.985650084999996,-0.0015333366666645531,-0.00014999750000121992,0.34857128571428575,-0.02868853634776528,-0.12812518118630767,-0.41895801395299015,-0.24730352904360606,-0.03935979522360931,False
2019-11-25,CPF,Central Pacific Financial Corp,은행,29.200001,29.559999,29.059999,29.379999,25.294907,137600.0,-1.8631348676420911,28.941400080000005,28.92186673333333,28.985700075,-0.004233336666668919,2.499500000219257e-05,0.35142850000000003,0.8536558645642093,-0.07751820144119101,-0.4339503994112007,-0.30172521907267363,-0.05764581347796117,False
2019-11-26,CPF,Central Pacific Financial Corp,은행,29.4,29.68,29.25,29.280001,25.208815,109400.0,-2.2115198601866393,28.94640008,28.91900008,28.985550085,-0.0014333266666657352,-7.499500000029968e-05,0.35142850000000003,-0.2845472123063522,-0.06277521833755724,-0.6650850341974454,-0.30626304779584596,-0.05223240548266166,False
2019-11-27,CPF,Central Pacific Financial Corp,은행,29.059999,29.32,29.059999,29.18,25.321625,73800.0,-2.736540818800237,28.9490001,28.913533413333333,28.98375008,-0.0027333333333334764,-0.0009000024999998857,0.34357135714285725,-0.2910632621753111,-0.08925385049023803,-1.037547157761881,-0.35503058609681354,-0.057102861879618064,False
2019-11-29,CPF,Central Pacific Financial Corp,은행,29.040001,29.290001,28.950001,29.059999,25.217493,29300.0,-2.6087767823053443,28.95140006,28.907800073333334,28.981550075,-0.002866669999999516,-0.0011000024999994196,0.3528569999999999,-0.340083943353819,-0.1267825121359047,0.3958342567538128,-0.310632790591676,-0.05236535842913224,False
2019-12-02,CPF,Central Pacific Financial Corp,은행,29.190001,29.27,28.860001,28.91,25.087326,113800.0,-2.0753645532905596,28.95080004,28.90046674,28.976950075,-0.003666666666667595,-0.0022999999999999687,0.3599997857142857,-0.41666413690325915,-0.16653163070256857,1.0605980408318865,-0.2676145156950012,-0.04519875048849431,False
2019-12-03,CPF,Central Pacific Financial Corp,은행,28.549999,28.870001,28.549999,28.84,25.026583,99300.0,-1.4758296649151847,28.94900004,28.895533406666665,28.971200075000002,-0.002466666666666839,-0.002874999999999517,0.36428550000000015,-0.1921569757786139,-0.18025712897246954,0.8319158355320151,-0.19037606068853213,-0.0430132397812668,False
2019-12-04,CPF,Central Pacific Financial Corp,은행,28.959999,29.200001,28.83,28.959999,25.130714,132300.0,-1.4717210998166252,28.957600000000003,28.890000059999995,28.965750075000003,-0.0027666733333351345,-0.0027249999999998664,0.37357135714285733,0.32122109392372705,-0.1225027802426172,-0.6246892955341101,-0.19217877779275797,-0.051383792378459824,False
2019-12-05,CPF,Central Pacific Financial Corp,은행,29.110001,29.17,29.0,29.030001,25.19146,124700.0,-1.2253679709815835,28.95460002,28.881266733333334,28.961600075,-0.004366663333330578,-0.0020750000000013813,0.3642858571428574,0.1921622775834171,-0.1199234071873438,-0.03308824157722964,-0.1958865262598857,-0.04816210912452624,False
2019-12-06,CPF,Central Pacific Financial Corp,은행,29.370001,29.6,29.16,29.17,25.312944,233900.0,-1.475955246366012,28.966200019999995,28.872866733333332,28.957950075,-0.00420000000000087,-0.0018250000000001876,0.37428592857142895,0.3740429156242928,-0.0560493276986389,-0.956842390791121,-0.13766052602182438,-0.059258703417080456,False
2019-12-09,CPF,Central Pacific Financial Corp,은행,29.059999,29.309999,29.0,29.08,25.234848,262200.0,-1.2906775406971382,28.96980002,28.8661334,28.955050075,-0.003366666666666518,-0.0014500000000001734,0.3764286428571434,-0.2390891386927718,-0.08014449543395784,0.223868257823546,-0.12277502402983838,-0.06630216251264916,False
2019-12-10,CPF,Central Pacific Financial Corp,은행,29.139999,29.440001,29.049999,29.280001,25.408403,182300.0,-0.3384891515732402,28.987400039999997,28.865600066666666,28.956250075,-0.0002666666666666373,0.000600000000000378,0.3814287857142862,0.5243468964343281,-0.05342496182486438,0.6834191849411329,-0.09193171597804775,-0.05569651377376276,False
2019-12-11,CPF,Central Pacific Financial Corp,은행,29.389999,29.4,29.09,29.27,25.399723,115100.0,-0.4891735020123189,29.01060002,28.863733406666668,28.956850075000002,-0.0009333299999987332,0.0003000000000010772,0.37285735714285756,-0.026822589948700487,-0.004855190826782352,-0.47363453022832747,-0.12024145874971735,-0.0627506264308081,False
2019-12-12,CPF,Central Pacific Financial Corp,은행,29.299999,29.84,29.27,29.73,25.798901,205300.0,0.31218225740918815,29.04980002,28.86460007333333,28.959600074999997,0.0004333333333317313,0.0013749999999976836,0.38071442857142884,1.2082547060957964,0.11818342562279849,-0.017532175769065628,-0.10469226166721267,-0.061206164368739595,False
2019-12-13,CPF,Central Pacific Financial Corp,은행,29.68,29.780001,29.33,29.52,25.616667,174500.0,-0.2637515305252802,29.08820002,28.870400073333336,28.961800075,0.002900000000002123,0.001100000000000989,0.39142885714285747,-0.5364959587620757,0.08191146687891916,-0.5465497730325112,-0.1138059587443213,-0.06826960826112986,False
2019-12-16,CPF,Central Pacific Financial Corp,은행,29.85,30.190001,29.690001,29.98,26.015841,225000.0,0.5917075292832807,29.128400039999995,28.875733406666665,28.964950075,0.0026666666666645966,0.0015750000000007702,0.403571785714286,1.1398220001575234,0.10235190513558445,0.1659912968095658,-0.07095298044283797,-0.06878694660268898,False
2019-12-17,CPF,Central Pacific Financial Corp,은행,30.09,30.34,30.0,30.290001,26.284855,183800.0,1.5714482696094212,29.17220006,28.886533413333332,28.96850008,0.0054000033333334585,0.0017750024999987346,0.398571785714286,0.7777795898032338,0.17823239100055485,0.7311273352831578,0.028776474520062243,-0.055709195618054014,False
2019-12-18,CPF,Central Pacific Financial Corp,은행,30.370001,30.450001,30.02,30.059999,26.085264,246000.0,0.8677319751090762,29.220200039999998,28.893000073333333,28.973850075,0.0032333300000004783,0.0026749975000015525,0.4107146428571432,-0.5600043826048816,0.15902231096987127,-0.4986108267355411,0.06727192673622936,-0.05943230882888758,False
2019-12-19,CPF,Central Pacific Financial Corp,은행,30.17,30.52,30.01,30.379999,26.362951,255200.0,1.4554741883063382,29.2738,28.90366672666667,28.983050065,0.00533332666666908,0.004599994999999524,0.4228575000000002,0.7567561176046307,0.23736802960976053,0.1238401128744423,0.04784377360198861,-0.05794299482667962,False
2019-12-20,CPF,Central Pacific Financial Corp,은행,30.51,30.559999,30.219999,30.25,26.250139,268300.0,0.5147517392466661,29.322000000000003,28.909600053333335,28.991350065000002,0.0029666633333320647,0.004150000000000986,0.4178575714285717,-0.3111083988631841,0.24490772518405163,-1.0470394953911186,-0.10270176469965461,-0.07373765302847242,False
2019-12-23,CPF,Central Pacific Financial Corp,은행,30.190001,30.23,29.690001,29.889999,25.937742,145600.0,-0.7256782780261761,29.35799998,28.913466720000002,28.99615006,0.0019333333333335645,0.002399997499999529,0.4321431428571432,-0.8330596145060404,0.19912896527494972,-0.9807141878487846,-0.23217533779828317,-0.07603555675154458,False
2019-12-24,CPF,Central Pacific Financial Corp,은행,30.02,30.1,29.85,29.99,26.024523,41000.0,-0.335769445663614,29.395799980000003,28.919800046666666,29.002650055,0.0031666633333315986,0.003249997499999324,0.42357164285714305,0.23608993115180277,0.193048167934098,0.27220331373393825,-0.16811157999342255,-0.07267099939220349,False
2019-12-26,CPF,Central Pacific Financial Corp,은행,29.99,30.15,29.950001,29.959999,25.998486,66300.0,-0.9030431446851783,29.42599994,28.92940004,29.009050049999995,0.004799996666667639,0.0031999974999976644,0.4228572142857142,-0.0709482988262976,0.1742545553334041,-1.014403567186117,-0.2382055318226288,-0.07928674826357476,False
2019-12-27,CPF,Central Pacific Financial Corp,은행,30.07,30.07,29.719999,29.719999,25.790222,74700.0,-1.6580380396914451,29.451199939999995,28.934933373333333,29.01485005,0.00276666666666614,0.002900000000002123,0.4071430714285711,-0.5894733739613788,0.10543196322014182,-0.5963038972323627,-0.21245278228271744,-0.08654858925373227,False
2019-12-30,CPF,Central Pacific Financial Corp,은행,29.780001,29.98,29.629999,29.719999,25.790222,112200.0,-1.0725680153760409,29.47119994,28.94280002666667,29.02000004,0.0039333266666687905,0.0025749949999998023,0.41000035714285665,0.0,0.1225097588410541,1.108190974826402,-0.1492868739253706,-0.07942215702990611,False
2019-12-31,CPF,Central Pacific Financial Corp,은행,29.639999,29.84,29.559999,29.58,25.668734,109000.0,-1.7600695288362278,29.48699992,28.94853336666667,29.024100040000004,0.002866669999999516,0.0020500000000023277,0.4021431428571423,-0.3481322570996479,0.06018981930291295,-0.9010709740330117,-0.2624647424235238,-0.09061070837098004,False
2020-01-02,CPF,Central Pacific Financial Corp,은행,29.58,29.629999,29.379999,29.540001,25.634024,96700.0,-2.5741124218171096,29.494599940000004,28.957933379999997,29.029500049999996,0.00470000666666337,0.0027000049999958975,0.39785742857142814,-0.10053601397772323,0.05492457472941132,-1.579893457970595,-0.3414832372622572,-0.09383235274444764,False
2020-01-03,CPF,Central Pacific Financial Corp,은행,29.26,29.48,29.120001,29.440001,25.547245,152300.0,-2.1069309301804173,29.49479996,28.968933380000006,29.036500050000004,0.005500000000004945,0.0035000000000042775,0.3871431428571425,-0.2583023923967623,-0.04982950373434287,1.0100163697461817,-0.2680869125825967,-0.09016889134580894,False
2020-01-06,CPF,Central Pacific Financial Corp,은행,29.1,29.34,28.92,29.17,25.312944,110700.0,-3.176229025927746,29.48019996,28.977666706666664,29.04065005,0.004366663333328802,0.0020749999999978286,0.3921431428571423,-0.6885266385962495,-0.06068883800821243,-1.304198364974668,-0.3222046691498936,-0.1011675591241878,False
2020-01-07,CPF,Central Pacific Financial Corp,은행,29.17,29.17,28.85,28.889999,25.069969,85800.0,-3.655466394719331,29.48259994,28.980600026666664,29.047200045,0.001466660000000175,0.003274997500000154,0.36714307142857094,-0.7626481930068981,-0.19657956609138538,-0.24232377198304733,-0.35137003120650884,-0.09830558909798713,False
2020-01-08,CPF,Central Pacific Financial Corp,은행,28.9,29.129999,28.82,28.889999,25.069969,127600.0,-3.9220976722249112,29.486399900000002,28.98433335333333,29.05330004,0.001866663333332852,0.0030499974999997903,0.36357157142857105,0.0,-0.25213525107733065,-0.8288502229185118,-0.46279699964948523,-0.09788538161445233,False
2020-01-09,CPF,Central Pacific Financial Corp,은행,28.98,29.030001,28.68,28.83,25.0179,294800.0,-4.474803786792803,29.48219988,28.988600013333336,29.055200035000002,0.002133330000003042,0.0009499975000011318,0.3578572857142852,-0.1676618093166467,-0.22411078155674247,-1.2377364044448937,-0.5155916837715818,-0.10092865865157256,False
2020-01-10,CPF,Central Pacific Financial Corp,은행,28.889999,28.98,28.66,28.75,24.948481,171500.0,-4.200880648437866,29.46719988,28.991400013333337,29.05625003,0.00140000000000029,0.0005249974999994578,0.3442858571428568,-0.23236504881117834,-0.29476229344358595,0.21739455193346305,-0.5089092238387946,-0.0953092535584935,False
2020-01-13,CPF,Central Pacific Financial Corp,은행,28.75,28.969999,28.67,28.9,25.078648,131300.0,-4.058381298474634,29.455799900000002,28.994066680000003,29.057000029999998,0.0013333333333331865,0.00037499999999823785,0.34142864285714253,0.43933045202291426,-0.24115951838029323,-0.647121863582206,-0.4803436787095866,-0.09918772354048165,False
2020-01-14,CPF,Central Pacific Financial Corp,은행,28.93,29.16,28.83,28.969999,25.139391,151700.0,-3.4207832340023003,29.45679988,28.997533333333333,29.057650024999997,0.001733326666665036,0.0003249974999999239,0.32500014285714257,0.2153814437883852,-0.16627087135926283,0.44469265540358877,-0.37852890419155993,-0.09578040314719233,False
2020-01-15,CPF,Central Pacific Financial Corp,은행,28.76,28.98,28.610001,28.75,24.948481,70200.0,-3.989830154915286,29.439399859999998,28.998866673333335,29.05455002,0.0006666700000010906,-0.0015500024999983708,0.3335714999999997,-0.6595257688381699,-0.23024342135854656,-0.931479833037854,-0.46450627181811655,-0.10444793287067711,False
2020-01-16,CPF,Central Pacific Financial Corp,은행,28.889999,29.07,28.700001,28.809999,25.000547,298500.0,-4.16573906694393,29.41979982,28.998533326666667,29.053250015,-0.00016667333333408862,-0.0006500025000004683,0.345714357142857,0.1735507905886833,-0.21277920068604797,-1.003921206132389,-0.4637575317428503,-0.11295252164592057,False
2020-01-17,CPF,Central Pacific Financial Corp,은행,29.08,29.129999,28.9,29.0,25.165422,108200.0,-3.5269202112935383,29.40219984,28.999333333333333,29.052500015,0.0004000033333326769,-0.0003750000000000142,0.34357142857142847,0.5530174636174602,-0.13117271228755947,0.004104137670660868,-0.42087124353549143,-0.11420757485094588,False
2020-01-21,CPF,Central Pacific Financial Corp,은행,28.9,29.0,28.700001,28.709999,24.913771,102200.0,-3.7942292799760247,29.384999819999997,29.001666653333327,29.047850014999998,0.0011666599999973215,-0.0023250000000007987,0.33999985714285713,-0.8529444760270913,-0.19209731771806599,-0.46118035498762705,-0.5329691956650648,-0.10948524271984689,False
2020-01-22,CPF,Central Pacific Financial Corp,은행,28.709999,28.82,28.59,28.639999,24.853025,173600.0,-3.644317949151321,29.365399779999997,29.00139998,29.042300009999998,-0.00013333666666426325,-0.0027750024999999567,0.33642835714285724,-0.20806807307945285,-0.1820927331451949,-0.25092486279104914,-0.48653018771921047,-0.1091609391168687,False
2020-01-23,CPF,Central Pacific Financial Corp,은행,28.629999,28.790001,28.52,28.77,24.965837,162700.0,-2.9812317753623363,29.346199779999996,29.00266664666667,29.038550009999998,0.0006333333333348179,-0.001875000000000071,0.33785700000000013,0.38478113521401064,-0.1474272224886425,0.21429986898138859,-0.3583735215083545,-0.10427486773550096,False
2020-01-24,CPF,Central Pacific Financial Corp,은행,28.709999,28.77,28.120001,28.360001,24.610052,115200.0,-3.1119064254214623,29.31719982,29.001866653333334,29.033700015,-0.000399996666667235,-0.0024249974999985824,0.3542855000000001,-1.1572559418886716,-0.21163819030949313,0.128654670285959,-0.42132792861265606,-0.09552798672348682,False
2020-01-27,CPF,Central Pacific Financial Corp,은행,28.059999,28.190001,27.940001,27.969999,24.271618,118600.0,-2.574827627670828,29.280399820000003,28.998133306666666,29.025600009999998,-0.0018666733333336794,-0.004050002500001426,0.34714257142857186,-1.1234634761016224,-0.24270510727416264,0.9143363950563812,-0.2628611600390097,-0.0910627671169471,False
2020-01-28,CPF,Central Pacific Financial Corp,은행,27.98,28.09,27.82,27.950001,24.254265,229200.0,-3.2628602116401395,29.247599840000003,28.993199973333333,29.017100015,-0.002466666666666839,-0.00424999749999877,0.34357114285714324,-0.05820628541063541,-0.19238782816014388,-1.2457264688176262,-0.33453278124147967,-0.10321271171188309,False
2020-01-29,CPF,Central Pacific Financial Corp,은행,27.83,28.98,27.41,28.18,24.45385,192400.0,-2.0393253923934984,29.21799984,28.988733306666667,29.008550019999998,-0.0022333333333328653,-0.004274997500001376,0.4335712142857146,0.5304757152268756,-0.1544967056439385,0.6363280058713461,-0.2298771934707755,-0.10897625590538015,False
2020-01-30,CPF,Central Pacific Financial Corp,은행,27.809999,28.48,27.809999,28.379999,24.627407,201800.0,-1.3645059306373275,29.196999820000002,28.98533330666667,29.003350015000002,-0.0016999999999978144,-0.0026000024999977,0.45642835714285745,0.4381826783330295,-0.11122209938324734,0.07564660111948407,-0.13606412164474851,-0.11008719730002957,False
2020-01-31,CPF,Central Pacific Financial Corp,은행,28.17,28.24,27.629999,27.73,24.063353,166200.0,-1.6224234911421442,29.162199840000003,28.974666640000002,28.99255002,-0.005333333333334522,-0.005399997500001419,0.48714264285714315,-1.3343093845935725,-0.18993240908198977,0.502822661607548,-0.11567639952517103,-0.10960241385056138,False
2020-02-03,CPF,Central Pacific Financial Corp,은행,27.870001,28.389999,27.780001,28.379999,24.627407,178900.0,0.1679904312254843,29.1391998,28.964133306666664,28.984450014999997,-0.005266666666669195,-0.004050002500001426,0.5128569285714288,1.2674080504490477,-0.1307840091944088,0.5601563065065006,-0.02944224451883484,-0.10932080275463837,False
2020-02-04,CPF,Central Pacific Financial Corp,은행,28.559999,28.709999,28.43,28.469999,24.705502,152200.0,-0.797185747744189,29.12319978,28.95373329333333,28.980000004999997,-0.005200006666667534,-0.002225004999999669,0.5128569285714286,0.17548753850454227,-0.13363357385754043,-1.1760876777822564,-0.1452122683178238,-0.11104393035913622,False
2020-02-05,CPF,Central Pacific Financial Corp,은행,28.67,29.02,28.620001,28.959999,25.130714,101200.0,-0.07470211316084052,29.12059976,28.947933286666668,28.9802,-0.002900003333330403,9.999750000133645e-05,0.5257142142857142,0.9320653440306146,-0.019948494366912976,-0.05508402419423586,-0.08261256768613677,-0.10593159126901744,False
2020-02-06,CPF,Central Pacific Financial Corp,은행,29.09,29.09,28.75,28.799999,24.991871,82200.0,-0.8003385003771513,29.11499974,28.940066613333336,28.97649999,-0.003933336666666065,-0.0018500049999996548,0.5235714285714285,-0.3055934515688953,-0.0541730830924543,-0.6088917012672579,-0.054396174481484545,-0.10514897227763688,False
2020-02-07,CPF,Central Pacific Financial Corp,은행,28.65,28.67,28.34,28.389999,24.636078,72100.0,-1.5269495154486168,29.095199739999998,28.926199946666667,28.965199984999998,-0.006933333333334346,-0.00565000250000125,0.533571357142857,-0.7684070640437842,-0.14856054935397175,-0.2842325400986323,-0.0749916514650055,-0.11523874966839978,False
2020-02-10,CPF,Central Pacific Financial Corp,은행,28.23,28.41,28.209999,28.27,24.531948,98700.0,-2.447468438795908,29.07499972,28.915733280000005,28.957999990000005,-0.005233333333331203,-0.003599997499996732,0.5264286428571427,-0.22794922280200502,-0.1039180312664656,-0.8555986748475948,-0.10316438859786034,-0.11658008019630477,False
2020-02-11,CPF,Central Pacific Financial Corp,은행,28.440001,28.629999,28.440001,28.469999,24.705502,137200.0,-1.7465936319691622,29.060799699999997,28.905533273333337,28.950349985000003,-0.005100003333334158,-0.0038250025000010623,0.5357142857142857,0.37333146666667005,-0.06238949271317111,0.2291612091195468,-0.06887252631853204,-0.11616819855246578,False
2020-02-12,CPF,Central Pacific Financial Corp,은행,28.65,28.76,28.41,28.59,24.809637,86600.0,-1.7588872953501644,29.05139972,28.896399946666662,28.943699985,-0.0045666633333372175,-0.003325000000002021,0.5414285000000001,0.22163776011051958,-0.07404259093484904,-0.33240732636400505,-0.10792304027177445,-0.11379633321071755,False
2020-02-13,CPF,Central Pacific Financial Corp,은행,28.469999,28.700001,28.42,28.66,24.870382,55000.0,-1.216443957519886,29.04639972,28.88753328,28.936949985000002,-0.004433333333331291,-0.0033749999999983515,0.5150000714285713,0.1359223112451724,0.018327284288996968,0.28391305763119407,-0.09683315546140052,-0.11014636497971984,False
2020-02-14,CPF,Central Pacific Financial Corp,은행,28.59,28.74,28.120001,28.209999,24.479883,117900.0,-2.7539833777933787,29.0337997,28.874399940000004,28.93009998,-0.006566669999997998,-0.0034250025000002182,0.529285714285714,-0.8502043184885301,0.037845795547075005,-1.0335993457150783,-0.2359714226593619,-0.11527811146952559,False
2020-02-18,CPF,Central Pacific Financial Corp,은행,28.15,28.35,27.969999,28.1,24.38443,177300.0,-2.6384083441253536,29.01659972,28.862666600000004,28.921649975,-0.00586666999999963,-0.00422500250000013,0.5371429285714283,-0.20478534510832888,0.027375862711525454,0.09742886063811304,-0.14003175626966624,-0.10995855787311877,False
2020-02-19,CPF,Central Pacific Financial Corp,은행,28.23,28.469999,28.139999,28.32,24.575338,137000.0,-2.174632582299574,29.002399699999998,28.851466600000002,28.911549975000003,-0.00560000000000116,-0.005049999999998889,0.4514285714285712,0.4873417721518965,0.024294866777598376,0.0034609768188997303,-0.18523654405912673,-0.11550896469000556,False
2020-02-20,CPF,Central Pacific Financial Corp,은행,28.17,28.549999,28.17,28.41,24.653437,110900.0,-1.37264501354174,28.9871997,28.840866600000002,28.901449975000002,-0.005300000000000082,-0.005050000000000665,0.43071414285714255,0.20895529318583503,0.007921482124227344,0.5988734659661658,-0.14786319657007801,-0.11824144354087561,False
2020-02-21,CPF,Central Pacific Financial Corp,은행,28.440001,28.450001,27.889999,27.91,24.219553,177200.0,-1.9123270954788496,28.9637997,28.827533266666663,28.890549975,-0.006666666666669485,-0.005450000000001509,0.41714285714285687,-1.1986301369863022,0.017612856953318077,-0.06892434379455192,-0.1887022683845137,-0.11384788830598644,False
2020-02-24,CPF,Central Pacific Financial Corp,은행,27.200001,27.459999,27.030001,27.25,23.64682,93300.0,-0.8188333836374184,28.923199680000003,28.809999939999997,28.87999997,-0.008766663333332758,-0.005275002499999459,0.4328571428571428,-1.5247524752475254,-0.18182718059643715,1.4876210385211965,-0.12245478752632115,-0.10935693429958442,False
2020-02-25,CPF,Central Pacific Financial Corp,은행,27.219999,27.299999,26.17,26.280001,22.80508,114100.0,-1.2338064721247766,28.8633997,28.785866613333333,28.86364998,-0.012066663333332173,-0.008174994999999186,0.48999992857142843,-1.9795900844883538,-0.33576129652450115,0.33788687601892,-0.014313747969094268,-0.10451306031172349,False
2020-02-26,CPF,Central Pacific Financial Corp,은행,26.450001,26.639999,25.950001,26.17,22.709629,154900.0,-1.196590954894794,28.7921997,28.75986661333333,28.846499979999997,-0.013000000000001677,-0.00857500000000222,0.49999971428571427,-0.22000212571549424,-0.4180518300777946,0.04535346055864367,-0.007139641915317159,-0.09994761125230135,False
2020-02-27,CPF,Central Pacific Financial Corp,은행,25.450001,25.99,25.01,25.030001,21.912951,183400.0,-1.0144331621704583,28.702399720000003,28.72893328666667,28.828399985,-0.015466663333329578,-0.009049997499998241,0.5585711428571428,-2.0409199697800413,-0.5420037242357336,0.5314309998941145,0.07431197959620943,-0.08600867641627541,False
2020-02-28,CPF,Central Pacific Financial Corp,은행,24.32,24.5,23.43,23.92,20.941183,245600.0,-4.31066461718872,28.58119972,28.698799946666664,28.802099984999998,-0.015066670000003057,-0.013150000000001327,0.639999857142857,-1.7343769496377075,-0.6110015732067281,-1.3293826431370752,-0.0003415991922507728,-0.08531913749046814,False
2020-03-02,CPF,Central Pacific Financial Corp,은행,23.85,24.98,23.76,24.940001,21.834158,119400.0,-4.323779886032342,28.47419972,28.67186662,28.783449989999998,-0.013466663333332463,-0.009324997500000265,0.7128569285714283,1.4308635563718068,-0.49251494612288443,-0.5534640415929903,0.02123944604022097,-0.08806225907163233,False
2020-03-03,CPF,Central Pacific Financial Corp,은행,24.92,25.16,24.059999,24.42,21.378916,176100.0,-3.2627622820668445,28.361399739999996,28.64119995333333,28.76009999,-0.01533333333333431,-0.011674999999998548,0.7657142142857138,-0.6791058469315121,-0.567689039951326,0.4302763494155757,0.03560481320422303,-0.08737985703641139,False
2020-03-04,CPF,Central Pacific Financial Corp,은행,24.450001,24.52,23.440001,24.18,21.168806,151200.0,-7.592757868209721,28.23739976,28.606533293333335,28.737099985000004,-0.017333329999997815,-0.011500002499998274,0.8178569999999995,-0.293449832917004,-0.6044810108818633,-1.7721754635186113,-0.06723576802110598,-0.1060891636082838,False
2020-03-05,CPF,Central Pacific Financial Corp,은행,23.73,23.77,22.65,23.049999,20.179523,365500.0,-8.235275686306732,28.09339974,28.563733293333335,28.705549975000004,-0.021399999999999864,-0.015775005000000064,0.9071426428571426,-1.245670687953706,-0.7031662251103548,-0.10721835285756232,-0.09517372591316,-0.1177601328189032,False
2020-03-06,CPF,Central Pacific Financial Corp,은행,22.4,23.040001,22.4,22.889999,20.03945,190700.0,-6.782325184842753,27.95339974,28.523866613333333,28.673449975000004,-0.019933340000001465,-0.016049999999999898,0.9092854999999999,-0.17596233526213734,-0.6550060834513268,0.33477460247654955,0.002567270386241977,-0.11589162755919946,False
2020-03-09,CPF,Central Pacific Financial Corp,은행,21.700001,21.700001,20.309999,20.32,17.789497,178100.0,-9.826595638886282,27.759999739999998,28.46713328,28.62984997,-0.028366666666666873,-0.02180000250000269,1.0664282857142855,-2.409912634939755,-0.8125151755821429,-0.46685162569531546,-0.037738478637574346,-0.12367308594558563,False
2020-03-10,CPF,Central Pacific Financial Corp,은행,20.799999,21.110001,19.610001,20.67,18.095915,182500.0,-11.913624535909339,27.574199760000003,28.41693327333333,28.59059997,-0.02510000333333373,-0.01962499999999956,1.1471426428571425,0.3051059100446919,-0.8255320228755145,-0.7787978699429451,-0.0936141105491347,-0.13911839393920059,False
2020-03-11,CPF,Central Pacific Financial Corp,은행,20.139999,20.35,19.280001,19.540001,17.10664,230000.0,-11.718258652070801,27.3705998,28.35879994666667,28.54384998,-0.029066663333329856,-0.023374994999999288,1.2192855,-0.9267714575462445,-0.9066553622135203,0.12254189044937625,-0.12763779451461965,-0.13210382105225887,False
2020-03-12,CPF,Central Pacific Financial Corp,은행,18.32,19.51,17.440001,17.73,15.522038,238900.0,-10.750619033840003,27.130799819999996,28.291266606666667,28.489799975,-0.03376667000000211,-0.027025002500000284,1.3292853571428573,-1.361634648477874,-0.9182985416057754,0.3791436699923816,-0.09563293638698155,-0.1253239329986667,False
2020-03-13,CPF,Central Pacific Financial Corp,은행,18.709999,19.719999,18.25,19.65,17.202936,182000.0,-8.78154805070932,26.93219982,28.233599946666665,28.444449979999998,-0.02883333000000121,-0.022674997500001126,1.4085710714285715,1.3630835099096106,-0.71202454266598,-0.0999393577577119,-0.2090301075497607,-0.12128024339518804,False
2020-03-16,CPF,Central Pacific Financial Corp,은행,17.4,18.09,15.15,15.34,13.429669,331700.0,-18.105525533827404,26.648199799999997,28.14619994,28.380499984999997,-0.043700003333333015,-0.03197499750000077,1.6492854285714285,-2.6132529429628306,-0.7572861754141569,-0.7231167230397708,-0.2848160789110958,-0.13052000272895717,False
2020-03-17,CPF,Central Pacific Financial Corp,은행,15.63,17.67,15.12,17.57,15.381962,249800.0,-10.715185346999634,26.41079978,28.07593326666667,28.32939998,-0.035133336666664405,-0.025550002499997504,1.7821427142857147,1.2513027055152468,-0.6521929731833896,0.4564583811047891,-0.25545144172922823,-0.12973254174870372,False
2020-03-18,CPF,Central Pacific Financial Corp,은행,16.99,17.139999,15.77,16.549999,14.488989,326200.0,-10.459806147116701,26.15839976,27.997133253333335,28.272849970000003,-0.039400006666667764,-0.028275004999999354,1.8278570000000003,-0.5580310713584271,-0.5462723375818458,0.13992890111517653,-0.28341587735629525,-0.12519745369544732,False
2020-03-19,CPF,Central Pacific Financial Corp,은행,16.360001,17.450001,14.53,14.81,12.965673,359000.0,-19.05430338275118,25.876799780000002,27.909999926666668,28.204649964999998,-0.043566663333333366,-0.034100002500002446,1.9221427142857148,-0.9052392348747103,-0.48704821509877455,-0.9647996012765857,-0.2573742315091175,-0.137418299323317,False
2020-03-20,CPF,Central Pacific Financial Corp,은행,14.66,15.0,12.74,13.08,11.451117,528200.0,-23.92351662045361,25.5605998,27.811199926666664,28.128399965,-0.04940000000000211,-0.038124999999999076,1.996428428571429,-0.8665474680892642,-0.6511490025602796,-0.3178215151259739,-0.24054262247575914,-0.13886903932737713,False
2020-03-23,CPF,Central Pacific Financial Corp,은행,13.08,13.23,12.4,12.63,11.057155,653900.0,-22.875270360853396,25.2365998,27.70706659333333,28.05059996,-0.052066666666666706,-0.03890000250000014,1.9771426428571435,-0.22760118073712177,-0.6188986692606803,0.1334160934275277,-0.2617469264749054,-0.13688974683267943,False
2020-03-24,CPF,Central Pacific Financial Corp,은행,13.35,13.82,13.05,13.76,12.046432,372100.0,-21.696288739629654,24.9367998,27.60759992666667,27.97774996,-0.04973333333333052,-0.036424999999999486,1.9849998571428578,0.5692695623799606,-0.5572758553108972,-0.5180130044661593,-0.17216389368544455,-0.1410207523781291,False
2020-03-25,CPF,Central Pacific Financial Corp,은행,13.73,14.57,13.11,13.98,12.239035,243400.0,-19.815874271890934,24.6383998,27.513466593333337,27.905149960000003,-0.047066666666665924,-0.03629999999999889,1.9799998571428576,0.11111111912778666,-0.4603628690907905,-0.03330413346326515,-0.16688430658585188,-0.13780998556044174,False
2020-03-26,CPF,Central Pacific Financial Corp,은행,13.89,14.97,13.81,14.94,13.079485,317900.0,-17.754168455965,24.35779982,27.424333266666665,27.837599955,-0.044566663333336365,-0.03377500250000054,2.0164285000000004,0.4760892836021703,-0.4137877534576257,-0.30321292883972295,-0.2124548445370142,-0.1391435513805666,False
2020-03-27,CPF,Central Pacific Financial Corp,은행,14.53,15.58,14.19,15.02,13.149522,220700.0,-13.054659754113784,24.08319982,27.335399926666668,27.769949960000005,-0.04446666999999849,-0.03382499749999823,1.9314285000000007,0.041420119875004456,-0.23869255668514286,0.5098762411424053,-0.14268856833431987,-0.13652278399324885,False
2020-03-30,CPF,Central Pacific Financial Corp,은행,15.06,15.99,14.72,15.84,13.867405,193000.0,-9.929817936294693,23.823799840000003,27.2578666,27.704849955,-0.038766663333333895,-0.032550002500002506,1.9149999285714292,0.42819844939196006,-0.22990023244605232,-0.03230657966747147,-0.08936776188607175,-0.13647798953341908,False
2020-03-31,CPF,Central Pacific Financial Corp,은행,15.63,16.200001,15.21,15.9,13.919934,199700.0,-6.739037771646206,23.56179984,27.178666593333332,27.63994996,-0.03960000333333369,-0.03244999750000055,1.8864286428571433,0.031806132835814994,-0.16143040456161947,0.26878003640029624,-0.07892218003243459,-0.13411207250991516,False
2020-04-01,CPF,Central Pacific Financial Corp,은행,15.14,15.67,14.54,14.75,12.913146,231400.0,-8.269028522743005,23.28259986,27.094799926666667,27.571899955,-0.04193333333333271,-0.03402500249999996,1.8335715000000004,-0.627191249427688,-0.10897016177232047,0.049786497876653235,-0.1024476923264152,-0.12976776730838038,False
2020-04-02,CPF,Central Pacific Financial Corp,은행,14.56,15.05,14.27,14.82,12.974427,228900.0,-8.657512044573535,23.00619988,27.009666593333332,27.502599955,-0.04256666666666753,-0.03464999999999918,1.7471430000000001,0.04006540964305742,-0.20347145464850283,-0.3178442211648073,-0.11801232542692201,-0.13232085715511405,False
2020-04-03,CPF,Central Pacific Financial Corp,은행,14.61,15.29,13.15,13.41,11.74002,331700.0,-14.538690976007763,22.698999880000002,26.914466586666666,27.426749955000002,-0.04760000333333281,-0.03792499999999954,1.5785715714285717,-0.8932125888495394,-0.08061142935469633,-0.6191985656673912,-0.11058959990032347,-0.1324106324686797,False
2020-04-06,CPF,Central Pacific Financial Corp,은행,14.04,14.98,14.04,14.58,12.764316,312400.0,-11.842388828248652,22.42339986,26.82619992,27.357249954999997,-0.044133333333332914,-0.0347500000000025,1.5085715714285717,0.775568108374232,-0.11459247200762597,-0.4774658164091955,-0.17729847115132236,-0.13696080244828845,False
2020-04-07,CPF,Central Pacific Financial Corp,은행,15.14,15.32,14.18,14.43,12.632997,294000.0,-11.363345170430684,22.152599879999997,26.73933326,27.286749949999997,-0.043433330000000936,-0.035250002499999766,1.4614287142857145,-0.10263928615451771,-0.08206448735020386,-0.06954091978079854,-0.19226060121532057,-0.13601104977712877,False
2020-04-08,CPF,Central Pacific Financial Corp,은행,14.74,14.97,14.39,14.73,12.895638,361500.0,-11.215954683426999,21.88819986,26.6544666,27.216949944999996,-0.042433329999999714,-0.03490000250000058,1.2942857857142858,0.2317880666783633,-0.0008482515249843162,-0.48853694894198874,-0.15824184033427796,-0.13384767870313646,False
2020-04-09,CPF,Central Pacific Financial Corp,은행,15.24,16.91,15.24,16.84,14.742871,210700.0,0.9823243449891939,21.661399859999996,26.580333273333334,27.156899945,-0.03706666333333253,-0.030024999999998414,1.2885715000000002,1.637472193044778,0.17801029569887583,1.3037692128020124,-0.042413931196564635,-0.12482509484801241,False
2020-04-13,CPF,Central Pacific Financial Corp,은행,16.639999,16.9,15.72,15.89,13.911179,275400.0,-2.5233332816937515,21.411599879999997,26.501133273333334,27.091899950000002,-0.03960000000000008,-0.032499997499998656,1.3135715000000001,-0.7232191015106518,0.1426090156436237,-0.4806514217707086,-0.08627589656786723,-0.12519356171414517,False
2020-04-14,CPF,Central Pacific Financial Corp,은행,16.4,16.6,14.95,15.27,13.368389,183100.0,-8.27931301932231,21.16239988,26.412933273333334,27.02159995,-0.04410000000000025,-0.03515000000000157,1.346428642857143,-0.4604774291523917,0.06905565910559852,-1.2459105994005142,-0.13826858192032115,-0.14213254167187497,False
2020-04-15,CPF,Central Pacific Financial Corp,은행,14.61,14.88,13.99,14.47,12.668015,211000.0,-9.778553437366577,20.8841999,26.31793328,26.944149954999997,-0.0474999966666676,-0.038724997500001024,1.3335715,-0.5998928441407146,0.018269661729277013,0.01586435983844925,-0.13475654668448442,-0.14448754786992388,False
2020-04-16,CPF,Central Pacific Financial Corp,은행,14.42,14.56,13.6,13.94,12.204015,254000.0,-12.120216617093504,20.593599920000003,26.216733273333332,26.86369995,-0.05060000333333292,-0.04022500249999794,1.319285785714286,-0.4017325175023009,-0.04443189549247092,-0.5752447673426101,-0.15418739229183348,-0.14890058711626897,False
2020-04-17,CPF,Central Pacific Financial Corp,은행,14.17,15.17,14.16,15.08,13.202048,163600.0,-6.672365223546195,20.315999939999998,26.123799939999998,26.78994995,-0.04646666666666732,-0.03687500000000021,1.3078572142857143,0.8716547858189635,0.014870580646383287,0.04860976854799115,-0.18713499747714876,-0.14580030449691875,False
2020-04-20,CPF,Central Pacific Financial Corp,은행,14.6,15.2,14.44,14.73,12.895638,148100.0,-6.799635666759373,20.03459996,26.028066606666666,26.71369995,-0.047866666666665836,-0.03812500000000085,1.271428642857143,-0.275280883411186,-0.03537794312527,0.3051740964377537,-0.16302923489820412,-0.14508335927584454,False
2020-04-21,CPF,Central Pacific Financial Corp,은행,14.19,15.52,14.08,15.17,13.280841,230600.0,-0.888333024610044,19.77019998,25.935599933333332,26.637199955,-0.04623333666666696,-0.038249997499999466,1.3035714285714286,0.3375342465753421,-0.01354022071530378,1.2955422386228217,-0.08968907759659517,-0.13811255499395056,False
2020-04-22,CPF,Central Pacific Financial Corp,은행,15.51,16.030001,14.03,14.68,12.851863,334900.0,-5.92148651491029,19.498399980000002,25.839933260000002,26.561399955000002,-0.047833336666665005,-0.03789999999999871,1.349285785714286,-0.36315508929830137,0.005319505008223836,-1.0910044796634588,-0.17117414742088885,-0.1432874396038022,False
2020-04-23,CPF,Central Pacific Financial Corp,은행,15.57,16.16,15.28,15.84,13.867405,274400.0,1.5541951822038325,19.2458,25.7518666,26.490599955000004,-0.044033330000001314,-0.03539999999999921,1.3992857857142855,0.8289943425730302,0.06167157164607904,0.8469068246985522,-0.08797764414493463,-0.1376259181166876,False
2020-04-24,CPF,Central Pacific Financial Corp,은행,15.93,16.049999,15.41,15.6,13.657293,215300.0,-1.1968618681084786,18.986,25.662933260000003,26.418799959999998,-0.04446666999999849,-0.03589999750000317,1.292142857142857,-0.18573797678275308,0.11220547250799233,-0.6585886339475011,-0.09079122045065678,-0.14066122604126602,False
2020-04-27,CPF,Central Pacific Financial Corp,은행,15.71,16.559999,15.71,16.18,14.165065,209300.0,1.2534251122085616,18.7364,25.577866586666666,26.34974996,-0.042533336666668475,-0.034524999999998585,1.2485713571428572,0.464530919023508,0.08998853041151207,-0.1107961925605096,-0.0646005330328935,-0.14545196222778492,False
2020-04-28,CPF,Central Pacific Financial Corp,은행,16.84,17.139999,16.360001,16.52,14.462724,187000.0,4.170925160770467,18.50260002,25.495133253333332,26.28144996,-0.041366666666666774,-0.03415000000000035,1.235714142857143,0.2751445404791375,0.11697308945677316,0.49139682531527684,-0.024533551240316677,-0.14214085605514135,False
2020-04-29,CPF,Central Pacific Financial Corp,은행,17.35,18.719999,17.049999,18.209999,15.942263,251800.0,11.810640218037992,18.3048,25.42633324,26.22319995,-0.034400006666665206,-0.02912500499999915,1.3514283571428574,1.2505279995551797,0.1897402275194029,0.14853604855125058,0.020971662866343273,-0.14347896264015947,False
2020-04-30,CPF,Central Pacific Financial Corp,은행,17.59,17.959999,17.139999,17.49,15.311926,243900.0,8.354247696031859,18.0882,25.348399906666668,26.160649950000003,-0.03896666666666704,-0.031274999999999054,1.272142642857143,-0.5659734810735801,0.03235125079666301,-0.164999399039421,-0.08394038083661626,-0.14713677990165627,False
2020-05-01,CPF,Central Pacific Financial Corp,은행,17.0,17.0,16.290001,16.780001,14.690345,182100.0,6.89605208786177,17.85560002,25.26966658,26.094549955,-0.03936666333333427,-0.03304999750000093,1.273571142857143,-0.5574867206924778,0.04418927799796114,0.6248168396325062,-0.004978362164958061,-0.13817760449381306,False
2020-05-04,CPF,Central Pacific Financial Corp,은행,16.389999,16.57,15.87,16.200001,14.182575,146000.0,2.477784457850496,17.62140004,25.18499992,26.02599996,-0.04233332999999995,-0.03427499750000074,1.2207140714285714,-0.4751317393443648,0.043142541555677365,-0.6574365530612751,0.037055498287844726,-0.15040437014159888,False
2020-05-05,CPF,Central Pacific Financial Corp,은행,16.549999,16.68,15.44,15.58,13.639783,149400.0,-2.2902348061049183,17.388000039999998,25.099533253333334,25.954499965,-0.042733333333332624,-0.035749997499999964,1.2178569285714287,-0.509091819781552,0.04962832900990326,-0.9111877812743382,-0.02916251179164009,-0.14664725762236713,False
2020-05-06,CPF,Central Pacific Financial Corp,은행,15.57,15.59,14.67,14.96,13.096995,270100.0,-5.371050488213125,17.161600019999998,25.011866580000003,25.879799965000004,-0.043833336666665446,-0.03734999999999822,1.2149997857142856,-0.5102881558415319,0.04187435484281533,-0.19750322754509791,-0.002180973234674933,-0.1533489428532562,False
2020-05-07,CPF,Central Pacific Financial Corp,은행,15.24,15.79,15.17,15.39,13.473447,200100.0,-3.745440322840965,16.94600002,24.92933324666667,25.806399964999997,-0.04126666666666701,-0.036700000000003286,1.186428357142857,0.36243233517742335,0.005501322654133889,-0.16495591586572267,-0.017435664978511633,-0.16171880201139402,False
2020-05-08,CPF,Central Pacific Financial Corp,은행,15.84,16.379999,15.76,16.35,14.313895,140500.0,0.9766516105838452,16.7724,24.854333246666666,25.739799965000003,-0.03750000000000142,-0.033299999999997,1.202856857142857,0.7980999520427448,0.08217138232941466,0.012935019650969659,-0.03830988474899621,-0.15503938824511665,False
2020-05-11,CPF,Central Pacific Financial Corp,은행,15.92,16.07,15.3,15.68,13.727332,290000.0,-2.8200966417987194,16.6076,24.772399919999998,25.67599996,-0.0409666633333341,-0.031900002500002245,1.1749997142857143,-0.5702129046110421,0.017332300101815783,-0.5769393223642503,-0.1720585676766442,-0.15567714690307383,False
2020-05-12,CPF,Central Pacific Financial Corp,은행,15.66,15.66,14.45,14.51,12.703035,242200.0,-7.930278354040665,16.39899998,24.68179992,25.60364996,-0.04529999999999923,-0.03617500000000007,1.119999642857143,-1.044643190256119,-0.03134542139517119,-0.00535995843541448,-0.09451253044606962,-0.15966645190039974,False
2020-05-13,CPF,Central Pacific Financial Corp,은행,14.33,14.33,13.17,13.43,11.75753,247500.0,-12.922612440310555,16.17919998,24.586933253333335,25.525699959999997,-0.04743333333333233,-0.03897500000000065,1.109999642857143,-0.9729732860274407,-0.16005739486663342,-0.1371803453646081,-0.1648044711648668,-0.16358099153747865,False
2020-05-14,CPF,Central Pacific Financial Corp,은행,13.2,13.95,12.68,13.84,12.116471,355000.0,-11.183144575676174,15.97239998,24.494533246666666,25.447999964999998,-0.046200003333334294,-0.038849997499999844,1.1549997142857145,0.3549784427899674,-0.12143479346858195,-0.16517002601114572,-0.12956028488369853,-0.16065799778664566,False
2020-05-15,CPF,Central Pacific Financial Corp,은행,13.83,14.15,13.34,14.08,12.326583,1025600.0,-9.724258399847418,15.793000000000001,24.402799913333332,25.371049969999998,-0.045866666666666944,-0.03847499749999983,1.1442855,0.2097378669921101,-0.13963429718511036,0.029922190243284796,-0.11950897182628466,-0.15893235599216904,False
2020-05-18,CPF,Central Pacific Financial Corp,은행,14.82,15.53,14.71,15.36,13.447182,485900.0,-4.509460193864423,15.64240002,24.31793324666667,25.303499964999997,-0.04243333333333155,-0.03377500250000054,1.1792855714285715,1.0854029176744897,-0.08175869881401378,-0.2934265460681129,-0.17556778406795534,-0.15865589751140038,False
2020-05-19,CPF,Central Pacific Financial Corp,은행,15.14,15.46,14.77,14.78,12.93941,169800.0,-6.724649428321716,15.53160002,24.229133246666663,25.233249965,-0.044400000000003104,-0.03512499999999896,1.0714285,-0.5413333694222248,-0.20974879659811405,-0.04086063417056085,-0.18909611854808475,-0.15975615947344635,False
2020-05-20,CPF,Central Pacific Financial Corp,은행,15.22,15.7,15.17,15.54,13.604764,163700.0,-3.521561480143065,15.429000019999998,24.143066573333336,25.16994996,-0.04303333666666376,-0.031650002499999275,1.0607142142857142,0.7164983647473645,-0.11814366475376088,-0.06075847545794688,-0.18165033829226515,-0.15948153198478243,False
2020-05-21,CPF,Central Pacific Financial Corp,은행,15.54,15.87,15.43,15.55,13.61352,99700.0,-2.353879870154807,15.349200000000002,24.056999913333332,25.106399960000005,-0.04303333000000187,-0.03177499999999789,1.0064285714285715,0.009936124911286152,-0.07761346149634918,0.40157686572170476,-0.19759605071446523,-0.15798076611483233,False
2020-05-22,CPF,Central Pacific Financial Corp,은행,15.71,15.71,15.12,15.45,13.525972,111400.0,-2.9656308182207103,15.3036,23.968533253333334,25.044349955,-0.04423332999999907,-0.03102500250000162,0.9835713571428573,-0.10167030513219498,-0.05093764476690848,-0.2227348495743488,-0.16654592903682763,-0.1614469136463519,False
2020-05-26,CPF,Central Pacific Financial Corp,은행,16.190001,16.559999,16.030001,16.379999,14.340157,206400.0,1.7642561753253627,15.23819998,23.88579990666667,24.984749955,-0.041366673333332216,-0.029799999999999827,0.9742855714285718,0.9545445681150413,0.05360781151141962,0.3293530456335223,-0.07793586997198047,-0.16235654592107074,False
2020-05-27,CPF,Central Pacific Financial Corp,은행,17.209999,17.540001,16.68,17.4,15.233134,197800.0,6.559834079446336,15.279399979999999,23.807399906666667,24.92949995,-0.03920000000000101,-0.02762500250000066,0.9914285714285717,1.0288194524495644,0.16354406924649792,0.28627078881231593,-0.04338058308930807,-0.1616930012390466,False
2020-05-28,CPF,Central Pacific Financial Corp,은행,17.309999,17.309999,16.34,16.469999,14.612098,177700.0,1.795543752024309,15.25739996,23.7209999,24.871299940000004,-0.04320000333333418,-0.02910000499999832,1.007857142857143,-0.9227508150248022,0.07174527280348182,-0.8145568986894552,-0.08978065329100325,-0.17318877909227,False
2020-05-29,CPF,Central Pacific Financial Corp,은행,16.15,16.4,15.7,16.110001,14.292708,167200.0,-0.23995930400700916,15.2486,23.629066573333333,24.809999939999997,-0.0459666633333331,-0.030650000000003175,0.9921428571428574,-0.36284895608351414,-0.011179649205536676,-0.6094554322007594,-0.13423711413755532,-0.1812545350380362,False
2020-06-01,CPF,Central Pacific Financial Corp,은행,16.24,16.530001,15.98,16.0,14.195118,148600.0,-0.6435502368343893,15.2724,23.54393324,24.750599944999998,-0.04256666666666575,-0.029699997499999853,0.956428642857143,-0.11501223935681604,0.021334684026908045,-0.3105708370539025,-0.11521079375824476,-0.16877852185375622,False
2020-06-02,CPF,Central Pacific Financial Corp,은행,16.32,16.5,16.02,16.07,14.25722,373100.0,-0.566292655928291,15.3322,23.459733233333335,24.691449945,-0.04210000333333319,-0.029574999999999463,0.9042857857142858,0.07740915660275255,0.10148128023111316,-0.3783303576791554,-0.14185153656136912,-0.16735244710894223,False
2020-06-03,CPF,Central Pacific Financial Corp,은행,16.57,17.6,16.370001,17.27,15.321853,206400.0,5.320852129820586,15.425,23.38126656,24.636549945,-0.039233336666667284,-0.027449999999999974,0.9178572142857144,1.3073928943663107,0.2643645788306669,0.5117222754793013,-0.09550134935823275,-0.16335433980245825,False
2020-06-04,CPF,Central Pacific Financial Corp,은행,17.0,17.940001,16.709999,17.73,15.729963,232500.0,8.03422603607924,15.5044,23.302799893333333,24.581799945000004,-0.039233333333333675,-0.027374999999997485,0.9150002142857144,0.5027321227012992,0.27491841311004767,0.7154973182451562,-0.03259653905421118,-0.1645561473291641,False
2020-06-05,CPF,Central Pacific Financial Corp,은행,19.190001,19.559999,18.610001,18.77,16.652647,221000.0,10.887199116360646,15.6002,23.23146656666667,24.535149944999997,-0.03566666333333224,-0.02332500000000337,0.9878572857142859,1.0527836510797313,0.3351359691163064,-0.48364319231482233,-0.06927978066550454,-0.1644726336495619,False
2020-06-08,CPF,Central Pacific Financial Corp,은행,19.24,19.84,19.200001,19.809999,17.575331,208300.0,15.043922662062226,15.69759998,23.170733226666666,24.492649944999997,-0.03036667000000115,-0.021250000000000213,0.9607144285714287,1.0825266791781905,0.3349305235094278,0.28856660635361664,-0.027708841206809578,-0.15952125848206897,False
2020-06-09,CPF,Central Pacific Financial Corp,은행,19.139999,19.43,18.309999,18.91,16.776857,237600.0,10.117278895712012,15.77539998,23.099333220000002,24.445399939999998,-0.03570000333333212,-0.023625002499999326,1.0185715714285715,-0.8835893571403437,0.3104836672438479,-0.36117222634829793,-0.05058824064807651,-0.1601307048795036,False
2020-06-10,CPF,Central Pacific Financial Corp,은행,18.91,19.219999,18.370001,18.450001,16.368746,312800.0,7.283246932162868,15.8276,23.02373322,24.400299949999997,-0.03780000000000072,-0.022549995000000322,1.013571428571429,-0.45383974630021107,0.22688808788330678,-0.09239493761893808,-0.05284798794529017,-0.158795355703108,False
2020-06-11,CPF,Central Pacific Financial Corp,은행,17.43,17.690001,16.52,16.709999,14.825023,333000.0,2.487561135289429,15.843799980000002,22.93593322,24.344949940000003,-0.043900000000000716,-0.0276750049999972,1.1200000714285718,-1.553573115205796,0.11520885644637231,1.6935338853271427,0.03943465631224111,-0.149691484874232,False
2020-06-12,CPF,Central Pacific Financial Corp,은행,17.549999,17.65,16.23,16.73,14.842769,233000.0,0.6857107238060545,15.883399980000002,22.85033322,24.29194994,-0.04279999999999973,-0.02650000000000219,1.179285785714286,0.016960265477876612,0.123682468632806,-0.5987745370747413,0.012574678633641645,-0.14967294557424338,False
2020-06-15,CPF,Central Pacific Financial Corp,은행,15.87,16.92,15.87,16.799999,14.904871,231100.0,-0.23931569130662966,15.92299996,22.76486654,24.237999934999998,-0.04273333999999984,-0.0269750025000004,1.1750001428571433,0.059573609778283874,0.05975597160875191,-0.317198247484519,-0.03360755658907559,-0.14942225641381796,False
2020-06-16,CPF,Central Pacific Financial Corp,은행,17.709999,17.84,16.84,17.34,15.383957,223400.0,0.7306860979860552,16.00159996,22.68226654,24.18624993,-0.04129999999999967,-0.02587500249999941,1.166428642857143,0.4629524517481659,0.019336900130080586,-0.3853238820656967,-0.08157860450893363,-0.15048618309213516,False
2020-06-17,CPF,Central Pacific Financial Corp,은행,17.459999,17.459999,16.309999,16.42,14.567739,148400.0,-4.457480064698105,16.03839996,22.59299988,24.12924993,-0.044633329999999916,-0.028499999999999304,1.1728572142857148,-0.7844092092320804,0.02921844340098928,-0.6181944170894401,-0.06755271296607541,-0.15766309382125437,False
2020-06-18,CPF,Central Pacific Financial Corp,은행,16.139999,16.780001,16.139999,16.32,14.479019,122200.0,-5.103567541549059,16.07619996,22.503066553333333,24.073549934999996,-0.044966663333333656,-0.027849997500002388,1.1635717142857145,-0.08594227478397302,0.04899749206524223,-0.1139892617924689,-0.03216227222262609,-0.15676020533614715,False
2020-06-19,CPF,Central Pacific Financial Corp,은행,16.540001,16.540001,15.65,15.9,14.106398,437300.0,-6.901507796456885,16.09959996,22.411799886666664,24.01574994,-0.04563333333333475,-0.028899997499998165,1.1878574285714287,-0.3535777862711277,0.0319570958570771,-0.09831345758353743,-0.01700103083188573,-0.15341928667953775,False
2020-06-22,CPF,Central Pacific Financial Corp,은행,15.61,15.97,15.31,15.91,14.115269,274700.0,-7.339263776263138,16.08099996,22.320133220000002,23.955499945,-0.04583333333333073,-0.03012499749999975,1.1992860000000003,0.00833829461863124,0.0270234628582113,-0.2798626941415618,-0.009967626293486185,-0.1554105062202319,False
2020-06-23,CPF,Central Pacific Financial Corp,은행,16.280001,16.34,15.73,15.8,14.017679,168200.0,-8.016153565920291,16.079199959999997,22.229266553333332,23.895649945,-0.04543333333333521,-0.029925000000000423,1.1335717142857145,-0.09703841284475995,-0.0732930590854366,-0.29201842793497457,-0.06737767653736303,-0.14554391977897185,False
2020-06-24,CPF,Central Pacific Financial Corp,은행,15.45,15.45,14.58,14.87,13.192586,163800.0,-10.433815674180213,16.071199959999998,22.131933226666668,23.827499945,-0.04866666333333214,-0.03407499999999963,1.132857285714286,-0.8209330616730072,-0.16784057225502994,0.2849055129988848,-0.09813423405495383,-0.14374769122521758,False
2020-06-25,CPF,Central Pacific Financial Corp,은행,14.65,15.39,14.6,15.33,13.600697,206000.0,-8.272326801676366,16.08839996,22.037266553333335,23.760549949999998,-0.04733333666666617,-0.033474997500000825,1.058571642857143,0.4345478202669737,-0.2120002744559412,-0.039237504517470045,-0.06639097064085726,-0.14568669373677448,False
2020-06-26,CPF,Central Pacific Financial Corp,은행,15.0,15.01,14.5,14.93,13.245819,435900.0,-8.168008121711146,16.10819996,21.941666553333334,23.689599945,-0.04780000000000051,-0.035475002499998354,1.0414287857142859,-0.38408771246480566,-0.31675844528758373,0.6336011832283555,-0.04174564372123305,-0.14094736497241905,False
2020-06-29,CPF,Central Pacific Financial Corp,은행,15.24,15.75,15.22,15.69,13.920087,245600.0,-4.804443058293395,16.12039996,21.852333220000002,23.622949945000002,-0.04466666666666619,-0.033324999999999605,0.9928573571428574,0.7654674606904757,-0.19896867258538234,0.172103191859598,-0.003654542420669062,-0.13823187079386087,False
2020-06-30,CPF,Central Pacific Financial Corp,은행,15.49,16.110001,15.49,16.030001,14.221734,135300.0,-4.177033674464415,16.146399979999998,21.76533322666667,23.55764995,-0.04349999666666626,-0.03264999750000186,0.9764290000000001,0.34820862551194104,-0.14167950317022865,-0.2705630102309768,-0.01638083332152897,-0.13724257076904747,False
2020-07-01,CPF,Central Pacific Financial Corp,은행,16.219999,16.219999,15.17,15.19,13.476489,138700.0,-9.100264311249695,16.14679998,21.670733233333333,23.488399944999998,-0.047299996666668065,-0.034625002500000335,0.9135717142857144,-0.9194691416828319,-0.09638636220430263,-1.161125253918739,-0.22028505755337768,-0.14209040313243104,False
2020-07-02,CPF,Central Pacific Financial Corp,은행,15.52,15.85,14.99,15.04,13.343409,151400.0,-9.653809462470441,16.15399998,21.575799893333333,23.418449940000002,-0.04746667000000038,-0.03497500249999774,0.8735717142857145,-0.17170885635033353,-0.10986272804917478,-0.40530760755987555,-0.20646599115945868,-0.1403585536215139,False
2020-07-06,CPF,Central Pacific Financial Corp,은행,15.43,15.56,15.04,15.31,13.582952,184300.0,-8.55681735197602,16.14339998,21.483333226666666,23.349749945,-0.04623333333333335,-0.03434999750000145,0.8357145714285715,0.3230768126233135,-0.09104107070310123,-0.5617687417322255,-0.22393531217715199,-0.13718669751464957,False
2020-07-07,CPF,Central Pacific Financial Corp,은행,15.04,15.11,14.73,14.91,13.228074,219100.0,-8.769323436944843,16.129599980000002,21.388999899999998,23.279599939999997,-0.04716666333333386,-0.03507500250000106,0.8028573571428572,-0.4982205075923916,-0.15969628208456962,0.15182455181980864,-0.18556756689961593,-0.13881342888087622,False
2020-07-08,CPF,Central Pacific Financial Corp,은행,14.8,14.94,14.21,14.46,12.828835,186700.0,-11.067874897839724,16.095199980000004,21.292666566666668,23.207199935,-0.04816666666666514,-0.03620000249999933,0.7728573571428573,-0.5822549217407785,-0.14525669012090522,-1.0461495268622962,-0.2161357890262485,-0.15285841266550412,False
2020-07-09,CPF,Central Pacific Financial Corp,은행,14.4,14.41,13.71,13.9,12.332007,184700.0,-12.860001631724016,16.042799979999998,21.193066566666666,23.132049935,-0.04980000000000118,-0.03757499999999858,0.7807143571428573,-0.717291791647595,-0.1903530841825925,-0.3964379166223993,-0.23631069294267212,-0.16104743767986687,False
2020-07-10,CPF,Central Pacific Financial Corp,은행,13.91,14.51,13.91,14.46,12.828835,149400.0,-9.369420922227844,15.9678,21.096399906666665,23.06169993,-0.048333330000000174,-0.03517500250000083,0.7607142857142859,0.7361502347417845,-0.11251536839595591,0.1274628123689423,-0.22018381651749497,-0.15603309029384654,False
2020-07-13,CPF,Central Pacific Financial Corp,은행,14.75,14.96,14.35,14.76,13.094996,213300.0,-5.841352272941769,15.913200000000002,21.001266566666665,22.98959993,-0.047566670000000144,-0.03604999999999947,0.7571428571428573,0.3962264150943381,-0.08480907407626258,0.916037259163523,-0.13476239128141748,-0.14970558695557484,False
2020-07-14,CPF,Central Pacific Financial Corp,은행,14.78,14.84,14.33,14.54,12.899814,302400.0,-7.606047907041303,15.868399980000001,20.903733233333334,22.91934993,-0.048766666666665515,-0.03512500000000074,0.7500000000000002,-0.2933333333333341,-0.09883013982544644,-0.9988461675404635,-0.18525008696752385,-0.1499856121339038,False
2020-07-15,CPF,Central Pacific Financial Corp,은행,15.06,15.42,15.0,15.29,13.565208,335900.0,-2.9152927413219065,15.85019996,20.811799900000004,22.85129993,-0.045966666666664935,-0.03402499999999975,0.725714285714286,1.0334645669291336,0.033626833646135036,0.5128939774119152,-0.1689651966523074,-0.14805877400331469,False
2020-07-16,CPF,Central Pacific Financial Corp,은행,15.16,15.5,15.0,15.22,13.503105,158300.0,-2.4894818004901453,15.84299996,20.71806656,22.785399929999997,-0.046866670000001776,-0.03295000000000137,0.7050000000000002,-0.09929078014184183,-0.004504494954494647,0.10675677437099056,-0.1585370338745602,-0.15190319007378228,False
2020-07-17,CPF,Central Pacific Financial Corp,은행,15.16,15.26,14.71,14.73,13.06838,122700.0,-5.242129457931355,15.838399960000002,20.621133226666668,22.718499924999996,-0.048466666666666214,-0.03345000250000041,0.6850000000000002,-0.7153284671532848,-0.028164548860814587,-0.8997225806885102,-0.268060159868622,-0.15474377707685016,False
2020-07-20,CPF,Central Pacific Financial Corp,은행,14.65,14.65,14.23,14.25,12.642528,132300.0,-8.38086644827044,15.81559996,20.517933226666667,22.650899924999997,-0.051600000000000534,-0.033799999999999386,0.6621428571428573,-0.7249190938511332,-0.13462073132807237,-1.2791880881386324,-0.3717238227256385,-0.1631548164926473,False
2020-07-21,CPF,Central Pacific Financial Corp,은행,14.55,15.26,14.41,15.14,13.432129,451100.0,-2.3575904195161312,15.791399960000001,20.42206656,22.588599924999997,-0.04793333333333294,-0.031150000000000233,0.6899999285714287,1.2898552059891524,-0.06736026129398585,1.1723646044129319,-0.26865756453678785,-0.1516953873096777,False
2020-07-22,CPF,Central Pacific Financial Corp,은행,15.04,15.04,14.77,14.96,13.272435,192600.0,-3.5843610026741968,15.776999960000001,20.321933226666665,22.523549929999998,-0.050066666666667814,-0.032524997499999486,0.6414285714285715,-0.28062360801781694,-0.02172843746077049,-0.684649276809751,-0.23462356617186014,-0.15736632446713977,False
2020-07-23,CPF,Central Pacific Financial Corp,은행,14.89,15.34,14.89,15.28,13.556334,90100.0,-0.13284094067131935,15.792399960000001,20.221866553333335,22.45944993,-0.05003333666666521,-0.032049999999998136,0.6121428571428572,0.522753792298714,0.027876037442732902,1.3840308930172778,-0.10681367327349207,-0.15301363408224564,False
2020-07-24,CPF,Central Pacific Financial Corp,은행,15.59,15.59,14.97,15.08,13.378897,183700.0,-0.5298852304512769,15.82539996,20.121999893333335,22.396549929999995,-0.04993333,-0.03145000000000309,0.6192857142857141,-0.322952710495962,-0.018268928494358207,0.1158345445625214,-0.05841343853815299,-0.14891733160692522,False
2020-07-27,CPF,Central Pacific Financial Corp,은행,14.96,14.96,14.54,14.55,12.908685,142900.0,-4.2529857062396985,15.839599960000001,20.016466566666665,22.330799925,-0.05276666333333502,-0.03287500249999731,0.6164285714285713,-0.8597914252607175,-0.044095422613524345,-1.3924295386054486,-0.16871730213995706,-0.1590257959501245,False
2020-07-28,CPF,Central Pacific Financial Corp,은행,14.39,14.83,14.39,14.62,12.970789,155100.0,-2.5461856715615516,15.850399959999999,19.912266566666666,22.264699925,-0.05209999999999937,-0.033050000000001134,0.5957142857142858,0.11750599520383442,0.00588750002537658,0.593076737337264,-0.05162971183998849,-0.1480916877319353,False
2020-07-29,CPF,Central Pacific Financial Corp,은행,15.33,16.07,15.06,15.6,13.84024,206300.0,3.1333845954390593,15.85519996,19.816999906666666,22.202249925,-0.04763333000000003,-0.03122499999999917,0.6457142857142858,1.5176991150442483,0.16552970764622252,0.5836504950614704,0.018376603280287916,-0.1376625898458669,False
2020-07-30,CPF,Central Pacific Financial Corp,은행,15.5,15.63,15.33,15.58,13.822495,151300.0,3.473186862233657,15.871199959999998,19.72093324,22.139649925,-0.048033333333332706,-0.031299999999999883,0.6235714285714288,-0.03207331042382519,0.11065659727725041,0.25152294680322906,0.02723804145416554,-0.1378004589587383,False
2020-07-31,CPF,Central Pacific Financial Corp,은행,15.5,15.58,15.03,15.56,13.80475,209900.0,2.607161207031705,15.871599960000001,19.624933246666668,22.07519992,-0.047999996666666433,-0.0322250025000006,0.6192857142857144,-0.03229527104959561,0.08004790540982658,-0.64466178177381,-0.08424046146992967,-0.13533551372265626,False
2020-08-03,CPF,Central Pacific Financial Corp,은행,15.5,15.64,15.01,15.19,13.476489,157700.0,-0.3272467104490695,15.864399959999998,19.528066586666668,22.008849925,-0.04843332999999994,-0.03317499749999975,0.627857142857143,-0.5893060295790685,0.05890699853513125,-1.2126305929598906,-0.09951077757131732,-0.1394443583608398,False
2020-08-04,CPF,Central Pacific Financial Corp,은행,15.06,15.34,14.83,15.33,13.600697,160100.0,0.3422482819364525,15.86199996,19.43213326,21.941899929999998,-0.04796666333333377,-0.033474997500000825,0.6014285714285715,0.2327790973871743,0.0017151792821341705,-0.0956234774929288,-0.14297631006452047,-0.14746978804296865,False
2020-08-05,CPF,Central Pacific Financial Corp,은행,15.49,15.75,15.21,15.66,13.893471,166700.0,1.6886671469531045,15.84759998,19.33933326,21.876249924999996,-0.04640000000000022,-0.03282500250000098,0.6042857142857143,0.546099290780142,0.04781447006227587,-0.0449372440593524,-0.15381159709525924,-0.14176222984314427,False
2020-08-06,CPF,Central Pacific Financial Corp,은행,15.64,15.72,15.52,15.63,13.866855,92900.0,0.5663934203257615,15.81219998,19.246599919999998,21.808599925,-0.046366670000001164,-0.03382499999999844,0.5792857142857145,-0.05178791615289653,0.09521022370516075,-0.6405660097379658,-0.13530041345593466,-0.13550004685492673,False
2020-08-07,CPF,Central Pacific Financial Corp,은행,15.7,16.530001,15.6,16.5,14.638715,116200.0,5.660362943241148,15.8128,19.160333246666667,21.743949924999995,-0.0431333366666653,-0.032325000000001936,0.6100000714285716,1.426229341190942,0.24886368335102324,1.365528209579375,0.05360789352392302,-0.13312996792270543,False
2020-08-10,CPF,Central Pacific Financial Corp,은행,16.51,17.1,16.48,16.74,14.851642,132900.0,6.557088760724472,15.82539998,19.07746658,21.678149925,-0.04143333333333388,-0.03289999999999793,0.5821429285714288,0.41226988806504156,0.18617901778501536,0.14825073608599754,-0.019543097070858006,-0.12344697391563436,False
2020-08-11,CPF,Central Pacific Financial Corp,은행,17.17,17.48,16.860001,16.940001,15.029078,190600.0,8.07890792884085,15.8442,18.997799926666666,21.61899993,-0.039833326666666835,-0.029574997499999256,0.6085715000000003,0.32864010227228885,0.22969785423430863,1.0557089200538952,0.1047682027051167,-0.11479342263538807,False
2020-08-12,CPF,Central Pacific Financial Corp,은행,17.32,17.32,16.65,16.91,15.002465,124200.0,6.100804594603537,15.860999999999999,18.917933266666665,21.560049925,-0.03993333000000021,-0.029475002499999903,0.6242857857142862,-0.04805651624067094,0.18892568933863826,-1.32260075709227,-0.08856262944556527,-0.1180850928632131,False
2020-08-13,CPF,Central Pacific Financial Corp,은행,16.9,16.92,16.629999,16.709999,14.825023,153800.0,4.816226524297917,15.84979998,18.83713326,21.498399915,-0.040400003333331824,-0.030825005000000516,0.6007144285714291,-0.3329385652940394,0.18821241399591845,-0.13948733112064923,-0.10679990628007748,-0.11076343237438481,False
2020-08-14,CPF,Central Pacific Financial Corp,은행,16.530001,16.85,16.370001,16.799999,14.904871,123500.0,4.940193679444915,15.83119996,18.757466586666666,21.43489991,-0.03983333666666766,-0.03175000250000082,0.5964286428571436,0.15089818552117495,0.2604045290517679,0.16744797545359683,0.004619916152711492,-0.11109640955091725,False
2020-08-17,CPF,Central Pacific Financial Corp,은행,16.709999,16.76,16.309999,16.59,14.718562,325100.0,2.781843872077161,15.78759996,18.67539992,21.370499915,-0.04103333333333303,-0.032199997499999355,0.600000071428572,-0.3499982916668694,0.22701136570386052,-0.6178674922869367,-0.08187610024901713,-0.1109013804089488,False
2020-08-18,CPF,Central Pacific Financial Corp,은행,16.280001,16.4,15.95,16.049999,14.239475,263300.0,-0.8823293706115787,15.71239996,18.589266586666668,21.30614991,-0.043066666666666364,-0.032175002500000716,0.5421429285714291,-0.9960491441305469,0.04745791861994657,-1.235059610862813,-0.2117839649578945,-0.12209972885072481,False
2020-08-19,CPF,Central Pacific Financial Corp,은행,16.040001,16.309999,15.86,16.08,14.266092,168300.0,-0.46417987473096334,15.655799960000001,18.50479992,21.238449904999996,-0.04223333333333379,-0.03385000250000125,0.5528571428571435,0.05426537467700001,0.05362496755571979,0.5382509694097127,-0.19130339191457427,-0.11230152350107436,False
2020-08-20,CPF,Central Pacific Financial Corp,은행,15.8,15.95,15.72,15.78,13.999933,119300.0,-2.5663303667921022,15.60239994,18.417933259999998,21.1683999,-0.043433330000000936,-0.035025002499997626,0.5392857142857147,-0.5562913907284744,0.016196673292942738,-0.9149775922164473,-0.2106116640890483,-0.1117085660749681,False
2020-08-21,CPF,Central Pacific Financial Corp,은행,15.61,15.82,15.5,15.62,13.857984,153000.0,-3.792848420541617,15.580599959999999,18.32873326,21.097099905,-0.044599999999999085,-0.0356499975000002,0.5171428571428576,-0.3093922651933702,0.036190513606206905,-0.711994984568795,-0.17485197777539865,-0.11648256022323113,False
2020-08-24,CPF,Central Pacific Financial Corp,은행,15.8,16.34,15.72,16.309999,14.470146,127900.0,-0.8135491128002159,15.572199939999997,18.24606659333333,21.0307999,-0.04133333333333411,-0.03315000249999933,0.5321428571428576,1.2966424161073853,0.11218075065765055,0.15814174894227606,-0.15672589017288402,-0.11235374619703177,False
2020-08-25,CPF,Central Pacific Financial Corp,은행,16.450001,16.91,16.02,16.27,14.434658,121900.0,-1.5983162686660557,15.561599959999999,18.16359993333333,20.964049895,-0.041233330000000734,-0.03337500250000147,0.5571428571428577,-0.07179307692307985,0.06804558153599184,-0.48941286584891514,-0.18847414887213848,-0.11394366621741753,False
2020-08-26,CPF,Central Pacific Financial Corp,은행,16.17,16.17,15.73,15.73,13.955574,95500.0,-5.563042191251588,15.52939996,18.0766666,20.894049895000002,-0.04346666666666543,-0.034999999999998366,0.5814285714285718,-0.9287469287469267,0.005405652064989711,-2.1039992190082675,-0.29300509239144573,-0.12939899347068193,False
2020-08-27,CPF,Central Pacific Financial Corp,은행,15.82,16.280001,15.65,16.0,14.195118,121700.0,-3.8940297394927215,15.52099996,17.994266593333332,20.8249999,-0.04120000333333351,-0.034524997500000154,0.5600000000000004,0.48214285714285604,-0.062029096795587844,0.29152189925849614,-0.369719828842937,-0.12831321194419834,False
2020-08-28,CPF,Central Pacific Financial Corp,은행,16.01,16.01,15.54,15.79,14.21312,123100.0,-5.5369658492474105,15.510399959999999,17.9130666,20.754899905000002,-0.040599996666665916,-0.03504999749999982,0.5492857142857147,-0.3823146944083238,-0.11878513840082823,-1.1560054095608585,-0.4628809821034268,-0.1421154906416466,False
2020-08-31,CPF,Central Pacific Financial Corp,은행,15.68,15.73,15.48,15.49,13.943079,127900.0,-6.9469803893171145,15.50219996,17.82999992666667,20.684399905,-0.04153333666666548,-0.035250000000001336,0.5185714285714288,-0.5785123966942126,-0.18358174546986405,-0.3031347732732999,-0.5599412459125122,-0.13583154600468442,False
2020-09-01,CPF,Central Pacific Financial Corp,은행,15.31,15.67,15.13,15.54,13.988087,145900.0,-7.119390528562763,15.49479996,17.74573326,20.613799905,-0.04213333333333402,-0.03529999999999944,0.5092857142857143,0.09817671809256452,-0.1731365144460615,-0.8966110039729844,-0.5295134064039918,-0.1460511394036466,False
2020-09-02,CPF,Central Pacific Financial Corp,은행,15.48,15.7,15.43,15.56,14.006088,103500.0,-8.05793205465115,15.48999996,17.6602666,20.544449905,-0.04273333000000079,-0.03467500000000001,0.5078570714285714,0.039381158844047505,-0.14654224843619817,-1.8189006517580635,-0.6494715007352356,-0.15868145442283027,False
2020-09-03,CPF,Central Pacific Financial Corp,은행,15.68,16.15,15.45,15.51,13.961081,115700.0,-4.838044009251674,15.502799959999999,17.578799933333332,20.474649909999997,-0.04073333333333373,-0.034899997500001945,0.5235714285714284,-0.09549795361528107,-0.16414197266023073,3.136614293271522,-0.4373881923196695,-0.14112284354507043,False
2020-09-04,CPF,Central Pacific Financial Corp,은행,15.94,16.049999,15.45,15.75,14.177112,185400.0,-2.233685240356975,15.511199959999999,17.494599939999997,20.405749905,-0.04209999666666775,-0.03445000249999808,0.5314284999999999,0.45161296392647415,-0.10688402583213477,1.0480368087158067,-0.31839502796233077,-0.13787030686367507,False
2020-09-08,CPF,Central Pacific Financial Corp,은행,15.72,15.72,15.15,15.26,13.736049,310100.0,-2.153293001037515,15.51779996,17.40653328,20.335699905000002,-0.04403332999999776,-0.035024999999999196,0.528571357142857,-0.9270271523009672,-0.10195388355859336,0.8912611582696028,-0.1665149730243011,-0.12408798128999601,False
2020-09-09,CPF,Central Pacific Financial Corp,은행,15.34,15.41,15.08,15.1,13.592026,118800.0,-4.438956349184597,15.505999959999999,17.314133286666664,20.265749905,-0.04619999666666885,-0.03497500000000109,0.5199999999999997,-0.30769230769230815,-0.1278080037278297,-1.4890386279378323,-0.31132137283484,-0.13364767864828667,False
2020-09-10,CPF,Central Pacific Financial Corp,은행,15.14,15.23,14.81,14.84,13.357991,102700.0,-3.82589149793503,15.482199940000001,17.221066626666666,20.194549905000002,-0.04653332999999904,-0.035599999999998744,0.5242857142857141,-0.49591280653950925,-0.12349524771433215,0.4820685463760514,-0.21153236293537583,-0.1263746103306646,False
2020-09-11,CPF,Central Pacific Financial Corp,은행,14.8,14.8,14.4,14.7,13.231973,130100.0,-4.210273310828805,15.47239994,17.129799966666667,20.12114991,-0.04563332999999936,-0.0366999975000013,0.5328571428571427,-0.26273458445040326,-0.12016255623269166,-0.29062693589101674,-0.18143464517267738,-0.12641723963594717,False
2020-09-14,CPF,Central Pacific Financial Corp,은행,14.72,14.96,14.65,14.82,13.339988,119800.0,-4.015473241266876,15.46799994,17.0401333,20.048849905,-0.04483333333333306,-0.036150002499999445,0.5035714285714283,0.23829787234042762,-0.19575859507318863,-0.4091698875011289,-0.2219569049186349,-0.12344104772030405,False
2020-09-15,CPF,Central Pacific Financial Corp,은행,14.94,14.94,14.66,14.79,13.312984,161200.0,-4.1220630911301015,15.45759994,16.948933306666667,19.976899905,-0.0455999966666667,-0.035975000000000534,0.4599999999999997,-0.06521739130435034,-0.19528890324327938,-0.32878417337636895,-0.21048342688488159,-0.12716068360361016,False
2020-09-16,CPF,Central Pacific Financial Corp,은행,14.79,14.93,14.55,14.57,13.114955,220900.0,-4.656756881934976,15.45079994,16.85546664,19.90444991,-0.04673333333333396,-0.036224997499999745,0.4485714285714283,-0.49044585987260925,-0.163981684037971,-0.25772289205862137,-0.0786065463884783,-0.12666278737490758,False
2020-09-17,CPF,Central Pacific Financial Corp,은행,14.48,14.84,14.48,14.62,13.159963,211500.0,-3.078187215761141,15.45399994,16.76186664,19.83299991,-0.04679999999999929,-0.03572499999999934,0.42928564285714266,0.11647256513686365,-0.1901009906098276,0.5280712236249016,-0.0617101660765922,-0.12503506626828287,False
2020-09-18,CPF,Central Pacific Financial Corp,은행,14.7,14.74,14.31,14.66,13.195969,576500.0,-1.4455955091878803,15.46919994,16.67153331333333,19.76209991,-0.045166663333334967,-0.03545000000000087,0.4264284999999996,0.09380236077091696,-0.15609262952559608,0.6122752956841456,0.06459559858376523,-0.11406256865895471,False
2020-09-21,CPF,Central Pacific Financial Corp,은행,14.3,14.32,13.44,13.5,12.151813,293200.0,-7.683492398239222,15.44999994,16.57419998,19.684799915,-0.04866666666666575,-0.03864999750000031,0.4914284999999997,-2.360465459369981,-0.28337499114529385,-1.8637182781984514,-0.046874651768031295,-0.12713688291786512,False
2020-09-22,CPF,Central Pacific Financial Corp,은행,13.46,13.75,13.28,13.29,11.962782,214000.0,-9.307507349825316,15.420599939999999,16.47399998,19.60609991,-0.05010000000000048,-0.03935000249999909,0.4864284999999998,-0.43171812506874274,-0.32122462279967295,-0.8715561147740141,-0.045085016825247695,-0.13297033019515123,False
2020-09-23,CPF,Central Pacific Financial Corp,은행,13.28,13.57,12.87,12.89,11.602729,189200.0,-9.13661042006957,15.38759994,16.370533313333333,19.52469991,-0.051733333333332965,-0.04070000000000107,0.5171427857142856,-0.7734807698177832,-0.3792861891326608,0.20287258547325926,0.09932735726270393,-0.13561033606510398,False
2020-09-24,CPF,Central Pacific Financial Corp,은행,12.97,13.32,12.81,12.94,11.647736,167700.0,-8.496245048003004,15.340599939999999,16.270733313333334,19.44399991,-0.04989999999999917,-0.04035000000000011,0.5035713571428572,0.09929079422564245,-0.3653727071440235,-0.030436727222209817,-0.12689057277256263,-0.13535375195462168,False
2020-09-25,CPF,Central Pacific Financial Corp,은행,12.8,13.15,12.8,12.93,11.638737,157500.0,-9.30551009562116,15.29479994,16.175266646666667,19.362249905000002,-0.047733333333333405,-0.0408750024999982,0.48571428571428565,-0.02058823529411721,-0.3991013642312086,-0.7522467493088645,-0.25548225548861053,-0.15028620387348876,False
2020-09-28,CPF,Central Pacific Financial Corp,은행,13.23,13.92,13.19,13.76,12.385844,279200.0,-4.577231728329734,15.27539994,16.091799973333334,19.284699905,-0.04173333666666679,-0.038775000000001114,0.5135714285714286,1.6161335187760781,-0.21744703058284814,0.8388249512988741,-0.2592276988436626,-0.14694661670495573,False
2020-09-29,CPF,Central Pacific Financial Corp,은행,13.73,13.73,13.24,13.44,12.097804,97000.0,-5.912748776973265,15.259199939999998,16.006933306666667,19.203249905,-0.04243333333333332,-0.04072500000000012,0.527142857142857,-0.6070460704607052,-0.23882944220916227,-0.3546042542164828,-0.1781966721492805,-0.1496130014701232,False
2020-09-30,CPF,Central Pacific Financial Corp,은행,13.5,13.78,13.4,13.57,12.214821,161200.0,-5.370058857428061,15.22779994,15.9305333,19.123499905000003,-0.0382000033333334,-0.03987499999999855,0.5242857142857141,0.24795640326975632,-0.1856959272227861,-0.2021223917323861,-0.22706745344274035,-0.1545033574142999,False
2020-10-01,CPF,Central Pacific Financial Corp,은행,13.41,13.63,13.17,13.44,12.097804,128900.0,-6.363864765234384,15.197399939999999,15.860666633333334,19.040799905,-0.03493333333333304,-0.04135000000000133,0.5257142857142857,-0.24728260869565366,-0.18459221466887543,-0.5462098736126926,-0.24532337756571718,-0.1492822056174707,False
2020-10-02,CPF,Central Pacific Financial Corp,은행,13.23,13.99,13.23,13.92,12.529868,128300.0,-1.697668705626798,15.17019994,15.787199959999999,18.9589499,-0.03673333666666778,-0.04092500249999986,0.5578571428571427,0.8604353393085797,-0.1401538241711503,1.4073969097212211,-0.11556860633554931,-0.13620979927537594,False
2020-10-05,CPF,Central Pacific Financial Corp,은행,14.12,14.4,13.44,14.36,12.925927,116200.0,0.07236207271035244,15.155799940000001,15.720133293333332,18.880449905,-0.03353333333333364,-0.03924999750000069,0.6064285714285714,0.7255594817432265,-0.0836697618106091,-0.2609889315740136,-0.11072608906395251,-0.1408182344819732,False
2020-10-06,CPF,Central Pacific Financial Corp,은행,14.67,14.86,14.25,14.27,12.844917,157200.0,1.256439050664948,15.15019994,15.654066626666665,18.79989991,-0.033033333333333026,-0.04027499749999919,0.6228571428571429,-0.14449541284403647,-0.05895901559428247,0.6076494480155462,-0.04891377905865483,-0.12495273507174548,False
2020-10-07,CPF,Central Pacific Financial Corp,은행,14.5,14.75,14.32,14.51,13.060948,161800.0,1.4397805808219255,15.14799994,15.597133300000001,18.72119991,-0.028466663333332143,-0.03935000000000066,0.6314285714285716,0.3800904977375568,-0.04012916326566153,-0.534339218292998,-0.12480023919564766,-0.1278002075079817,False
2020-10-08,CPF,Central Pacific Financial Corp,은행,14.7,14.78,14.37,14.62,13.159963,109800.0,1.6427499368701248,15.12839994,15.541999973333334,18.644849914999998,-0.027566663333333352,-0.03817499750000053,0.6300000000000001,0.17460317460317368,-0.03435767656335748,-0.27486261846948845,-0.1881672330637644,-0.13186445564762198,False
2020-10-09,CPF,Central Pacific Financial Corp,은행,14.64,14.81,14.4,14.42,12.979936,100900.0,-0.31962971502169646,15.10519994,15.502666640000001,18.566999915,-0.01966666666666672,-0.03892499999999899,0.5721428571428573,-0.34956304619225836,0.10927821009219416,-0.8811206609368569,-0.11798168897365048,-0.1346262492158989,False
2020-10-12,CPF,Central Pacific Financial Corp,은행,14.35,14.73,14.31,14.72,13.249974,120700.0,0.3701535071790607,15.088399939999999,15.462999973333332,18.49079992,-0.01983333333333448,-0.038099997499999816,0.5685714285714286,0.527638190954775,0.17780366123673114,-0.4449537984625156,-0.0875100949514006,-0.13240062207269607,False
2020-10-13,CPF,Central Pacific Financial Corp,은행,14.51,14.57,14.2,14.29,12.862918,132900.0,-1.612099166298664,15.07039994,15.427999966666667,18.413649925,-0.017500003333332792,-0.0385749974999996,0.5557142857142858,-0.7737789203084858,0.17778236477310952,-0.3654405390098988,-0.12810388955734048,-0.13565383826909122,False
2020-10-14,CPF,Central Pacific Financial Corp,은행,14.27,14.51,14.12,14.36,12.925927,103600.0,-0.24484170315640652,15.050999939999999,15.4055333,18.33684993,-0.011233333333333206,-0.03839999750000089,0.5471428571428573,0.1279373368146219,0.17982854638660806,0.5665924167687634,-0.08545895070084238,-0.13440417995724865,False
2020-10-15,CPF,Central Pacific Financial Corp,은행,14.1,14.6,14.1,14.52,13.069948,97400.0,1.2499744435703342,15.02819994,15.3713333,18.261549929999997,-0.017100000000000115,-0.03765000000000107,0.557857142857143,0.2868117797695264,0.20178569031972546,0.3915956102856527,-0.003755925015519714,-0.1311272801702929,False
2020-10-16,CPF,Central Pacific Financial Corp,은행,14.51,14.59,14.14,14.48,13.033943,83100.0,1.2772268621813687,15.00519994,15.365599966666666,18.186249925,-0.002866666666666795,-0.0376500024999995,0.5192857142857144,-0.07702888583218542,0.08084551856199233,-0.08663216105819693,-0.06986000446959621,-0.12688404975708242,False
2020-10-19,CPF,Central Pacific Financial Corp,은행,14.44,14.52,14.15,14.26,12.835914,72100.0,1.3366467205741417,14.96039994,15.343533300000002,18.11034992,-0.011033333333331896,-0.0379500024999988,0.5085714285714287,-0.4325842696629225,0.09330707576183396,0.6477292279704516,0.0017352442580419538,-0.125608910777978,False
2020-10-20,CPF,Central Pacific Financial Corp,은행,14.39,14.64,14.34,14.43,12.988936,105800.0,1.8358140452292337,14.914199940000001,15.329399973333333,18.03664992,-0.007066663333334944,-0.03685000000000116,0.5085714285714288,0.334269662921348,0.09947230859409051,0.02322762023245417,0.017831673684101972,-0.12638691931719614,False
2020-10-21,CPF,Central Pacific Financial Corp,은행,14.36,14.59,14.23,14.49,13.042943,98400.0,2.191916028203522,14.86519992,15.327266639999998,17.964649925,-0.0010666666666674374,-0.03599999749999938,0.5014285714285716,0.11965811965812062,0.12568236061936008,0.2656090767840272,0.07581874156958195,-0.11818419479679207,False
2020-10-22,CPF,Central Pacific Financial Corp,은행,14.49,15.04,14.49,15.03,13.529017,115500.0,4.983967470789952,14.82759992,15.34026664,17.89534993,0.0065000000000008384,-0.03464999750000075,0.4864285714285715,1.1101321585903066,0.143517847710912,0.7582003818330108,0.029447561006138354,-0.11101071548373218,False
2020-10-23,CPF,Central Pacific Financial Corp,은행,15.15,15.4,14.94,15.12,13.610031,94600.0,4.690403615959227,14.79579994,15.356866639999998,17.82679993,0.008299999999999308,-0.03427499999999917,0.45071428571428573,0.19968304278922314,0.1059552449284832,-0.045994054642747334,0.04480433792980023,-0.112206783137534,False
2020-10-26,CPF,Central Pacific Financial Corp,은행,14.84,15.02,14.68,14.86,13.375995,141000.0,4.508277296703356,14.75699996,15.364199973333335,17.75734993,0.0036666666666684833,-0.034724999999999895,0.4385714285714286,-0.5928338762214979,0.07393106897295024,0.6925711730973162,0.050870175435640944,-0.1041362219537775,False
2020-10-27,CPF,Central Pacific Financial Corp,은행,14.75,14.92,14.29,14.3,12.87192,133100.0,0.6487618696679354,14.711199959999998,15.366333306666668,17.68434993,0.0010666666666665492,-0.0365000000000002,0.44928571428571434,-1.246422893481714,-0.04224845897128338,-1.0271994160394897,0.015665875596605816,-0.11076219050428565,False
2020-10-28,CPF,Central Pacific Financial Corp,은행,14.0,14.43,13.46,13.52,12.169815,165500.0,-1.4757962569322713,14.660599979999999,15.356866640000002,17.607099935,-0.004733333333333256,-0.03862499749999948,0.48928571428571427,-1.5941605839416082,-0.16858872743876782,0.6360627524632785,0.0807319735203749,-0.1045003526289323,False
2020-10-29,CPF,Central Pacific Financial Corp,은행,13.56,13.8,13.15,13.76,12.385844,164200.0,-1.1246697483151658,14.614199979999999,15.34846664,17.532149935,-0.00420000000000087,-0.03747500000000059,0.5064285714285715,0.47390691114245453,-0.1097694447720026,-0.21273237738088402,0.12847399377437294,-0.10931774341908759,False
2020-10-30,CPF,Central Pacific Financial Corp,은행,13.67,13.96,13.64,13.77,12.394849,110300.0,0.09797245380716024,14.573999979999998,15.334666639999998,17.45694994,-0.006900000000000794,-0.037599997499999205,0.4992857142857143,0.020028612303289988,-0.14602727181853728,0.7224190929563067,0.21185777173286027,-0.10428623893492905,False
2020-11-02,CPF,Central Pacific Financial Corp,은행,13.95,13.99,13.72,13.94,12.547871,193600.0,0.10270969360370863,14.54039998,15.321599973333331,17.38164994,-0.006533333333333502,-0.03765000000000107,0.4814285714285713,0.3531157270029673,-0.06553479701057631,-0.32869682785865045,0.214482322529378,-0.1082694180299887,False
2020-11-03,CPF,Central Pacific Financial Corp,은행,14.33,14.46,14.14,14.36,12.925927,144700.0,1.295640097915296,14.5014,15.318999973333332,17.309899944999998,-0.0012999999999996348,-0.03587499750000056,0.49071428571428566,0.8558951965065502,-0.013537807032581435,-0.10443860612989597,0.16655153517947377,-0.10929758539003236,False
2020-11-04,CPF,Central Pacific Financial Corp,은행,13.95,13.95,13.21,13.27,11.944781,191900.0,-7.986392208679027,14.441399999999998,15.308666640000002,17.233049949999998,-0.005166666666664987,-0.03842499749999995,0.537142857142857,-2.029255319148936,-0.17897117124104306,-3.15004024671513,-0.08642245460629641,-0.12817889222703452,False
2020-11-05,CPF,Central Pacific Financial Corp,은행,13.32,13.82,13.32,13.76,12.385844,98900.0,-6.049036285804399,14.402000000000001,15.310999973333331,17.157999949999997,0.0011666666666645398,-0.037525000000000475,0.5442857142857143,0.9002624671916015,-0.10916464602505828,-0.05883378394958805,-0.08443685624139577,-0.12444312701558251,False
2020-11-06,CPF,Central Pacific Financial Corp,은행,13.91,13.94,13.36,13.43,12.088803,133300.0,-7.922420083150783,14.3506,15.303333306666667,17.083349945,-0.003833333333331801,-0.03732500249999937,0.5592857142857143,-0.5900383141762453,-0.1204113634902956,-0.5748811293153425,-0.17176616747609535,-0.1250925624349568,False
2020-11-09,CPF,Central Pacific Financial Corp,은행,14.69,16.23,14.69,15.71,14.141109,306000.0,6.132259571007714,14.348999999999998,15.311866640000002,17.02204995,0.004266666666667085,-0.030649997499999415,0.7321428571428571,3.1141463414634165,0.07815125640556642,2.55026742700583,0.00873667586486006,-0.10762717345637929,False
2020-11-10,CPF,Central Pacific Financial Corp,은행,15.93,17.52,15.89,17.16,15.446302,368400.0,15.027055768506692,14.382399999999997,15.328066640000001,16.968099945000002,0.008099999999999774,-0.026975002499998624,0.8357142857142856,1.7350427350427344,0.19353587179018167,1.8024028015151743,0.11850765620279914,-0.09235424178666486,False
2020-11-11,CPF,Central Pacific Financial Corp,은행,17.219999,17.469999,16.530001,16.889999,15.203264,262200.0,11.547022645462324,14.40939998,15.328399966666666,16.91164994,0.00016666333333237304,-0.02822500250000104,0.863571285714286,-0.3126562965519107,0.09190812499430903,-0.6837937026637197,0.015508078738746964,-0.10560466122310308,False
2020-11-12,CPF,Central Pacific Financial Corp,은행,16.51,16.65,16.15,16.559999,14.906223,289300.0,9.80471513593313,14.429399960000001,15.332866626666668,16.852549940000003,0.0022333300000010325,-0.029549999999998633,0.8835712142857145,-0.3734843266332219,0.05096759860699153,0.10118769616193396,0.026021060939081343,-0.1017257337702188,False
2020-11-13,CPF,Central Pacific Financial Corp,은행,16.77,16.99,16.43,16.629999,14.969232,210800.0,8.176525232105082,14.45179994,15.341933286666666,16.797049935,0.004533329999999225,-0.02775000250000126,0.8921426428571431,0.07846278906231953,0.0989173604129785,-0.5904254724047018,-0.06562155659677708,-0.09735583292358005,False
2020-11-16,CPF,Central Pacific Financial Corp,은행,17.26,17.690001,17.02,17.459999,15.716341,384600.0,11.419709267907008,14.485999920000001,15.361866613333335,16.742449935,0.009966663333334402,-0.027300000000000324,0.9228570714285713,0.8993808745650814,0.2521890581306067,0.3318463053679872,0.031453137789471265,-0.09524928662004979,False
2020-11-17,CPF,Central Pacific Financial Corp,은행,17.32,17.42,16.77,17.389999,15.653335,176200.0,10.704294517941015,14.5285999,15.384866606666668,16.687049935,0.011499996666666235,-0.027699999999999392,0.902857,-0.07753165783728795,0.3605196957094868,0.17951829191445512,-0.001157180821158978,-0.09021753289166935,False
2020-11-18,CPF,Central Pacific Financial Corp,은행,17.51,17.65,16.91,16.93,15.239271,139300.0,8.379898719397726,14.5651999,15.39719994,16.626899939999998,0.0061666666666662096,-0.030074997500001643,0.9092855714285714,-0.50589057437401,0.2905341610297393,0.1312846723770873,0.02341546559012469,-0.08966636686614204,False
2020-11-19,CPF,Central Pacific Financial Corp,은행,16.84,17.1,16.440001,16.950001,15.257275,118500.0,7.614346715835318,14.60739992,15.411999946666668,16.56764995,0.007400003333334126,-0.029624994999998933,0.9335712142857143,0.02142418242330189,0.2906338446097401,-0.20198810662572536,-0.04261362009430617,-0.09304744821989858,False
2020-11-20,CPF,Central Pacific Financial Corp,은행,16.690001,16.969999,16.690001,16.84,15.15826,112000.0,7.195612663290074,14.65019992,15.423133280000002,16.509899955,0.00556666666666672,-0.02887499749999911,0.9342853571428574,-0.11773811840142186,0.2570014270808552,0.28433601987287044,0.0011744404579453194,-0.09978882301156493,False
2020-11-23,CPF,Central Pacific Financial Corp,은행,17.17,17.219999,16.799999,16.93,15.239271,218100.0,6.726003289922233,14.69239992,15.438133279999999,16.453199955,0.007499999999998508,-0.02835000000000143,0.9271425000000003,0.09707245649940524,0.20279980279463056,-0.25164572815612873,-0.009340353972499878,-0.09419309800151605,False
2020-11-24,CPF,Central Pacific Financial Corp,은행,17.370001,18.51,17.32,18.440001,16.598476,323300.0,13.303889011376736,14.76539994,15.455466620000001,16.403049965,0.008666670000001098,-0.02507499499999888,0.9578567857142862,1.5764371276797624,0.4603492632823947,0.5008335858973785,0.251436348356965,-0.09650025292685721,False
2020-11-25,CPF,Central Pacific Financial Corp,은행,18.290001,18.610001,17.93,18.379999,16.544468,189100.0,11.95085265850906,14.84159992,15.473999946666666,16.35199996,0.009266663333332481,-0.025525002500000227,0.967142571428572,-0.06204049100161925,0.3916133376971646,0.05573224976408468,0.2596196364793702,-0.0917381137021133,False
2020-11-27,CPF,Central Pacific Financial Corp,은행,18.030001,18.27,17.32,17.52,15.970196,109500.0,5.688303814626927,14.89959992,15.482933280000001,16.296299960000002,0.004466666666667507,-0.027849999999999042,1.001428214285715,-0.8587724888632285,0.37241803950523733,-1.0426396451606192,0.22620831391899326,-0.09795040338611403,False
2020-11-30,CPF,Central Pacific Financial Corp,은행,17.35,17.469999,16.35,16.389999,14.940154,201500.0,-1.0135533009035802,14.934199900000001,15.482066606666667,16.23719996,-0.0004333366666671168,-0.02955000000000041,0.8849996428571433,-1.2768378034050856,0.05877631487177285,-0.8660648664291318,-0.017815421326361134,-0.10700014799774342,False
2020-12-01,CPF,Central Pacific Financial Corp,은행,16.82,17.08,16.4,16.639999,15.168039,318400.0,-0.9835458937830444,14.99699988,15.471599939999999,16.179899955,-0.005233333333333867,-0.028650002500000937,0.8049997142857147,0.31055911643624345,-0.042972515028690796,-0.6724311941056992,-0.19458927815642352,-0.11247326294878976,False
2020-12-02,CPF,Central Pacific Financial Corp,은행,16.65,17.370001,16.65,17.18,15.66027,137800.0,1.5817491997485833,15.074799879999999,15.469533273333333,16.124199954999998,-0.0010333333333329975,-0.02785000000000082,0.7900000000000001,0.6835455696202533,0.028184761126463776,0.5229453387906265,-0.10839363233825595,-0.10788696469658944,False
2020-12-03,CPF,Central Pacific Financial Corp,은행,17.33,17.440001,16.950001,17.17,15.651157,135300.0,0.6807351053578881,15.16039988,15.472133266666667,16.067999955,0.0012999966666669138,-0.02809999999999846,0.7721429285714285,-0.012950970124792047,0.05393714373420876,0.04605543629925614,-0.11233165089987578,-0.11174537405214444,False
2020-12-04,CPF,Central Pacific Financial Corp,은행,17.4,17.780001,17.139999,17.73,16.161619,124600.0,2.0953188715944426,15.256199880000002,15.482333259999999,16.017099955000003,0.005099996666666051,-0.025449999999999307,0.7778573571428572,0.7199263397815392,0.0997559687855816,-0.15377957511824947,-0.08114265823655777,-0.10838766086585762,False
2020-12-07,CPF,Central Pacific Financial Corp,은행,17.58,17.860001,17.290001,17.5,15.951964,66200.0,-0.006206588056445472,15.34759988,15.49513326,15.968349955,0.006400000000000183,-0.024375000000000924,0.7428572142857145,-0.3096153548446779,0.013399095256313073,-0.10753466702184014,-0.11252701340725972,-0.10302997343750762,False
2020-12-08,CPF,Central Pacific Financial Corp,은행,17.219999,17.629999,17.219999,17.51,15.961082,120300.0,-0.5469164637967316,15.42259988,15.512133259999997,15.92449995,0.008499999999998842,-0.021925002500000623,0.722857285714286,0.013833989360873825,0.01992521291332463,-0.28171108617602464,-0.14547196898515113,-0.1035913591617138,False
2020-12-09,CPF,Central Pacific Financial Corp,은행,17.780001,18.139999,17.6,17.74,16.170732,114900.0,1.5772984142686575,15.508599880000002,15.527799926666667,15.88234995,0.007833333333334913,-0.021074999999999733,0.7150000714285716,0.32167828954262395,0.07903727462165563,1.1667935118607866,-0.07150705187917261,-0.09471302964353706,False
2020-12-10,CPF,Central Pacific Financial Corp,은행,17.48,17.9,17.41,17.879999,16.298349,105400.0,2.352567041106224,15.59479986,15.537999919999999,15.846599939999999,0.005099996666666051,-0.0178750050000005,0.7028572857142856,0.19918552862083194,0.09173451363576492,0.33700631038027534,-0.033007450664458274,-0.09255255437200838,False
2020-12-11,CPF,Central Pacific Financial Corp,은행,17.610001,17.85,17.52,17.709999,16.143387,108300.0,1.345766035070084,15.68019984,15.551533246666668,15.815549935,0.006766663333334755,-0.015525002499999552,0.7085716428571427,-0.23991928228247758,0.08300728764426092,-0.10711095024495867,-0.0609679485300175,-0.08942036522454642,False
2020-12-14,CPF,Central Pacific Financial Corp,은행,18.0,18.5,17.84,18.200001,16.590046,320900.0,4.222189458765513,15.76579986,15.576133253333333,15.781849935,0.012300003333332477,-0.01684999999999981,0.7350002857142854,0.6666691286028664,0.1236927642230796,1.110393569945278,0.03632057276294013,-0.08198200836867514,False
2020-12-15,CPF,Central Pacific Financial Corp,은행,18.4,18.93,18.209999,18.690001,17.036699,189400.0,5.393543769440545,15.852399879999998,15.611199926666668,15.75319994,0.017533336666667232,-0.014324997500000158,0.6742859285714281,0.7266946843131281,0.06299687541117713,-0.6283133955851363,-0.0443327830572395,-0.08525622870347865,False
2020-12-16,CPF,Central Pacific Financial Corp,은행,18.67,18.959999,18.379999,18.51,16.872622,172700.0,3.9952032017754657,15.937199879999998,15.64233326,15.724849939999999,0.015566666666665618,-0.014175000000000715,0.6671429999999994,-0.269808721668364,0.04815628750640965,-0.45621923463983505,-0.08090074622894805,-0.08719655676100325,False
2020-12-17,CPF,Central Pacific Financial Corp,은행,18.59,18.73,18.32,18.52,16.881735,179900.0,3.2089756595513386,16.01739988,15.67193326,15.702199945,0.014800000000000146,-0.011324997499999157,0.6207144999999993,0.016110466244945176,0.11064792715699348,-0.5795221129788148,-0.047820922501676306,-0.09125951878248392,False
2020-12-18,CPF,Central Pacific Financial Corp,은행,18.75,19.1,18.5,19.0,17.319279,1016800.0,5.828978699615761,16.10499988,15.696199926666665,15.68274995,0.012133333333332885,-0.009724997500000221,0.5800002142857138,0.8275859011382153,0.2609639060529435,1.1951797217306068,0.09941083379544789,-0.08133547699715912,False
2020-12-21,CPF,Central Pacific Financial Corp,은행,18.93,19.059999,18.42,18.91,17.237238,534700.0,5.322676459978837,16.19479988,15.723733260000001,15.67569995,0.013766666666668037,-0.0035249999999997783,0.5764286428571425,-0.15613380964884624,0.2276286970468657,0.2386195545215851,0.16448588726882532,-0.07947227573921148,False
2020-12-22,CPF,Central Pacific Financial Corp,은행,19.049999,19.049999,18.42,18.6,16.954657,144400.0,3.4789056700146093,16.272399880000002,15.744133259999998,15.66534995,0.010199999999998433,-0.005175000000000374,0.569285571428571,-0.5445421692703042,0.13990814426896875,-0.3342166116331127,0.10326003366712967,-0.08129532998037925,False
2020-12-23,CPF,Central Pacific Financial Corp,은행,18.780001,19.17,18.65,19.17,17.474237,102500.0,6.436515995821468,16.36999988,15.768266593333335,15.663499945000002,0.012066666666668446,-0.0009250024999989392,0.5749998571428568,0.9913045941129437,0.21164068457166416,0.9155604744875051,0.16536753639486174,-0.07786877258860726,False
2020-12-24,CPF,Central Pacific Financial Corp,은행,19.17,19.17,18.68,19.01,17.32839,82000.0,5.101103247992933,16.462999879999998,15.791999926666664,15.669899945,0.011866666666664472,0.0031999999999987594,0.5642854285714284,-0.2835444473642775,0.1399641997755344,-0.6561670189931655,0.12948271897522487,-0.08075832038473268,False
2020-12-28,CPF,Central Pacific Financial Corp,은행,19.209999,19.51,19.01,19.1,17.410431,164300.0,4.367271661670347,16.55459988,15.810133266666668,15.667149945,0.009066670000001942,-0.00137499999999946,0.5592854285714284,0.16091962243658853,0.17357384100991055,-0.730081036020197,0.08501512118962797,-0.08782121426242416,False
2020-12-29,CPF,Central Pacific Financial Corp,은행,19.18,19.18,18.530001,18.799999,17.136969,150500.0,2.4152437134564497,16.64099986,15.819466593333333,15.68444994,0.004666663333332544,0.008649997500000062,0.5764282142857142,-0.520448153933184,0.13541083077462074,-0.2923717402261191,0.0842536459003355,-0.09167883112268038,False
2020-12-30,CPF,Central Pacific Financial Corp,은행,18.799999,19.01,18.57,18.9,17.228121,97200.0,2.281256685806321,16.73379986,15.835666600000001,15.69109994,0.008100003333334271,0.0033250000000002444,0.5628568571428573,0.17766684145524747,0.12512429876837955,0.03074697294727044,0.0031074645493700597,-0.08604347197843555,False
2020-12-31,CPF,Central Pacific Financial Corp,은행,18.9,19.110001,18.76,19.01,17.32839,130400.0,1.8289786719425605,16.82539986,15.854999926666666,15.703399945,0.009666663333332437,0.0061500024999991965,0.5528569285714288,0.19896648538753198,0.12510865282314385,-0.5071164203191476,-0.05718701621487444,-0.0853612118992248,False
2021-01-04,CPF,Central Pacific Financial Corp,은행,19.110001,19.15,18.309999,18.57,16.927311,197400.0,0.6222614462371601,16.90699986,15.87213326,15.722199945,0.008566666666666833,0.009400000000000297,0.5871427857142856,-0.7493918186608075,0.08871775736754885,0.6637698276670658,-0.0021241035068726827,-0.07886560746775169,False
2021-01-05,CPF,Central Pacific Financial Corp,은행,18.620001,19.07,18.620001,18.74,17.082277,245800.0,0.5919403642657972,16.98119986,15.889933259999998,15.750499945,0.008899999999998798,0.014149999999999885,0.5664284285714284,0.30012617909865485,0.06253611811724802,-0.37935986851888975,-0.10853506339717038,-0.0788724708733499,False
2021-01-06,CPF,Central Pacific Financial Corp,은행,19.41,21.059999,19.4,20.780001,18.941818,270400.0,10.02404649070725,17.094399879999997,15.913333266666665,15.79124995,0.011700003333333875,0.020375002499999795,0.6799998571428573,3.0000021008407773,0.2249152192977944,2.477276432656839,0.11329278147725644,-0.06576877649216632,False
2021-01-07,CPF,Central Pacific Financial Corp,은행,20.98,21.27,20.73,20.950001,19.096781,201300.0,8.463867398916092,17.2161999,15.93479994,15.827199955000001,0.010733336666667093,0.017975002500000947,0.6771427142857144,0.2510549052858475,0.26211976408023807,-1.0248226522874015,0.0726782516452874,-0.07737090962905005,False
2021-01-08,CPF,Central Pacific Financial Corp,은행,21.0,21.0,20.309999,20.780001,18.941818,314600.0,6.364520408754815,17.34579992,15.948199946666668,15.86119996,0.0067000033333339815,0.017000002499999667,0.6971427857142858,-0.2438524840012815,0.24355098191979327,-0.7082346536016674,0.06348449874365508,-0.07886818603762902,False
2021-01-11,CPF,Central Pacific Financial Corp,은행,20.49,20.9,20.389999,20.66,18.832434,265100.0,5.864670850620457,17.488599920000002,15.95386662,15.88979996,0.0028333366666659643,0.014299999999999535,0.6907142857142856,-0.17373464322647145,0.17202808589374424,0.38820721275071657,0.005843605245091492,-0.07820391532831501,False
2021-01-12,CPF,Central Pacific Financial Corp,은행,20.799999,21.219999,20.709999,21.09,19.224398,120900.0,7.277445986178233,17.63519992,15.968399953333334,15.920149960000002,0.007266666666667199,0.015175000000001049,0.6849999999999999,0.6277372262773719,0.2280188741741884,0.5899885932598253,0.030941393726394366,-0.07186284319759419,False
2021-01-13,CPF,Central Pacific Financial Corp,은행,20.959999,21.01,20.459999,20.6,18.777742,172500.0,4.126976559082163,17.77179992,15.98273328,15.94394996,0.007166663333332934,0.011899999999998911,0.685000142857143,-0.7153283179711514,0.21581986355269933,-0.9194513332401895,-0.010861086388396826,-0.07737655250173586,False
2021-01-14,CPF,Central Pacific Financial Corp,은행,20.76,21.309999,20.66,21.23,19.352011,158300.0,7.164011534134285,17.91759992,16.01286662,15.97059996,0.015066670000000393,0.013325000000000031,0.6950000714285716,0.9064747269810131,0.20976058732898997,1.2401204090433011,0.01232176607987431,-0.08039930901029482,False
2021-01-15,CPF,Central Pacific Financial Corp,은행,20.639999,20.92,20.41,20.73,18.896242,153100.0,4.895415149409765,18.04499992,16.039533286666668,16.00049996,0.013333333333333641,0.014949999999999797,0.7185715,-0.6958249805342961,0.1803119778168458,-0.09078155983088754,0.05270644173432274,-0.07701268916200245,False
2021-01-19,CPF,Central Pacific Financial Corp,은행,20.91,20.99,20.610001,20.93,19.078548,104900.0,4.520267042984183,18.19819992,16.06706662666667,16.03104996,0.013766670000000758,0.015275000000000816,0.7099999999999999,0.2816901408450695,0.1889384434174516,-0.39932797616575255,0.07633166029535447,-0.07756022068654402,False
2021-01-20,CPF,Central Pacific Financial Corp,은행,20.889999,21.0,20.42,20.709999,18.878012,116700.0,1.7545204079011611,18.3371999,16.08953328666667,16.067549955,0.011233329999999597,0.018249997499999893,0.705000071428571,-0.3120581244115376,0.2038234455261406,-1.437897842593618,-0.005491632730895432,-0.08457738042339683,False
2021-01-21,CPF,Central Pacific Financial Corp,은행,20.690001,20.700001,20.02,20.09,18.312853,244200.0,-1.4127085681713836,18.470399900000004,16.113999953333334,16.095099955,0.012233333333332652,0.013774999999998983,0.7228571428571424,-0.8577061264822139,0.12986823353060767,-0.8836973049293274,-0.07080908115065243,-0.08634739967566274,False
2021-01-22,CPF,Central Pacific Financial Corp,은행,19.82,20.41,19.57,20.33,18.531624,195100.0,-0.16762494922580862,18.5627999,16.140733286666666,16.124599955,0.013366666666666305,0.014750000000001151,0.7578570714285711,0.316682404965352,0.13827651350045195,0.5678949373142445,0.005977444394589859,-0.08180150501495131,False
2021-01-25,CPF,Central Pacific Financial Corp,은행,20.01,20.27,19.639999,20.07,18.294624,188300.0,-1.8093028912854914,18.6209999,16.16853328666667,16.151299955,0.013900000000001356,0.013349999999999085,0.7471427857142855,-0.3479923850853115,0.16694790161298734,-0.6714163637511263,-0.08939299784956674,-0.08562219105606857,False
2021-01-26,CPF,Central Pacific Financial Corp,은행,20.24,20.24,19.469999,19.530001,17.802393,204400.0,-4.254224346632229,18.67379994,16.192666626666664,16.164749959999998,0.012066669999997615,0.006725002499999633,0.7664285714285709,-0.7045653308480921,0.09518422233107686,-0.5663997281807781,-0.10275298782541589,-0.08753243794966334,False
2021-01-27,CPF,Central Pacific Financial Corp,은행,19.25,19.35,18.379999,18.65,17.000237,276100.0,-6.033773097585183,18.71559996,16.21166662666667,16.17854996,0.009500000000002728,0.0069000000000016826,0.6828573571428562,-1.2887039889004237,-0.21115192693615178,0.9395851151918069,-0.21258808193006104,-0.07932174766215148,False
2021-01-28,CPF,Central Pacific Financial Corp,은행,19.74,20.41,19.5,20.35,18.549856,354800.0,1.225838502871901,18.78999998,16.248199959999997,16.20394996,0.018266666666663767,0.012699999999998823,0.7700002142857135,2.207791593378969,-0.07138502064378595,1.4036587719979914,-0.03912512305253298,-0.07186339260215742,False
2021-01-29,CPF,Central Pacific Financial Corp,은행,20.34,20.57,19.700001,19.879999,18.121431,311100.0,0.5622915531987127,18.83839998,16.27853328666667,16.230999955,0.015166663333335606,0.013524997500001135,0.7828572142857136,-0.6003661860979761,-0.09685028507926415,0.8889201114805483,0.07495736016762529,-0.06567567516217064,False
2021-02-01,CPF,Central Pacific Financial Corp,은행,20.08,20.799999,19.83,20.76,18.923592,333100.0,2.929405500262683,18.9058,16.317399953333332,16.265099955,0.01943333333333186,0.017049999999999343,0.8157142142857138,1.0788104272163253,-0.007382780047635802,-0.0773064096100029,0.0417063871418596,-0.07041505911442636,False
2021-02-02,CPF,Central Pacific Financial Corp,은행,21.08,21.1,20.459999,21.030001,19.169704,189400.0,2.380855515896463,18.987800019999998,16.352999960000002,16.29484996,0.017800003333334757,0.014875002500000178,0.8214286428571425,0.32869684098287993,-0.028742807568670946,-0.6414052740963785,-0.04625031766929782,-0.0758384488874662,False
2021-02-03,CPF,Central Pacific Financial Corp,은행,20.9,20.9,20.42,20.85,19.005629,162900.0,1.0115800420470666,19.0658,16.385133286666665,16.32544996,0.016066663333331732,0.01529999999999987,0.8200000714285708,-0.21951339551276716,0.006672544035499356,-0.290775532540536,-0.0013449033336082844,-0.07597319903619659,False
2021-02-04,CPF,Central Pacific Financial Corp,은행,20.84,21.629999,20.690001,21.540001,19.63459,226400.0,3.215493748542886,19.15980002,16.427466626666664,16.357299965,0.0211666699999995,0.015925002499999508,0.836428571428571,0.8249371477369759,0.0008484312323538412,0.06893123958865732,-0.08500127258036853,-0.06777282241281396,False
2021-02-05,CPF,Central Pacific Financial Corp,은행,21.77,21.77,21.15,21.68,19.762203,123100.0,3.4157257473693026,19.25480002,16.471733293333333,16.392299965,0.02213333333333445,0.01750000000000007,0.8221428571428567,0.17028549087749736,0.0627134649046248,-0.11263716182683922,-0.0865623870086508,-0.06582168610792705,False
2021-02-08,CPF,Central Pacific Financial Corp,은행,21.76,22.18,21.610001,22.110001,20.154167,207800.0,4.485397122322787,19.32820002,16.517066633333332,16.42364997,0.022666669999999556,0.01567500250000009,0.8357142857142854,0.5145311111111122,0.07934496278077072,-0.030040721314497976,-0.060184725947846913,-0.06227683263847553,False
2021-02-09,CPF,Central Pacific Financial Corp,은행,22.040001,22.49,21.65,22.469999,20.482323,219500.0,6.00334455092697,19.41000002,16.56746662666667,16.457999965,0.025199996666668056,0.017174997499999733,0.8542857142857141,0.42140234113712494,0.1317349960342466,0.5093279739693937,0.07890283237808249,-0.05989347649081163,False
2021-02-10,CPF,Central Pacific Financial Corp,은행,22.549999,22.57,22.030001,22.030001,20.081245,166800.0,3.88092403053224,19.50020004,16.6179333,16.48724997,0.025233336666666162,0.014625002500000761,0.8435714285714285,-0.5215895004233734,0.1557433264670209,-0.4954970821851457,0.1066314197169526,-0.05622246019296395,False
2021-02-11,CPF,Central Pacific Financial Corp,은행,22.129999,22.360001,21.49,21.620001,19.707514,169200.0,1.6721550103035554,19.60480008,16.66939997333333,16.512749975,0.025733336666664997,0.012750002499998914,0.8457143571428573,-0.48479725635158316,0.09849477923009699,-0.608213806250258,0.022623652319488152,-0.05763429945714968,False
2021-02-12,CPF,Central Pacific Financial Corp,은행,21.5,21.84,21.360001,21.58,19.671053,94300.0,1.1097287259478783,19.7036001,16.71686664,16.529599979999997,0.023733333333334272,0.008425002499999223,0.8307142142857143,-0.048152540683795625,0.11991191097306242,-0.41364757556758425,0.041035708618312586,-0.061241702043393194,False
2021-02-16,CPF,Central Pacific Financial Corp,은행,21.809999,21.99,21.59,21.73,19.807779,149700.0,1.8476214456873974,19.7946001,16.763333306666667,16.55079998,0.02323333333333366,0.010600000000001941,0.8049998571428575,0.18633543679422382,0.18354768009037067,0.23049304780002988,0.0979566211883703,-0.06581199678581649,False
2021-02-17,CPF,Central Pacific Financial Corp,은행,21.549999,22.030001,21.51,21.790001,19.862474,164400.0,2.130348000834026,19.88700012,16.81166664666667,16.57584998,0.02416667000000139,0.01252500000000012,0.7599997857142861,0.07894870647049958,0.2812371583311509,0.10711793444727373,0.03849467970661793,-0.0584389027725649,False
2021-02-18,CPF,Central Pacific Financial Corp,은행,21.5,21.799999,21.040001,21.059999,19.19705,262500.0,-0.8571116467558593,19.9536001,16.850133306666667,16.60014997,0.019233329999998716,0.012149994999999691,0.6885710714285717,-1.0601694295484574,0.04781137097919191,-0.6501736779986569,-0.10820763815028552,-0.06619268714196871,False
2021-02-19,CPF,Central Pacific Financial Corp,은행,21.299999,21.799999,21.25,21.67,19.75309,142400.0,1.8916899550401878,20.0370001,16.893133306666666,16.63059997,0.02149999999999963,0.015224999999999156,0.6792854285714286,0.8980039528933562,0.15483780947857279,1.0909169488230828,-0.09377929262581877,-0.059631619312288095,False
2021-02-22,CPF,Central Pacific Financial Corp,은행,21.6,22.459999,21.6,22.379999,20.400282,137700.0,5.58370127508423,20.13440008,16.9441333,16.667699965,0.025499996666667357,0.01854999750000097,0.6714282857142856,1.0574457691258592,0.15331176247211092,1.9227237172448128,0.04908000214952522,-0.040815310659399286,False
2021-02-23,CPF,Central Pacific Financial Corp,은행,22.52,23.1,22.360001,22.629999,20.628166,247000.0,6.023559003606271,20.23220006,16.99999996,16.703899959999998,0.027933329999999756,0.018099997499998466,0.6785709999999998,0.3684212853187066,0.15614922278181284,0.23471874207328414,0.11166028901878684,-0.030722598457986503,False
2021-02-24,CPF,Central Pacific Financial Corp,은행,22.85,23.59,22.85,23.450001,21.375635,192200.0,7.749840813194142,20.3436001,17.055399966666666,16.739399965,0.027700003333333,0.01775000250000147,0.703571,1.1654857860827108,0.2550777357529184,0.0402189912999289,0.13530275500739147,-0.03827023587873986,False
2021-02-25,CPF,Central Pacific Financial Corp,은행,23.559999,23.629999,23.040001,23.040001,21.209932,235600.0,7.509832066913158,20.450200140000003,17.109266639999998,16.77619997,0.026933336666665753,0.018400002499999957,0.6785709999999998,-0.6042109079226791,0.15299573177722875,1.5750154472896178,0.24288019841460295,-0.023205804384744066,False
2021-02-26,CPF,Central Pacific Financial Corp,은행,22.809999,23.17,22.52,22.629999,20.832495,256100.0,5.56803007700204,20.5388001,17.158266633333334,16.816799965,0.02449999666666791,0.020299997500000444,0.680713857142857,-0.6023118167755386,0.09781020980201191,-0.21995263387149405,0.23521480755427046,-0.03389902789733588,False
2021-03-01,CPF,Central Pacific Financial Corp,은행,23.18,23.629999,22.959999,23.450001,21.587366,118700.0,6.23020474475493,20.6340001,17.214066640000002,16.866899970000002,0.02790000333333431,0.025050002500000446,0.7114282142857142,1.152613831633448,0.14338754698217876,-0.5617484757266844,0.19723568223911428,-0.03841624803259725,False
2021-03-02,CPF,Central Pacific Financial Corp,은행,23.34,23.48,22.959999,22.969999,21.145491,238400.0,4.5026809175410465,20.72320008,17.27019996666667,16.912549965,0.028066663333333963,0.022824997499999,0.6885711428571428,-0.6970986295015045,0.06349462050799094,-0.11823944319766688,0.1524094381557528,-0.02992164739654537,False
2021-03-03,CPF,Central Pacific Financial Corp,은행,23.15,24.33,23.15,23.92,22.020031,315100.0,9.526778785672851,20.83120008,17.332199966666668,16.961749965000003,0.030999999999998806,0.024600000000001288,0.747142714285714,1.2715120978034613,0.19157330609562198,2.189038233979428,0.3441619607389366,-0.01928190408559761,False
2021-03-04,CPF,Central Pacific Financial Corp,은행,23.83,24.6,23.52,23.83,21.937183,299000.0,9.754077077293278,20.927800079999997,17.387066633333333,17.004099965,0.027433333333332754,0.0211749999999995,0.7621426428571425,-0.11808813067145645,0.21776681507277387,0.7197710816579032,0.4390180241609482,-0.018374433508288057,False
2021-03-05,CPF,Central Pacific Financial Corp,은행,24.389999,24.6,23.85,24.540001,22.590786,184000.0,10.075615115478854,21.040400100000003,17.446799973333334,17.052899970000002,0.02986667000000054,0.024400002500000184,0.7828569999999999,0.9069357494408327,0.2859874072245331,-0.17989907946122663,0.45571434531140226,-0.021250580350051097,False
2021-03-08,CPF,Central Pacific Financial Corp,은행,24.950001,25.809999,24.860001,25.67,23.631029,125700.0,14.638894928177649,21.1818001,17.514199973333334,17.10354997,0.03369999999999962,0.02532499999999871,0.8442854285714285,1.3384087439623518,0.3682783577365422,1.6320611177281177,0.5558263503062657,-0.006072427686704914,False
2021-03-09,CPF,Central Pacific Financial Corp,은행,25.450001,25.540001,24.77,25.030001,23.041864,126600.0,9.46221747581597,21.299000119999995,17.57979998,17.150949975,0.03280000333333355,0.02370000250000004,0.8714282142857146,-0.7344253829612258,0.310180208491419,-1.4690144053534748,0.44324546889192656,-0.007781653102662142,False
2021-03-10,CPF,Central Pacific Financial Corp,은행,25.01,25.9,25.01,25.77,23.723083,120900.0,11.207981412878976,21.43420012,17.649399980000002,17.202549975,0.03480000000000061,0.025800000000000267,0.8807140714285716,0.8402261573948486,0.4459227504159408,0.5214814359261397,0.5269351198865548,-0.003667620346535019,False
2021-03-11,CPF,Central Pacific Financial Corp,은행,26.35,26.709999,25.74,26.440001,24.339867,157700.0,11.911131700552314,21.58100014,17.72126665333333,17.252849985,0.03593333666666432,0.02515000500000042,0.8971425714285718,0.7468166391135781,0.43512365657452806,0.21181183046170315,0.4641418971464563,-0.0019559598497279817,False
2021-03-12,CPF,Central Pacific Financial Corp,은행,26.790001,27.379999,26.76,26.959999,24.818563,237800.0,12.758814476832224,21.744200139999997,17.796799980000003,17.30064998,0.037766663333336226,0.02389999749999916,0.9028567857142864,0.5759473797260212,0.40073091447453973,0.5230357963594177,0.36416418851178517,0.005801385524254575,False
2021-03-15,CPF,Central Pacific Financial Corp,은행,26.77,26.77,25.790001,26.35,24.257017,153100.0,8.463875383825957,21.893200140000005,17.862466646666668,17.350049985000002,0.032833333333332604,0.02470000250000126,0.9335710000000006,-0.6534039724884321,0.32774339605974406,-1.0066726187215866,0.27549337702643734,-0.010013286664418503,False
2021-03-16,CPF,Central Pacific Financial Corp,은행,26.07,26.26,25.65,26.200001,24.118931,155800.0,7.06617645024783,22.03700016,17.92553332,17.400499985,0.03153333666666569,0.025224999999998943,0.914999500000001,-0.1639334229144398,0.23278488113137616,-0.07429985543562723,0.26731345940246903,-0.011496957274562668,False
2021-03-17,CPF,Central Pacific Financial Corp,은행,26.450001,26.68,26.01,26.370001,24.275427,211200.0,6.509094345691291,22.19300018,17.988399986666668,17.452349990000002,0.03143333333333409,0.02592500250000107,0.9207139285714293,0.1846393268577662,0.2891313264728365,0.009061818048486436,0.15545962874238817,-0.01847460462126539,False
2021-03-18,CPF,Central Pacific Financial Corp,은행,26.49,27.76,26.49,26.98,24.836975,291100.0,9.281201237129878,22.357800179999998,18.055533320000002,17.50689999,0.03356666666666719,0.027274999999999494,0.9735710000000007,0.626558309563454,0.37690776406847887,1.5375009901728995,0.28099203045984483,0.000592740360502404,False
2021-03-19,CPF,Central Pacific Financial Corp,은행,26.959999,27.27,26.379999,27.07,24.919825,616500.0,8.532015427918328,22.48360016,18.124599993333334,17.55589999,0.034533336666665804,0.024499999999999744,0.9657139285714292,0.09319530073790687,0.3012350118616545,0.13245390687873385,0.33057791493166044,0.002405681947164958,False
2021-03-22,CPF,Central Pacific Financial Corp,은행,26.620001,26.73,25.459999,26.26,24.174166,424700.0,3.824551545711552,22.589800139999998,18.18766666666667,17.59854999,0.031533336666667466,0.02132499999999915,1.043571071428572,-0.7761809637854069,0.2955862736985186,-1.2311409878618167,0.25108494745564974,-0.0069182444749378,False
2021-03-23,CPF,Central Pacific Financial Corp,은행,25.93,26.120001,25.49,25.75,23.704674,331500.0,1.991643600746995,22.68920012,18.248733333333334,17.63344999,0.030533333333332635,0.017450000000000188,1.0014281428571439,-0.5092726858513644,0.16838736058031678,-0.006830908237380751,0.09423715158302057,-0.00284466724794076,False
2021-03-24,CPF,Central Pacific Financial Corp,은행,26.110001,26.82,25.83,25.940001,23.879587,230000.0,2.7551764264774015,22.794800139999996,18.314666680000002,17.664099999999998,0.03296667333333403,0.015325004999999337,1.000713857142858,0.18986546318292358,0.1903840458556296,0.5783174304876649,0.08413331935657498,0.009244513027729093,False
2021-03-25,CPF,Central Pacific Financial Corp,은행,25.82,26.389999,25.549999,26.360001,24.26622,211600.0,3.297052604986872,22.90020016,18.38320002,17.701350005,0.034266669999999166,0.01862500250000032,1.0057138571428579,0.41761381432407,0.15543247906157515,0.018612786853883567,0.09831273837908285,0.005780258477356898,False
2021-03-26,CPF,Central Pacific Financial Corp,은행,26.76,26.91,26.4,26.83,24.698891,203500.0,2.7790783239743932,23.024800159999998,18.456866686666665,17.74325,0.03683333333333216,0.020949997500000705,0.9542853571428578,0.4925141064798277,0.09501143352710914,-0.768348860305766,-0.07314511719476598,0.00675778335676144,False
2021-03-29,CPF,Central Pacific Financial Corp,은행,26.51,26.66,26.049999,26.18,24.100519,201000.0,-0.06702810051040231,23.123800160000002,18.527266686666668,17.790600005,0.03520000000000145,0.023675002500000986,0.9457140000000004,-0.6873113858946768,0.09837671903186264,-0.6160861039144244,-0.012221667091976664,0.007397175894457242,False
2021-03-30,CPF,Central Pacific Financial Corp,은행,26.49,27.08,26.379999,26.950001,24.809361,145000.0,2.519661777318327,23.248200180000005,18.59820003333333,17.84170001,0.035466673333331755,0.02555000249999928,0.9464282857142862,0.8135862078750818,0.09647386549473644,1.0784033047310526,0.027558466394088543,0.013532252933049087,False
2021-03-31,CPF,Central Pacific Financial Corp,은행,26.889999,27.23,26.35,26.68,24.560806,283700.0,0.7822753006434535,23.36320018,18.667600033333336,17.891100015000003,0.03470000000000262,0.02470000250000126,0.939999785714286,-0.2872351718621218,0.022613021853615016,-0.6022234600022915,-0.030586911496196793,0.012780182305359909,False
2021-04-01,CPF,Central Pacific Financial Corp,은행,26.790001,27.26,26.35,27.23,25.067118,305800.0,1.3153894612904171,23.4936002,18.7442667,17.940550015,0.03833333333333222,0.02472499999999833,0.9378570714285716,0.5864433043749667,0.023362730757111125,-0.41723904105913723,-0.09774939988323642,0.02402525015835411,False
2021-04-05,CPF,Central Pacific Financial Corp,은행,27.620001,27.74,26.969999,27.41,25.232821,245000.0,0.28297086708066743,23.6400002,18.820333366666667,17.995500015,0.03803333333333292,0.027475000000000804,0.909285857142857,0.19795754941750962,0.08417426803610696,-1.0106296452388266,-0.09803204463446784,0.015344239861705293,False
2021-04-06,CPF,Central Pacific Financial Corp,은행,27.41,27.530001,26.92,26.99,24.846182,140100.0,-1.0891860962388478,23.7732002,18.895000033333332,18.048850015,0.037333333333332774,0.026674999999999116,0.9028573571428566,-0.4651897630087609,0.06265595802936974,-0.38133525013057,-0.11996314425553518,0.02050870759124055,False
2021-04-07,CPF,Central Pacific Financial Corp,은행,27.08,27.309999,26.77,27.129999,24.975061,190400.0,-0.8639117573453481,23.91440018,18.972600026666665,18.10500001,0.03879999666666656,0.028074997500000975,0.8935715714285711,0.15667351611934546,0.06065840011948254,0.023011553459518386,-0.11896673458331862,0.022683016436126007,False
2021-04-08,CPF,Central Pacific Financial Corp,은행,27.25,27.530001,26.58,27.52,25.334084,153800.0,0.05864886369864042,24.07420016,19.052466693333333,18.16305001,0.03993333333333382,0.02902499999999897,0.8621431428571424,0.452362236168271,0.04821582344839804,0.039893367500185184,-0.22593870763136964,0.028926378912613807,False
2021-04-09,CPF,Central Pacific Financial Corp,은행,27.77,27.84,27.219999,27.42,25.242027,162900.0,-1.016607352716259,24.24960016,19.13153336,18.221150010000002,0.039533333333332976,0.029050000000001575,0.8428574285714282,-0.11864402757829326,0.03308444285438374,-0.8886566656430799,-0.2988751770972135,0.03512800548671369,False
2021-04-12,CPF,Central Pacific Financial Corp,은행,27.43,27.690001,27.25,27.65,25.453758,113300.0,-0.06348158769163836,24.39560016,19.212466693333337,18.28505001,0.04046666666666887,0.03194999999999837,0.7592859999999995,0.3029161607088726,0.11016280888968942,0.3235305692051478,-0.18782720873528744,0.016374113992937867,False
2021-04-13,CPF,Central Pacific Financial Corp,은행,27.57,27.57,26.74,27.01,24.86459,140500.0,-2.6119280772344933,24.53820018,19.28753336,18.343450009999998,0.03753333333333231,0.02919999999999945,0.7692859999999992,-0.8319402666888487,0.08711512454415485,-1.1940314414536282,-0.2726272468221623,0.0014269923251416339,False
2021-04-14,CPF,Central Pacific Financial Corp,은행,27.07,27.57,27.07,27.389999,25.214411,151400.0,-0.8578388558416528,24.67080016,19.36840002,18.405750005,0.040433329999999046,0.031149997500001803,0.7328574285714277,0.5185169518452408,0.1105902308771775,0.9891323509178496,-0.24328332393429192,0.002079466942796612,False
2021-04-15,CPF,Central Pacific Financial Corp,은행,27.49,27.49,26.66,27.34,25.168379,159300.0,-2.0663726189907194,24.79700014,19.45000002,18.464000005,0.040800000000000836,0.029124999999998735,0.7321431428571419,-0.06829129042291071,0.07588272339525029,-1.385337867611176,-0.343565513538939,0.0027708053449743203,False
2021-04-16,CPF,Central Pacific Financial Corp,은행,27.75,27.75,27.07,27.450001,25.269642,94200.0,-1.7821806318896183,24.92900016,19.534066693333333,18.521100005,0.04203333666666609,0.028550000000000963,0.7414289285714276,0.1483635123489833,0.05130053810018999,-0.331994843601911,-0.31239736948866376,-0.002656283921545429,False
2021-04-19,CPF,Central Pacific Financial Corp,은행,27.469999,27.65,27.01,27.219999,25.057911,105500.0,-1.8064141006061907,25.042600119999996,19.617533353333336,18.58125,0.041733330000001345,0.030074997499999867,0.7314288571428561,-0.3144557365407269,0.07793308448261496,0.4002658401424619,-0.23980080205602894,0.0019496679186777617,False
2021-04-20,CPF,Central Pacific Financial Corp,은행,27.059999,27.059999,25.98,26.120001,24.045286,126900.0,-4.8813042417675145,25.13140014,19.692866693333333,18.636650005,0.03766666999999835,0.0277000024999996,0.7557144999999991,-1.4555735003099772,-0.08414975181631783,-0.5807318520288273,-0.35831045611030604,0.0008059214884931066,False
2021-04-21,CPF,Central Pacific Financial Corp,은행,26.01,26.74,26.01,26.66,24.542393,119400.0,-3.6672884737441347,25.222400120000003,19.772000026666667,18.693400005,0.039566666666667416,0.028375000000000483,0.7450002142857132,0.7248306639988535,-0.01185933496910531,-0.4311972559260824,-0.3460942986762911,0.00012316760482834996,False
2021-04-22,CPF,Central Pacific Financial Corp,은행,26.799999,26.799999,26.17,26.190001,24.109728,78200.0,-4.24316480653224,25.296800159999997,19.8494667,18.74980001,0.03873333666666667,0.02820000250000021,0.7250001428571416,-0.6482743550198345,-0.1000534534973054,0.48672539439446594,-0.2815254104296052,0.005086156181182265,False
2021-04-23,CPF,Central Pacific Financial Corp,은행,26.24,27.559999,26.09,27.299999,25.131557,120800.0,-1.1055619521390336,25.402200120000003,19.934000026666666,18.814000005,0.04226666333333284,0.03209999749999959,0.7749999999999991,1.4322554838709705,-0.0118893153220582,0.08556840538732602,-0.2032255496705943,0.0021361373929317615,False
2021-04-26,CPF,Central Pacific Financial Corp,은행,27.51,27.75,26.870001,26.889999,24.754126,101800.0,-2.5211563434321294,25.507600080000003,20.015533353333332,18.87895,0.04076666333333279,0.0324749974999996,0.7942855714285708,-0.5161871431991271,-0.015531985335655783,-0.7401476788384233,-0.2288550088640124,-0.006880015770552031,False
2021-04-27,CPF,Central Pacific Financial Corp,은행,27.09,27.09,26.4,26.620001,24.505569,121400.0,-3.3071153542754694,25.608400099999997,20.103000026666667,18.939750005,0.043733336666667455,0.03040000250000041,0.804999928571428,-0.33540127199656516,-0.05068018448679225,-0.3084828118045282,-0.2525331778114443,0.0034882206720741236,False
2021-04-28,CPF,Central Pacific Financial Corp,은행,27.299999,27.299999,26.190001,26.57,24.459539,78100.0,-3.0706660159961485,25.7052001,20.19153336,18.998800005,0.04426666666666712,0.02952499999999958,0.8164282857142852,-0.061243590986381366,-0.08736631499783885,0.04430784051497763,-0.2522178583103877,0.009593980374000737,False
2021-04-29,CPF,Central Pacific Financial Corp,은행,27.4,27.83,27.1,27.389999,25.214411,166800.0,-0.5897618562563989,25.81720006,20.28820002,19.06305,0.048333330000000174,0.03212499750000042,0.8621424999999994,0.9511177096593659,-0.01095476233800605,0.12173938925166627,-0.18004671153219154,0.009053092399190115,False
2021-04-30,CPF,Central Pacific Financial Corp,은행,27.17,27.59,26.860001,26.950001,24.809361,176600.0,-1.2300577192360662,25.935000100000003,20.381600026666668,19.121350005,0.04670000333333313,0.029150002499999772,0.8828566428571423,-0.49837989390447013,-0.06819019481038767,0.3547731411758088,-0.17781509924857292,0.01162115818851024,False
2021-05-03,CPF,Central Pacific Financial Corp,은행,27.52,28.139999,27.23,28.030001,25.803576,199000.0,2.4748712120727268,26.062200119999996,20.4822667,19.185400010000002,0.050333336666666284,0.032025002500001065,0.9028564999999994,1.196203383372661,0.07667720876543445,0.8756753683171847,-0.029978898550657693,0.02247397230601723,False
2021-05-04,CPF,Central Pacific Financial Corp,은행,27.82,28.58,27.719999,28.469999,26.208626,183000.0,4.614021974741833,26.18400012,20.58033336,19.254100005,0.04903333000000032,0.034349997499999674,0.9242851428571421,0.4760414071353401,0.07364324128615583,1.208587217966817,-0.014303550904302877,0.02493905408380352,False
2021-05-05,CPF,Central Pacific Financial Corp,은행,28.629999,28.629999,27.969999,28.5,26.236242,124700.0,4.499606473626816,26.301400140000002,20.68073336,19.325350005,0.050200000000000244,0.035624999999999574,0.9121422857142851,0.03289070188924009,0.08087052645130946,-0.04705084015823807,0.08128837962804983,0.026989410177525156,False
2021-05-06,CPF,Central Pacific Financial Corp,은행,28.450001,28.809999,28.23,28.780001,26.494005,78100.0,4.565396968746316,26.40800014,20.782133366666667,19.393550010000002,0.05070000333333269,0.03410000250000067,0.9049993571428566,0.3093935899401967,0.09237267485068186,-0.5607069799813379,0.06495179845809078,0.024598846255865472,False
2021-05-07,CPF,Central Pacific Financial Corp,은행,28.27,28.719999,28.07,28.6,26.3283,82600.0,3.05965189714299,26.51920012,20.88320003333333,19.46175001,0.05053333333333221,0.03409999999999869,0.9099994285714281,-0.1978034209126632,0.10070498310982927,-0.9878640146372099,-0.034200334026171494,0.021654485315702025,False
2021-05-10,CPF,Central Pacific Financial Corp,은행,28.58,28.74,28.059999,28.08,25.849604,154300.0,2.2482309264494127,26.62820014,20.977600033333335,19.52575001,0.04720000000000191,0.03200000000000003,0.8699995714285708,-0.5977014438595002,0.16198155857057767,0.5218391589271493,0.04455473818496969,0.015750766977074882,False
2021-05-11,CPF,Central Pacific Financial Corp,은행,27.719999,27.950001,27.32,27.43,25.251234,115300.0,0.6903229525730081,26.70780012,21.064733366666665,19.58750001,0.0435666666666652,0.030874999999999986,0.872142428571428,-0.7452911115271627,0.05697286031871933,0.1307641569314303,0.08469483910336344,0.01836245423377784,False
2021-05-12,CPF,Central Pacific Financial Corp,은행,27.709999,27.9,27.02,27.059999,24.910622,99900.0,1.4943607281063809,26.78960012,21.150000026666667,19.650050005,0.042633330000001024,0.03127499750000062,0.8899996428571423,-0.4157316275006516,0.0735830551415181,1.5955569844858828,0.16389709553846465,0.024948504476913415,False
2021-05-13,CPF,Central Pacific Financial Corp,은행,27.040001,28.33,27.040001,28.219999,25.978481,167600.0,4.328716834850255,26.8756001,21.241400019999997,19.718049999999998,0.04569999666666469,0.03399999749999871,0.8771424999999992,1.3224761085000456,0.06574167118645205,0.2220934094486462,0.1736488815428447,0.02999138866185772,False
2021-05-14,CPF,Central Pacific Financial Corp,은행,28.370001,28.559999,28.1,28.540001,26.273067,73700.0,3.740524452552396,26.96980012,21.334200026666668,19.782750005,0.046400003333335604,0.032350002500001196,0.8471424999999991,0.37774282366898027,0.12959381167703116,-0.8745165860737053,0.16405110245461024,0.025993695544496265,False
2021-05-17,CPF,Central Pacific Financial Corp,은행,28.379999,28.559999,27.940001,28.48,26.217827,113000.0,3.5473199122343813,27.048600099999998,21.42793336,19.847250005,0.04686666666666639,0.032249999999999446,0.8421423571428563,-0.07124804908705182,0.14846189902771068,0.13997979933406224,0.1960841461073667,0.03280103194630239,False
2021-05-18,CPF,Central Pacific Financial Corp,은행,28.389999,28.629999,27.98,28.02,25.794367,73500.0,2.384901693333674,27.095600100000002,21.51660002666667,19.909550005,0.044333333333334224,0.031150000000000233,0.8092852857142849,-0.5684027723227407,0.1122362432179707,0.11793048077424129,0.2013429061258855,0.03655359380788077,False
2021-05-19,CPF,Central Pacific Financial Corp,은행,27.35,27.940001,27.200001,27.84,25.628666,219500.0,1.7387482955754319,27.15180008,21.60693336,19.972800005,0.04516666666666502,0.031625000000000014,0.7778566428571422,-0.2314051074229339,0.027770327712092157,-0.0039311054303725335,0.19236644222002558,0.038963656698410946,False
2021-05-20,CPF,Central Pacific Financial Corp,은행,27.75,27.82,27.35,27.690001,25.49058,115700.0,-0.10960008733604809,27.1902001,21.695800033333335,20.034600010000002,0.0444333366666676,0.030900002500001023,0.7607138571428563,-0.19718189512595197,0.04928447048198631,-0.988776244560167,0.0963986289531702,0.028594532289551406,False
2021-05-21,CPF,Central Pacific Financial Corp,은행,28.0,28.389999,27.860001,28.15,25.914042,89300.0,1.4447630191894323,27.22440008,21.786666699999998,20.097050009999997,0.04543333333333166,0.031224999999997394,0.7257138571428564,0.6338572640889358,0.009116890533148791,0.6925967218774781,0.08332158277890543,0.030601206366830246,False
2021-05-24,CPF,Central Pacific Financial Corp,은행,28.4,28.4,27.690001,27.76,25.555019,90300.0,-1.0853292862316066,27.240400100000002,21.875200033333332,20.15770001,0.04426666666666712,0.030325000000001268,0.7149994285714281,-0.5454549813825987,-0.06384713721813255,-1.2976444472215638,-0.09569496473455033,0.022527791125741135,False
2021-05-25,CPF,Central Pacific Financial Corp,은행,27.799999,28.059999,26.959999,26.98,24.836975,148700.0,-3.72022422301973,27.253000099999998,21.960000033333333,20.21010001,0.04240000000000066,0.02620000000000111,0.7464279999999996,-1.0449768765373237,-0.1408376785343157,-0.8829564979631748,-0.15540251172061723,0.012323219619516958,False
2021-05-26,CPF,Central Pacific Financial Corp,은행,27.01,27.59,27.01,27.559999,25.370907,108200.0,-1.9932971969358837,27.28020006,22.04753336,20.264200005,0.0437666633333329,0.027049997499998923,0.748570928571428,0.7748083419521384,-0.10759376767631987,0.6248609975678701,-0.07071908475281667,0.016334108801753063,False
2021-05-27,CPF,Central Pacific Financial Corp,은행,27.709999,27.940001,27.43,27.6,25.630932,93900.0,-2.01382096474807,27.30480004,22.13493336,20.3175,0.04370000000000118,0.026649997499999856,0.7342852142857138,0.05447610713353626,-0.0895738013873056,-0.04128400738732607,-0.0031062270921106932,0.014288154907277377,False
2021-05-28,CPF,Central Pacific Financial Corp,은행,27.58,27.780001,27.08,27.709999,25.733084,86600.0,-1.8054991663301267,27.31940002,22.219466686666667,20.371499995,0.04226666333333284,0.026999997500000816,0.7357137857142855,0.14951330549447733,-0.03620131929059293,0.08341031923425818,-0.03442257278446006,0.00978955448995236,False
2021-06-01,CPF,Central Pacific Financial Corp,은행,27.91,28.18,27.719999,28.129999,26.123119,159300.0,-0.27465738874612455,27.3406,22.306200013333335,20.428599995,0.04336666333333383,0.028549999999999187,0.7149995714285714,0.5874129395082579,0.05899182721193712,0.632429404522989,0.0014106591863655624,0.01431237755105727,False
2021-06-02,CPF,Central Pacific Financial Corp,은행,28.35,28.41,28.02,28.1,26.095259,119400.0,-0.4073464247525749,27.3774,22.394466679999997,20.485100000000003,0.04413333333333114,0.02825000250000187,0.6799995714285715,-0.044116204274918816,0.08553578601377518,-0.19408563993758654,-0.12642095684388224,0.008401332130824586,False
2021-06-03,CPF,Central Pacific Financial Corp,은행,28.09,28.450001,28.01,28.360001,26.336712,92100.0,0.9363631918873683,27.429600020000002,22.488200019999997,20.543950005000003,0.04686667,0.02942500250000002,0.6192854285714287,0.41984033210626465,0.021061801985647964,0.8162880426451089,-0.08397848304413491,0.02069124852205524,False
2021-06-04,CPF,Central Pacific Financial Corp,은행,28.23,28.450001,27.969999,28.34,26.318136,96800.0,0.09380525646074389,27.477600000000002,22.587000019999998,20.605400009999997,0.04940000000000033,0.03072500249999699,0.6207142142857143,-0.03222255836853473,-0.008221439588460252,-1.0505859746706774,-0.09655486794391864,0.009446923674495537,False
2021-06-07,CPF,Central Pacific Financial Corp,은행,28.33,28.57,28.219999,28.450001,26.420288,79300.0,0.5818000431467407,27.5194,22.684933360000002,20.667250015,0.04896667000000221,0.030925002500001852,0.6014287142857141,0.18289948149656104,0.009931955453226381,0.2782680862154272,-0.08667713316667829,0.012720260098470944,False
2021-06-08,CPF,Central Pacific Financial Corp,은행,28.16,28.809999,28.129999,28.59,26.550301,92500.0,1.0144873996557502,27.5546,22.78373336,20.731300015000002,0.049399999999998556,0.03202500000000086,0.6035716428571425,0.23195092356771882,0.06710007658825921,0.21037048722245447,-0.08007427556323447,0.00930660272691193,False
2021-06-09,CPF,Central Pacific Financial Corp,은행,28.43,28.43,28.02,28.110001,26.104546,182000.0,-0.541237069258893,27.593200020000005,22.878200033333332,20.793750019999997,0.0472333366666664,0.0312250024999976,0.5857145714285712,-0.8195100880438588,0.025092577972478863,-0.5695513572634473,-0.12047572212273983,0.007700905864213284,False
2021-06-10,CPF,Central Pacific Financial Corp,은행,28.35,28.35,27.18,27.27,25.324474,211700.0,-3.796974779868656,27.5996,22.9642667,20.848550024999998,0.0430333333333337,0.027400002500000298,0.634286,-1.3243253043579724,-0.05541766554409403,-2.0030737884184835,-0.19292554668404813,-0.004956662017710634,False
2021-06-11,CPF,Central Pacific Financial Corp,은행,27.32,27.57,27.200001,27.26,25.315187,93800.0,-3.6995311160523903,27.611200000000004,23.057533366666668,20.903500025,0.04663333333333419,0.027475000000000804,0.6107146428571427,-0.01637425943025439,-0.10186277436689332,-0.3174881699075636,-0.26507446752583685,0.01392701849433981,False
2021-06-14,CPF,Central Pacific Financial Corp,은행,27.16,27.51,26.790001,27.040001,25.110884,147800.0,-4.3029066557055735,27.60740002,23.146066706666666,20.960050029999998,0.04426666999999895,0.028275002499999147,0.6114289285714286,-0.3598112384280172,-0.08860250701299464,-0.6665535791596446,-0.2199965483785569,0.00987555319293943,False
2021-06-15,CPF,Central Pacific Financial Corp,은행,27.190001,27.84,27.07,27.51,25.547354,122400.0,-2.1761938151112936,27.60940002,23.239933373333333,21.017600029999997,0.04693333333333349,0.02877499999999955,0.5900002857142856,0.7966080888096446,0.042939276226074526,1.1492887288275546,-0.07483617503636195,0.02137001891389208,False
2021-06-16,CPF,Central Pacific Financial Corp,은행,27.26,28.07,27.049999,27.889999,25.900242,104300.0,-0.14811394343587914,27.627399999999998,23.321133366666665,21.078100024999998,0.040599996666665916,0.030249997500000347,0.6192860714285714,0.6136081813101575,0.0314249790373616,1.4779748706706275,-0.013899469814736411,0.014221401871657395,False
2021-06-17,CPF,Central Pacific Financial Corp,은행,28.1,28.1,26.93,27.0,25.07374,166300.0,-3.021725105178974,27.62480002,23.386733366666668,21.135650025,0.03280000000000172,0.028775000000001327,0.6664288571428573,-1.3354748829689667,-0.0678572345413886,-1.2693422148403475,-0.10161791320423795,-0.006256898237379415,False
2021-06-18,CPF,Central Pacific Financial Corp,은행,26.549999,26.84,26.15,26.280001,24.405106,345500.0,-4.097895323266165,27.60000004,23.449333380000002,21.18935003,0.0313000066666671,0.026850002499999803,0.6771430714285717,-1.0632893259632952,-0.1544859939312295,0.7425509105142827,-0.054536442398521894,0.0032520658504739345,False
2021-06-21,CPF,Central Pacific Financial Corp,은행,26.559999,27.219999,26.469999,27.059999,25.129454,130300.0,-2.341511305088051,27.59280002,23.51933338,21.246850025000004,0.034999999999998366,0.028749997500002067,0.7107142857142862,1.0974846231155808,-0.11805230224499215,-0.7061893320488384,-0.1501520664393667,-0.0021304476709312144,False
2021-06-22,CPF,Central Pacific Financial Corp,은행,27.0,27.110001,26.540001,27.02,25.092312,85100.0,-2.7968867440881007,27.580200020000003,23.588600053333334,21.304400025,0.03463333666666735,0.028774999999997775,0.723571428571429,-0.055279960513329035,-0.11884971340487858,-0.6970304449153681,-0.1860766953663511,-0.0028411474876689903,False
2021-06-23,CPF,Central Pacific Financial Corp,은행,27.040001,27.32,26.85,26.85,24.934439,172700.0,-3.220752190100673,27.57700002,23.65120006,21.359900025,0.03130000333333349,0.02775000000000105,0.7257142142857147,-0.23425199156023271,-0.16557059366677127,-0.09026748754337083,-0.25083066180838537,-0.005655239440411378,False
2021-06-24,CPF,Central Pacific Financial Corp,은행,27.1,27.16,26.719999,26.98,25.055164,245100.0,-3.1330010110870443,27.56880004,23.715133400000003,21.418500025,0.031966670000000974,0.029299999999999216,0.7228570000000004,0.17984193277508406,-0.15042313001365562,-0.6114672334537012,-0.21946503743574425,-0.010928476276199087,False
2021-06-25,CPF,Central Pacific Financial Corp,은행,27.0,27.110001,26.52,26.52,24.627981,356500.0,-4.827416317322353,27.55240004,23.779066733333334,21.475600025,0.03196666666666559,0.028549999999999187,0.7399998571428578,-0.6216217416258195,-0.20788893166525427,-1.0747147193841968,-0.31610666640714596,-0.018968472221274315,False
2021-06-28,CPF,Central Pacific Financial Corp,은행,26.389999,26.93,25.959999,26.129999,24.265806,137400.0,-6.082087954805049,27.526,23.84026672,21.53205002,0.03059999333333252,0.028224997500000626,0.7607142142857148,-0.5126774190307406,-0.26107667042228705,-0.8366665006392145,-0.3908950226829795,-0.023199661514697576,False
2021-06-29,CPF,Central Pacific Financial Corp,은행,26.459999,26.459999,25.889999,25.92,24.070786,85000.0,-6.389966831442651,27.50000002,23.90080005333333,21.588150019999997,0.030266666666665998,0.028049999999998576,0.7607142142857148,-0.2760550493948399,-0.2222584533759286,-0.31540681141877963,-0.37274184083693174,-0.02719794705664191,False
2021-06-30,CPF,Central Pacific Financial Corp,은행,25.799999,26.23,25.799999,26.059999,24.2008,94300.0,-5.560118948126069,27.498799980000005,23.961666713333333,21.644350015,0.030433330000001035,0.028099997500001805,0.7078571428571434,0.19777860746720405,-0.11353674538841596,0.0020013960980514722,-0.22952218480003642,-0.02550696622828071,False
2021-07-01,CPF,Central Pacific Financial Corp,은행,26.25,26.290001,25.99,26.17,24.302952,111000.0,-5.13262324011623,27.48899998,24.01320004,21.701250015,0.025766663333333995,0.02844999999999942,0.7028572857142864,0.15650545599482651,-0.10118819428662447,-0.6011428685186184,-0.24978323470082603,-0.03285347592438736,False
2021-07-02,CPF,Central Pacific Financial Corp,은행,26.139999,26.370001,25.77,25.809999,23.968634,79700.0,-6.571002737882514,27.481399940000003,24.062733373333334,21.757450010000003,0.02476666666666638,0.028099997500001805,0.6942860000000005,-0.5185197454651256,-0.11252451621784651,-1.5767951425187285,-0.3148004892264749,-0.04373699187293944,False
2021-07-06,CPF,Central Pacific Financial Corp,은행,25.629999,25.639999,24.99,25.290001,23.485735,178400.0,-7.606363743845135,27.44119998,24.11453338,21.810800014999998,0.025900003333333643,0.026675002499997547,0.6957145714285721,-0.7474300831909317,-0.22281295707503052,-0.4748096735144665,-0.43080751796519073,-0.039951458728631754,False
2021-07-07,CPF,Central Pacific Financial Corp,은행,25.0,25.450001,24.780001,24.85,23.077126,190000.0,-8.749416907457919,27.4004,24.170933386666665,21.861750015,0.028200003333331836,0.025475000000000136,0.6707145000000008,-0.6560183207609173,-0.3135005643658216,-1.126062453327973,-0.6168101839650907,-0.041684775974624035,False
2021-07-08,CPF,Central Pacific Financial Corp,은행,24.379999,24.790001,24.1,24.370001,22.631369,216200.0,-8.995275438815408,27.3554,24.222466733333334,21.91610002,0.025766673333334822,0.027175002499999934,0.6407145000000006,-0.7491620682847079,-0.27162107760266024,0.36917355718983413,-0.499773343105792,-0.034740744299320475,False
2021-07-09,CPF,Central Pacific Financial Corp,은행,24.940001,25.280001,24.66,25.16,23.365007,182100.0,-6.584418874549536,27.3272,24.275666733333335,21.975450019999997,0.02660000000000018,0.02967499999999923,0.6450002142857149,1.2248042442510831,-0.1081858225873475,-0.25702535245102354,-0.5711716476033138,-0.03994054890759814,False
2021-07-12,CPF,Central Pacific Financial Corp,은행,24.959999,25.42,24.889999,25.33,23.522879,157000.0,-5.78682457533014,27.286000020000003,24.330066733333332,22.03765002,0.02719999999999878,0.031100000000002126,0.6157147142857148,0.27610189598475593,-0.16685601738240644,-0.22270695713952887,-0.5366371922526489,-0.04173229819719004,False
2021-07-13,CPF,Central Pacific Financial Corp,은행,25.129999,25.530001,24.42,24.73,22.965687,141400.0,-7.16807741617842,27.2416,24.3767334,22.09660002,0.023333333333333428,0.029474999999999696,0.6542862142857145,-0.9170298668985697,-0.22840958212420934,-0.39066394811043037,-0.5147538710522962,-0.04331152735047125,False
2021-07-14,CPF,Central Pacific Financial Corp,은행,24.73,25.01,24.6,24.790001,23.021404,119500.0,-6.428852081336467,27.176800000000004,24.425333406666667,22.155900025,0.02430000333333382,0.029650002500000383,0.6500005000000003,0.09230915976218437,-0.2050837856011795,-0.07485234569581303,-0.5136527894917564,-0.04309364520829773,False
2021-07-15,CPF,Central Pacific Financial Corp,은행,24.629999,25.23,24.57,25.129999,23.337149,98300.0,-4.1709231325123834,27.11,24.476133400000002,22.212750019999998,0.02539999666666759,0.028424997499998383,0.6657147142857147,0.5107262806483189,-0.1814491893245199,0.97485566470349,-0.40034401105195705,-0.03471653353576764,False
2021-07-16,CPF,Central Pacific Financial Corp,은행,25.32,25.32,24.58,24.639999,22.882107,95700.0,-4.7707567474567725,27.03279998,24.522133393333334,22.268750014999995,0.022999996666666078,0.027999997499998486,0.6764289285714291,-0.7243924369628129,-0.18878995327716228,0.2687096533190446,-0.30438512728743977,-0.04070375925937925,False
2021-07-19,CPF,Central Pacific Financial Corp,은행,24.07,24.33,23.49,23.690001,21.999882,149200.0,-6.38310486601914,26.930999980000003,24.56086674,22.31935002,0.01936667333333375,0.025300002500003416,0.6892859285714292,-1.3782350119476645,-0.2506154956283711,0.40232330056431875,-0.21588585577290167,-0.0402683126581523,False
2021-07-20,CPF,Central Pacific Financial Corp,은행,23.75,24.860001,23.74,24.389999,22.64994,184100.0,-4.442825147741647,26.84679996,24.605400073333332,22.374100015000003,0.022266666666665103,0.02737499750000083,0.7321430714285722,0.9560945494357418,-0.1626048099976153,-0.5385753855578264,-0.231826468211405,-0.043144742226904745,False
2021-07-21,CPF,Central Pacific Financial Corp,은행,24.68,25.110001,24.68,24.82,23.049263,74600.0,-3.003821206797197,26.781599959999998,24.6495334,22.428600015,0.022066663333333736,0.027249999999998664,0.7528574285714293,0.5711586067709277,-0.13593481004734934,-0.22444211783452328,-0.24800100492087465,-0.05204364681210342,False
2021-07-22,CPF,Central Pacific Financial Corp,은행,24.700001,24.799999,24.209999,24.27,22.538504,90300.0,-4.716950227261618,26.718399959999996,24.686733393333334,22.478150014999997,0.01859999666666745,0.024774999999998215,0.7750002857142864,-0.7096771577227071,-0.19780499674145885,-0.9070095492783217,-0.2698486249751392,-0.053901621170057985,False
2021-07-23,CPF,Central Pacific Financial Corp,은행,24.440001,24.610001,24.200001,24.450001,22.70566,88700.0,-4.33319348710739,26.666200000000003,24.7263334,22.52905002,0.01980000333333365,0.02545000250000129,0.7614287857142864,0.23639899538489886,-0.14388222953788568,-0.7392395728828172,-0.21002322714400262,-0.055788423425011203,False
2021-07-26,CPF,Central Pacific Financial Corp,은행,24.49,24.950001,24.49,24.870001,23.095701,109300.0,-2.4398844645040496,26.59920004,24.76866674,22.580850025,0.0211666699999995,0.02590000250000024,0.7385717142857148,0.5686651571894914,-0.04987542665356976,0.3278602716055534,-0.15268965963542977,-0.04973920752778208,False
2021-07-27,CPF,Central Pacific Financial Corp,은행,24.540001,24.969999,24.450001,24.950001,23.169992,128000.0,-1.3018316844797484,26.527400039999996,24.808333413333337,22.632500030000003,0.01983333666666809,0.025825002500001304,0.7278572857142862,0.1099116565433476,0.004833857439592013,0.5739616133520735,-0.03125936915828359,-0.053880661583638974,False
2021-07-28,CPF,Central Pacific Financial Corp,은행,25.15,25.83,24.58,25.41,23.597172,125700.0,0.7692846362578498,26.466000040000004,24.851666746666666,22.68745003,0.021666666666664725,0.027474999999999028,0.7635715714285719,0.6024307572627202,0.10137620212155116,0.6219363976661064,-0.01320488055283557,-0.05132521596267549,False
2021-07-29,CPF,Central Pacific Financial Corp,은행,25.48,25.879999,25.34,25.75,23.912914,123000.0,1.9007141134465888,26.42060004,24.899333413333334,22.74260003,0.02383333333333404,0.027574999999998795,0.7371429285714292,0.46124026538369467,0.0468359179167377,0.004185808902602284,0.005453059543851989,-0.049069199825770723,False
2021-07-30,CPF,Central Pacific Financial Corp,은행,25.799999,26.280001,25.59,25.6,23.773619,182100.0,2.066154073337989,26.375800039999998,24.94220008,22.79915003,0.021433333333332527,0.028275000000000716,0.7485715000000004,-0.20038166026892354,0.012801378184332022,0.38248655123043596,0.048681167284563766,-0.05262302598081785,False
2021-08-02,CPF,Central Pacific Financial Corp,은행,25.74,26.18,25.02,25.190001,23.392868,153600.0,0.7832779166407899,26.32580004,24.983400086666666,22.853300035000004,0.02060000333333356,0.027075002500001943,0.7521428571428578,-0.5451078822412186,0.03936723423128567,-0.3515161862102033,0.05147743599172284,-0.05059202042893144,False
2021-08-03,CPF,Central Pacific Financial Corp,은행,25.32,25.66,24.870001,25.629999,23.801479,143900.0,1.7342464128267787,26.275400019999996,25.02693341333333,22.90885003,0.02176666333333266,0.027774997499998122,0.7792856428571435,0.564617100331543,0.07310351570052556,-0.26791387270855305,0.03768732691938426,-0.047510906006853815,False
2021-08-04,CPF,Central Pacific Financial Corp,은행,25.219999,25.75,25.120001,25.360001,23.550739,92300.0,1.0793967792996462,26.22740004,25.07066676,22.963250035,0.02186667333333503,0.027200002500000764,0.7771427142857151,-0.34742396092352323,0.011807069873965419,0.13506822083930187,-0.02229749049948632,-0.04466130626641768,False
2021-08-05,CPF,Central Pacific Financial Corp,은행,25.48,25.85,25.48,25.709999,23.875767,100200.0,1.7157318750952388,26.20200002,25.11606675333333,23.020500029999997,0.022699996666665,0.028624997499997917,0.7592855000000007,0.46095704448458324,0.09647488997735086,-0.1895059654360604,-0.055027177553422395,-0.04612965918897321,False
2021-08-06,CPF,Central Pacific Financial Corp,은행,26.200001,26.57,26.08,26.280001,24.405106,93200.0,3.646610087607116,26.176400060000002,25.164533426666665,23.079750035000004,0.024233336666666716,0.029625002500003106,0.7385713571428578,0.7717629373078252,0.2500461720670287,0.5583672231855797,-0.04388118308047517,-0.0390264348989417,False
2021-08-09,CPF,Central Pacific Financial Corp,은행,26.27,26.290001,25.83,25.92,24.070786,79300.0,2.259520719481256,26.14280006,25.213533426666665,23.136900035,0.024499999999999744,0.02857499999999824,0.6878571428571435,-0.5233659397715422,0.144370422837937,-0.38538380313410986,-0.032938927193066854,-0.0460207924376162,False
2021-08-10,CPF,Central Pacific Financial Corp,은행,25.92,26.52,25.719999,26.459999,24.57226,84800.0,4.0101629536990036,26.11780006,25.265000086666667,23.19405003,0.02573333000000133,0.02857499749999981,0.6935713571428577,0.7785774231284646,0.15918605257776106,0.6252059843768115,0.027750222964885635,-0.03932368675164486,False
2021-08-11,CPF,Central Pacific Financial Corp,은행,26.5,26.83,26.040001,26.82,24.90658,70800.0,4.952261071884956,26.091600080000003,25.305266746666668,23.252550030000002,0.02013333000000017,0.02925000000000111,0.7064283571428575,0.5096072324389992,0.24627779473216863,0.3089129837083383,0.11460183246393278,-0.053779443077968205,False
2021-08-12,CPF,Central Pacific Financial Corp,은행,26.82,26.82,26.27,26.469999,24.581547,69200.0,3.0025778594543917,26.05900006,25.342066733333333,23.310600025000003,0.01839999333333253,0.029024997500000538,0.7164283571428575,-0.4885359387445462,0.19449672800863685,-1.1799926285809574,0.08311947134263706,-0.05481390958659191,False
2021-08-13,CPF,Central Pacific Financial Corp,은행,26.610001,26.610001,26.1,26.219999,24.349384,50900.0,1.7123038338837437,26.016200019999996,25.378333386666668,23.370200020000002,0.01813332666666767,0.02979999749999962,0.7171427142857146,-0.34860564713259884,0.12897738484277327,-0.6249635388897838,0.01506062773582725,-0.05425876882184601,False
2021-08-16,CPF,Central Pacific Financial Corp,은행,25.969999,26.18,25.84,26.02,24.163654,67600.0,0.4589737110419989,25.969800019999997,25.41406672,23.43270002,0.017866666666666475,0.031249999999998224,0.707142785714286,-0.28282689725524457,0.10092463100001668,-0.7432918226046225,-0.07902890340393674,-0.06180209572421493,False
2021-08-17,CPF,Central Pacific Financial Corp,은행,25.75,25.84,25.370001,25.49,23.671463,94200.0,-0.9634541537037467,25.9106,25.44340005333333,23.49135002,0.014666666666665051,0.029325000000000045,0.6642855714285718,-0.797849633946159,0.0009046030565253041,0.3391864242833621,-0.09922533007413278,-0.06347411018405803,False
2021-08-18,CPF,Central Pacific Financial Corp,은행,25.360001,25.67,25.200001,25.25,23.448587,92200.0,-0.8676187787954315,25.843799999999998,25.474400053333333,23.548750020000004,0.01550000000000118,0.02870000000000239,0.6592855714285718,-0.36403041474114906,-0.05804330266667782,1.241682519461396,-0.010832707891361783,-0.04906655116604746,False
2021-08-19,CPF,Central Pacific Financial Corp,은행,24.950001,25.24,24.690001,25.030001,23.244284,199700.0,-1.959832744289003,25.7822,25.499733393333333,23.604200025,0.012666669999999769,0.027725002499998652,0.6499997142857149,-0.33846014877369357,-0.06790605184558997,-0.515118705671272,-0.07494736909862665,-0.060768145264144605,False
2021-08-20,CPF,Central Pacific Financial Corp,은행,24.969999,25.610001,24.959999,25.59,23.764332,136100.0,-0.7636837582084444,25.748599999999996,25.532133393333332,23.660350025,0.016199999999999548,0.028074999999999406,0.6135712857142863,0.912687756155474,0.036222208039888085,-0.23016747049441832,-0.06627960369035628,-0.061697384668568146,False
2021-08-23,CPF,Central Pacific Financial Corp,은행,25.67,25.959999,25.549999,25.65,23.820051,60700.0,-1.4584931531383294,25.7164,25.56360006,23.722250025000005,0.015733333333333377,0.030950000000002476,0.5864285000000005,0.10231426337566928,0.0032005768287542494,-1.1110606812411674,-0.12650437572840018,-0.06644226936907092,False
2021-08-24,CPF,Central Pacific Financial Corp,은행,25.809999,25.809999,25.459999,25.530001,23.708611,175000.0,-2.0846673830917095,25.686200000000003,25.595733406666664,23.78110003,0.01606667333333256,0.029425002499998243,0.566428571428572,-0.21185195460277403,0.012884291565950622,-0.43143280222685754,-0.16696873451884015,-0.05973250243329251,False
2021-08-25,CPF,Central Pacific Financial Corp,은행,25.620001,25.93,25.6,25.65,23.820051,86100.0,-1.7837755443360304,25.649,25.632800073333335,23.84220003,0.018533333333335733,0.030549999999999855,0.5600000000000005,0.21428392857142833,-0.004735216713560441,-0.12079418798582572,-0.16206075041525195,-0.05464648165366917,False
2021-08-26,CPF,Central Pacific Financial Corp,은행,25.690001,25.82,25.27,25.280001,23.476448,105600.0,-2.4894861931942347,25.59680004,25.66580008,23.890050034999998,0.016500003333332458,0.023925002499998627,0.537857071428572,-0.6879132387666976,-0.1089978007188835,0.16164144236913935,-0.19039830618785483,-0.05735483828663654,False
2021-08-27,CPF,Central Pacific Financial Corp,은행,25.42,26.24,25.360001,26.1,24.237946,98900.0,-0.17410424985526696,25.57880004,25.70600008,23.934750035,0.02009999999999934,0.022350000000001202,0.5735712142857147,1.429637644945575,0.030502455332339147,0.23211963844476435,-0.14629091750364953,-0.05133126493866393,False
2021-08-30,CPF,Central Pacific Financial Corp,은행,25.950001,25.950001,25.17,25.18,23.600599,65500.0,-3.9552939411569676,25.55680002,25.74366674,23.97620004,0.01883332999999965,0.02072500249999898,0.5828568571428576,-1.5784321462902695,-0.1378553710547133,-2.153132288026042,-0.3447436512467105,-0.06190948200429902,False
2021-08-31,CPF,Central Pacific Financial Corp,은행,25.07,25.58,24.959999,25.309999,23.722443,108700.0,-3.1631802071309223,25.52180002,25.78806673333333,24.019950039999998,0.022199996666666166,0.021874999999999645,0.5707141428571434,0.22778303574043696,-0.1579856708188963,0.4076171559214183,-0.33769335323149047,-0.06545593506610162,False
2021-09-01,CPF,Central Pacific Financial Corp,은행,25.35,25.49,24.83,25.030001,23.460005,84400.0,-4.0754495752279745,25.48200004,25.81926674,24.06195005,0.015600003333334556,0.02100000500000121,0.5785712857142862,-0.4839472799869869,-0.15765790947907066,-0.5263953156994393,-0.2910078308828106,-0.07832296231741781,False
2021-09-02,CPF,Central Pacific Financial Corp,은행,24.969999,25.25,24.66,24.700001,23.150705,108500.0,-5.312455227784207,25.43900006,25.851400086666665,24.098150060000002,0.01606667333333256,0.018100005000000863,0.5842855000000006,-0.5647923831756871,-0.1730998191964341,-0.9405594781672438,-0.3135503979740578,-0.09051949291506976,False
2021-09-03,CPF,Central Pacific Financial Corp,은행,24.610001,25.0,24.32,24.59,23.047606,130200.0,-5.289253114409098,25.391200060000003,25.87693342,24.134150065000004,0.012766666666667703,0.01800000250000089,0.6057141428571432,-0.1816054673597807,-0.16586971706104384,-0.13500876935889689,-0.27010160845650594,-0.09090417531339572,False
2021-09-07,CPF,Central Pacific Financial Corp,은행,24.780001,24.969999,24.35,24.370001,22.841404,76000.0,-5.439881498170296,25.34820008,25.899200086666667,24.17135007,0.01113333333333344,0.018600002499997714,0.603571285714286,-0.36449547088650414,-0.13491584827106845,0.15224573540448205,-0.28345451480499745,-0.08561316858338999,False
2021-09-08,CPF,Central Pacific Financial Corp,은행,24.370001,24.5,23.709999,23.83,22.335274,78300.0,-6.853762230462368,25.3022001,25.919066753333333,24.205750065000004,0.009933333333332683,0.01719999750000234,0.6264285714285717,-0.8620312428734321,-0.17048733599480295,-0.6471752416004122,-0.4183729263094123,-0.08798916664378915,False
2021-09-09,CPF,Central Pacific Financial Corp,은행,23.870001,24.33,23.83,23.92,22.41963,186100.0,-5.474139412944057,25.2622001,25.934933413333336,24.241150064999996,0.007933330000001959,0.017699999999996052,0.6221429285714287,0.14466129223177443,-0.13597866163726954,0.9202007015142883,-0.3158501115104437,-0.08231403689761829,False
2021-09-10,CPF,Central Pacific Financial Corp,은행,23.98,24.209999,23.41,23.450001,21.979113,102100.0,-6.047756811377303,25.21000014,25.94673342,24.273750070000002,0.005900003333332293,0.016300002500003075,0.6328570000000001,-0.7426622443932852,-0.2542179473907523,0.4731632460047862,-0.2656122031890719,-0.07840870084540745,False
2021-09-13,CPF,Central Pacific Financial Corp,은행,23.6,24.32,23.379999,23.77,22.279037,112000.0,-4.5135949684694925,25.16200014,25.957800080000002,24.300400064999998,0.005533330000000447,0.013324997499998048,0.6707142142857142,0.4771018612462036,-0.2274474046857142,0.12064389111332624,-0.17763330516375095,-0.0774041367625553,False
2021-09-14,CPF,Central Pacific Financial Corp,은행,23.889999,23.940001,23.23,23.51,22.035349,121800.0,-4.569340421960666,25.11600016,25.964733419999998,24.32605007,0.0034666699999981176,0.012825002500001403,0.6964285714285712,-0.37333333333333063,-0.23898178888075394,0.4520534677848951,-0.11452714302005432,-0.07778596680378529,False
2021-09-15,CPF,Central Pacific Financial Corp,은행,23.610001,23.9,23.360001,23.780001,22.288412,96900.0,-3.917653228805762,25.085800159999998,25.976400086666665,24.357350075000003,0.005833333333333357,0.015650002500001037,0.706428571428571,0.3822056622851326,-0.22698737932977506,-0.7440140307833105,-0.15904284607701752,-0.07944274646110638,False
2021-09-16,CPF,Central Pacific Financial Corp,은행,23.889999,24.129999,23.52,23.65,22.166569,91200.0,-3.90136924326846,25.061800160000004,25.989933413333336,24.39365008,0.006766663333335643,0.018150002499998763,0.7107142142857139,-0.18291599828301505,-0.19091614786665487,0.018580077004551443,-0.16926151503163098,-0.07526412057274098,False
2021-09-17,CPF,Central Pacific Financial Corp,은행,23.610001,24.370001,23.530001,24.299999,22.775797,502200.0,-0.1712683399103132,25.06040012,26.00806674,24.43195008,0.009066663333332059,0.01914999999999978,0.7021428571428567,0.9257361139369299,-0.22690911436727237,2.1009460474785766,-0.03577391438635862,-0.05850016308576658,False
2021-09-20,CPF,Central Pacific Financial Corp,은행,23.76,23.76,23.120001,23.459999,21.988485,169900.0,-1.6191884219371344,25.0264001,26.01960006666667,24.463350074999997,0.005766663333334421,0.01569999749999873,0.7199998571428569,-1.1666668981481942,-0.19749731092855272,0.6355057090047704,0.16341451397298515,-0.05580007867773498,False
2021-09-21,CPF,Central Pacific Financial Corp,은행,23.57,23.879999,23.5,23.57,22.091583,105900.0,-0.7939263614587744,24.9912001,26.031466726666665,24.495350075,0.0059333299999977385,0.01600000000000179,0.7057140714285713,0.15587190967770603,-0.2026338199330335,0.23633104078731193,0.1511797914634061,-0.05493865796880139,False
2021-09-22,CPF,Central Pacific Financial Corp,은행,23.860001,24.360001,23.860001,24.08,22.569597,111400.0,0.5928838225309763,24.9782001,26.051600066666666,24.527100075000003,0.0100666700000005,0.015875000000001194,0.7149998571428571,0.7132868558015669,-0.11711709594813681,-0.16139825113563167,0.17725101036082094,-0.05168015512304789,False
2021-09-23,CPF,Central Pacific Financial Corp,은행,24.309999,25.040001,24.309999,24.780001,23.225687,88300.0,2.402948104869762,24.9780001,26.072333406666665,24.563500080000004,0.0103666699999998,0.018200002500000423,0.7414285000000002,0.9441247537692443,-0.009337300452070263,-0.10551587264326256,0.23689698218396243,-0.059656373932823525,False
2021-09-24,CPF,Central Pacific Financial Corp,은행,24.809999,25.360001,24.809999,25.190001,23.609972,90300.0,3.947091704499184,24.97920014,26.091066753333333,24.601900085,0.009366673333333964,0.019200002499998092,0.7342856428571432,0.5583658130706044,0.043517791007242956,0.43269969842525924,0.2774475870256879,-0.06958986739162056,False
2021-09-27,CPF,Central Pacific Financial Corp,은행,25.440001,26.27,25.290001,25.99,24.359793,111200.0,7.486070570685621,25.00620016,26.11346676,24.643150085000002,0.011200003333334152,0.02062500000000078,0.7671427857142861,1.0428293335967713,0.1440409913274769,1.282420720562953,0.3581743716798644,-0.06260518753502275,False
2021-09-28,CPF,Central Pacific Financial Corp,은행,26.1,26.1,25.450001,25.58,23.97551,130300.0,7.676029639016102,25.044000139999998,26.127666753333333,24.681650089999998,0.007099996666665831,0.019250002499997976,0.7571426428571433,-0.5415095872196943,0.1669353953027439,1.0583673129662396,0.47999883986319664,-0.055817532057247356,False
2021-09-29,CPF,Central Pacific Financial Corp,은행,25.700001,26.17,25.65,26.09,24.453518,78200.0,9.261939595760872,25.078000160000002,26.148000080000003,24.723550095,0.010166663333334824,0.02095000250000112,0.763571214285715,0.6679141257008786,0.20431059769339419,0.5463933934306474,0.45329831785722224,-0.06267501241630714,False
2021-09-30,CPF,Central Pacific Financial Corp,은행,26.190001,26.190001,25.66,25.68,24.069235,89600.0,8.416568367400078,25.09520016,26.16833342,24.76095009,0.01016666999999849,0.01869999750000062,0.7442856428571434,-0.5508637764744505,0.21801048825902525,0.3573146942969221,0.44502342130666056,-0.05882656356185104,False
2021-10-01,CPF,Central Pacific Financial Corp,은행,25.780001,26.52,25.780001,26.27,24.622231,114400.0,9.067138361397898,25.135200160000004,26.18713341333333,24.798850084999998,0.0093999966666658,0.01894999749999826,0.7371427142857149,0.8003877520131294,0.24110233759951996,-0.024857858764470442,0.43463043917253225,-0.05524729278210295,False
2021-10-04,CPF,Central Pacific Financial Corp,은행,26.17,26.49,25.879999,26.139999,24.500383,74700.0,9.306066416687809,25.16900012,26.208266746666666,24.83700008,0.010566666666667501,0.019074997500000634,0.7299998571428576,-0.1780835964938544,0.25504874737376826,0.7348876016477295,0.45483287730559185,-0.04955977914980031,False
2021-10-05,CPF,Central Pacific Financial Corp,은행,26.35,26.43,25.940001,26.139999,24.500383,105600.0,7.564583852603768,25.19440008,26.223066739999997,24.875100075,0.007399996666665132,0.019049997499999805,0.7264284285714293,0.0,0.2277483429248302,-0.7136430086319503,0.45700223603068896,-0.06891098743387616,False
2021-10-06,CPF,Central Pacific Financial Corp,은행,25.870001,26.129999,25.65,25.959999,24.331671,114100.0,5.753659165225322,25.21460004,26.237266733333332,24.90990007,0.007099996666667607,0.017399997500000097,0.7178570000000006,-0.25074631855648066,0.22290332004815408,-0.5217983027945946,0.41840378033075,-0.07718811666355949,False
2021-10-07,CPF,Central Pacific Financial Corp,은행,26.15,26.42,26.120001,26.4,24.744076,132100.0,6.0232076909668475,25.23440004,26.249666726666668,24.947350070000002,0.0061999966666679285,0.018725000000001657,0.6907142142857151,0.6370232303022964,0.20228097121710883,0.09849326037605777,0.2753714383948558,-0.0753321677313109,False
2021-10-08,CPF,Central Pacific Financial Corp,은행,26.25,26.559999,26.25,26.34,24.687838,33600.0,5.297919994926792,25.246200039999998,26.254133393333333,24.98605007,0.0022333333333328653,0.019349999999999312,0.6285714285714293,-0.09545454545454331,0.2787961392666553,0.04486761838621657,0.23318300335067338,-0.08591345772692359,False
2021-10-11,CPF,Central Pacific Financial Corp,은행,26.43,26.57,26.110001,26.129999,24.491009,56700.0,4.5635151059901125,25.25680002,26.261466713333334,25.020850065,0.003666660000000377,0.017399997500000097,0.6314285000000007,-0.33258080685302943,0.24390665951445994,0.16491949653945526,0.22808217876154077,-0.07502056504763739,False
2021-10-12,CPF,Central Pacific Financial Corp,은행,26.049999,26.290001,25.85,25.959999,24.331671,52400.0,3.524672568261966,25.27219998,26.262733373333333,25.055600059999996,0.0006333299999994324,0.01737499749999749,0.6064285000000006,-0.2803298327832573,0.1729340389012582,-0.10008762513894745,0.23246150918987535,-0.0791643587880713,False
2021-10-13,CPF,Central Pacific Financial Corp,은행,25.85,25.889999,25.559999,25.74,24.125469,69300.0,1.815751317649128,25.2744,26.2580667,25.088800060000004,-0.0023333366666662414,0.016600000000003945,0.5664284285714289,-0.38839681926780023,0.07775392654146931,-0.6208828693578449,0.19564958085311948,-0.08471565678686829,False
2021-10-14,CPF,Central Pacific Financial Corp,은행,26.07,26.1,25.690001,25.92,24.294182,74800.0,0.3281838665284198,25.28559998,26.25113337333333,25.124400065,-0.003466663333334452,0.017800002499997802,0.5542855000000004,0.32474239358598256,0.061066539435424894,-0.9237632906593916,0.09875936734707295,-0.09436098403366036,False
2021-10-15,CPF,Central Pacific Financial Corp,은행,26.43,26.5,25.77,25.77,24.153591,125100.0,-1.230044157953325,25.2868,26.247266706666665,25.158750065,-0.0019333333333335645,0.01717499999999994,0.5292855714285718,-0.2834008862080703,-0.03366419055063522,-0.8278511662703567,-0.05197433885530629,-0.09316884101731882,False
2021-10-18,CPF,Central Pacific Financial Corp,은행,25.719999,25.959999,25.639999,25.719999,24.106726,59900.0,-2.046402718182294,25.27559996,26.244066693333334,25.192300059999997,-0.0016000066666652657,0.01677499749999889,0.5057142142857146,-0.09887204786327994,-0.00204722345374848,-0.36430469335046733,-0.15359376787792822,-0.09510220660341777,False
2021-10-19,CPF,Central Pacific Financial Corp,은행,25.73,25.860001,25.5,25.82,24.200453,74500.0,-2.636511563497379,25.273599960000002,26.24040002,25.228550059999996,-0.0018333366666674067,0.018124999999999503,0.4892857142857144,0.20438160583941375,-0.03515668915813882,-0.37835018770203266,-0.2196468808159768,-0.09768495330842122,False
2021-10-20,CPF,Central Pacific Financial Corp,은행,25.870001,26.639999,25.76,26.620001,24.950275,99700.0,-0.3177314685181565,25.2768,26.238000026666665,25.267950065,-0.0011999966666671469,0.019700002500002256,0.5142855714285715,1.555557932099422,0.11530200431142348,1.2430326418735467,-0.15638131313193218,-0.0996480756304169,False
2021-10-21,CPF,Central Pacific Financial Corp,은행,26.540001,26.809999,26.200001,26.34,24.687838,184800.0,-1.8438127628079837,25.2672,26.23313336,25.29575006,-0.002433333333332399,0.013899997499999373,0.49785685714285727,-0.5624126613559003,0.017959117642207083,-0.8423227570733353,-0.2147716630111368,-0.10614658672343069,False
2021-10-22,CPF,Central Pacific Financial Corp,은행,26.370001,26.879999,26.370001,26.85,25.16585,121600.0,-0.051086130512911776,25.274800019999997,26.237066693333333,25.325250055,0.001966666666666228,0.014749997500000944,0.49285671428571476,1.0347835085074009,0.1045924822851539,1.1419865166909027,-0.18569316907948158,-0.09032573669307925,False
2021-10-25,CPF,Central Pacific Financial Corp,은행,26.93,27.379999,26.67,27.299999,25.587624,120000.0,1.033666555479984,25.29640002,26.24740002,25.357850045,0.005166663333334043,0.0162999949999989,0.5085710000000004,0.8848302400254789,0.1677946422869738,0.38443962886106253,-0.1072586949728378,-0.08771726644575628,False
2021-10-26,CPF,Central Pacific Financial Corp,은행,27.43,27.43,27.040001,27.08,25.38142,118800.0,0.001526904701276699,25.31760002,26.255000013333333,25.389950045,0.0037999966666664164,0.016049999999999898,0.5014281428571431,-0.4387448194400192,0.1543661779381496,-0.646221861592415,-0.11614609202982497,-0.09588086172629015,False
2021-10-27,CPF,Central Pacific Financial Corp,은행,27.450001,27.450001,26.52,26.540001,24.875294,94700.0,-1.3667883612069942,25.338600040000003,26.256200013333334,25.41720005,0.000600000000000378,0.013625002500001315,0.5349995714285717,-1.0093447337874997,0.03676846621744989,-0.3956882736079773,-0.15144477302868461,-0.09864286879603588,False
2021-10-28,CPF,Central Pacific Financial Corp,은행,26.889999,27.65,26.700001,27.59,25.859434,108700.0,1.5023095609861814,25.38540004,26.261266680000002,25.45215005,0.0025333333333339425,0.01747499999999924,0.5921424285714286,1.773220342499644,0.17024524392846327,0.628771830530328,-0.10973732930410522,-0.08932873085712859,False
2021-10-29,CPF,Central Pacific Financial Corp,은행,27.709999,27.950001,27.290001,27.49,25.765705,90800.0,0.9890698735431691,25.434600019999998,26.27000001333333,25.483450050000002,0.004366666666664187,0.01565000000000083,0.6064282142857144,-0.16489997932861206,0.18222244589449307,-0.4004670304209964,-0.15012208122985177,-0.0878912703671724,False
2021-11-01,CPF,Central Pacific Financial Corp,은행,27.809999,28.4,27.719999,28.18,26.412426,138200.0,3.3120870929951085,25.48640002,26.27820000666667,25.520700050000002,0.00409999666666927,0.018625000000000114,0.6399995714285716,1.0781257219591907,0.27925498551895367,0.8570493781555839,-0.08175515242309953,-0.08936696321100886,False
2021-11-02,CPF,Central Pacific Financial Corp,은행,28.309999,28.389999,27.610001,27.709999,25.971905,101400.0,1.2430848911893833,25.527599999999996,26.285066666666665,25.554600045,0.003433329999998236,0.01694999749999937,0.6671422857142859,-0.7044988903630749,0.25667626615500544,-1.176315391111513,-0.12142890397693297,-0.09319424275173702,False
2021-11-03,CPF,Central Pacific Financial Corp,은행,27.65,28.48,27.65,28.450001,26.665489,183400.0,3.1441395245046966,25.586,26.293200006666666,25.593300055,0.004066670000000272,0.019350004999999726,0.6971423571428572,1.0614790399952136,0.30930031232709343,0.17058699144717837,-0.04326102668360655,-0.08927540253502823,False
2021-11-04,CPF,Central Pacific Financial Corp,은행,28.459999,28.459999,27.620001,27.98,26.22497,97200.0,1.0363069272413927,25.632600000000004,26.297000006666668,25.632750055000002,0.001900000000000901,0.019725000000001103,0.7049993571428573,-0.666668693010966,0.28192404041260083,-1.26630324031273,-0.07457903197234748,-0.09097989316885426,False
2021-11-05,CPF,Central Pacific Financial Corp,은행,28.290001,28.91,27.950001,28.719999,26.918554,200100.0,3.2218745737699894,25.70139996,26.308533333333333,25.674700050000002,0.0057666633333326445,0.02097499749999976,0.7507135714285715,0.9857274840413751,0.3593954355486476,0.44488042159674335,-0.01678009519040386,-0.08547178869067217,False
2021-11-08,CPF,Central Pacific Financial Corp,은행,28.9,28.99,28.33,28.5,26.712353,85000.0,2.27975392833335,25.74939996,26.317666673333335,25.716850049999998,0.004566670000000883,0.021074999999997956,0.7721420714285715,-0.28492036393376713,0.3244452948505633,-0.41797832005206437,-0.019610676072548985,-0.08841172118074937,False
2021-11-09,CPF,Central Pacific Financial Corp,은행,28.24,28.719999,28.02,28.51,26.721725,120200.0,2.572652099007655,25.81599996,26.324266673333334,25.761750045,0.0032999999999994145,0.022449997500000762,0.7592849285714289,0.013170286441502603,0.2142747487321405,0.5190869045639385,-0.07132108588037815,-0.08521709760032437,False
2021-11-10,CPF,Central Pacific Financial Corp,은행,28.469999,28.99,28.469999,28.809999,27.002909,90100.0,4.246723937857899,25.88599996,26.33353333333333,25.81255004,0.004633329999998992,0.025399997500000993,0.7528565714285715,0.398480947613622,0.2829100065156778,1.5108414126012817,0.0967620690963802,-0.06922044374536196,False
2021-11-11,CPF,Central Pacific Financial Corp,은행,28.879999,29.15,28.610001,28.950001,27.134127,78100.0,4.356410215212914,25.96439996,26.342200006666666,25.855550045,0.004333336666666909,0.021500002499999837,0.7528565714285713,0.1859610519628466,0.22227983104820964,0.1092517173685302,0.022995297716210745,-0.07064896942427273,False
2021-11-12,CPF,Central Pacific Financial Corp,은행,28.92,28.92,28.309999,28.540001,26.749844,74200.0,1.8580220765991307,26.04119996,26.352400013333334,25.898850054999997,0.005100003333334158,0.02165000499999792,0.7478567857142855,-0.5482333086118956,0.11991814900268286,-1.546009365350951,-0.11489391615607593,-0.07299548891692155,False
2021-11-15,CPF,Central Pacific Financial Corp,은행,28.73,28.799999,28.23,28.379999,26.599878,247000.0,1.011482889997506,26.11699994,26.359000013333333,25.936950049999997,0.0032999999999994145,0.019049997499999805,0.7607139285714284,-0.21033136635275243,0.13623339565177334,-0.20881285527543467,-0.08365041570486305,-0.08098179029154345,False
2021-11-16,CPF,Central Pacific Financial Corp,은행,28.379999,28.379999,27.719999,27.950001,26.196852,196400.0,-1.0939188535453614,26.18859994,26.363066686666667,25.97155005,0.0020333366666669406,0.017300000000002314,0.7414281428571426,-0.5799591020958219,0.16690379791546459,-1.1233892211443104,-0.1356290548146011,-0.07923546598176436,False
2021-11-17,CPF,Central Pacific Financial Corp,은행,27.799999,27.809999,27.389999,27.65,25.91567,232600.0,-1.9238284096629532,26.264999940000003,26.36440001333333,26.00555005,0.0006666633333320959,0.01699999999999946,0.7021426428571428,-0.42726503375331903,0.009726271040252968,-0.035923580643716035,-0.18310729846989,-0.07726165756204305,False
2021-11-18,CPF,Central Pacific Financial Corp,은행,27.84,27.959999,27.5,27.780001,26.037516,165200.0,-1.8894554092981575,26.34219996,26.368133359999998,26.036750050000002,0.0018666733333336794,0.015600000000000946,0.687856857142857,0.1889942633413348,0.03500443123096346,-0.32406828843606555,-0.17765024547096633,-0.08209055175256658,False
2021-11-19,CPF,Central Pacific Financial Corp,은행,27.41,27.91,27.219999,27.75,26.009398,111500.0,-1.857407049287907,26.42819994,26.37900002,26.067100050000004,0.00543333000000068,0.015175000000001049,0.6721426428571426,-0.044634870765631565,-0.0451927539636667,0.16895458819554793,-0.22679987332525461,-0.07709264215107073,False
2021-11-22,CPF,Central Pacific Financial Corp,은행,27.950001,28.76,27.950001,28.5,26.712353,117700.0,1.0280980688138541,26.52279994,26.391266686666665,26.099050045000002,0.006133333333332658,0.015974997499998977,0.6885713571428571,1.0892117312460303,0.08292943329412653,1.5355246322167417,-0.03309701451609359,-0.06398116289678524,False
2021-11-23,CPF,Central Pacific Financial Corp,은행,28.43,29.07,28.43,28.84,27.031029,96700.0,1.8706346131593055,26.629399940000003,26.408933346666664,26.13090005,0.008833329999999862,0.015925002499999508,0.6749999285714284,0.5037037570056885,0.04308834165201759,0.2752737680094763,-0.0256193876187866,-0.0653908404060185,False
2021-11-24,CPF,Central Pacific Financial Corp,은행,28.690001,28.940001,28.42,28.530001,26.740471,58400.0,0.34754955745013305,26.724399939999998,26.41713336,26.16340005,0.004100006666668321,0.01624999999999943,0.6521429999999996,-0.4753543317953293,0.056753653167420204,-0.7789596703896565,0.009190867375718639,-0.07115436091119838,False
2021-11-26,CPF,Central Pacific Financial Corp,은행,27.559999,27.790001,26.299999,27.219999,25.51264,141700.0,-1.9704443023934037,26.79579992,26.41933336,26.191400039999998,0.0010999999999992127,0.013999994999998933,0.7428574999999995,-1.7634633829502941,-0.13961712304627044,0.8435241346268667,0.03766541830644173,-0.06059654882142979,False
2021-11-29,CPF,Central Pacific Financial Corp,은행,27.139999,27.48,26.889999,27.040001,25.578857,175400.0,-3.7594864918118587,26.85059996,26.422133359999997,26.218700045000002,0.0013999999999985135,0.013650002500002145,0.737857571428571,-0.24394680893699563,-0.13669044054650106,-1.5884150286682848,-0.045937203737574005,-0.06912943026718817,False
2021-11-30,CPF,Central Pacific Financial Corp,은행,26.629999,27.049999,26.629999,26.77,25.323448,168300.0,-2.6803346271248363,26.916799979999997,26.42346669333333,26.243900045,0.0006666666666674814,0.012599999999999056,0.7178576428571422,-0.37612053404540036,-0.164496927724137,1.4170479587175917,0.018202871559115503,-0.059977829479170734,False
2021-12-01,CPF,Central Pacific Financial Corp,은행,27.43,28.030001,26.799999,26.85,25.399126,150200.0,-1.194035141823535,26.98239998,26.4198667,26.26920004,-0.0017999966666657485,0.01264999750000051,0.7707147857142852,0.10379974730322479,-0.18554558488916537,1.075501115036264,-0.012892863981242897,-0.05361941797394008,False
2021-12-02,CPF,Central Pacific Financial Corp,은행,26.969999,27.959999,26.860001,27.809999,26.307249,163700.0,0.9302692768334841,27.056999960000002,26.425600019999997,26.30295004,0.0028666599999986886,0.016874999999998863,0.8114290714285709,1.1830966301341193,-0.11432161501978874,0.1283993435117443,-0.011525176399584749,-0.05512857662503385,False
2021-12-03,CPF,Central Pacific Financial Corp,은행,27.879999,28.18,27.65,27.879999,26.373465,355900.0,1.9071973107828821,27.11899992,26.424600006666665,26.334000035,-0.000500006666666053,0.015524997500000026,0.8035717857142853,0.08711107239507933,-0.06893987351929051,0.6729939032913526,0.14697505707486552,-0.05647978639187273,False
2021-12-06,CPF,Central Pacific Financial Corp,은행,28.370001,28.5,27.58,27.620001,26.12752,254400.0,-0.13204554371637478,27.16759992,26.418933353333333,26.360200045000003,-0.002833326666666025,0.013100005000001858,0.828571857142857,-0.313790527349731,-0.07632981359050328,-1.0793190977803233,0.08479603975308772,-0.07173249516352032,False
2021-12-07,CPF,Central Pacific Financial Corp,은행,27.959999,28.09,27.639999,27.780001,26.27887,147100.0,-1.4814528153753392,27.20339994,26.414133359999997,26.385950055,-0.002399996666667903,0.012875004999997941,0.815000357142857,0.1963189323755776,-0.020881382556831887,-1.0830033496810825,0.08768074485760402,-0.07863884522700597,False
2021-12-08,CPF,Central Pacific Financial Corp,은행,27.9,27.950001,27.450001,27.76,26.259953,73000.0,-1.7079983529540765,27.246999940000002,26.407333353333332,26.40750005,-0.0034000033333327906,0.010774997500000438,0.8107144999999998,-0.024670830483477298,0.007875346248156808,-0.2167496576151096,0.07476459650250449,-0.07634579641123111,False
2021-12-09,CPF,Central Pacific Financial Corp,은행,27.5,27.65,27.18,27.309999,25.834267,113200.0,-2.31825165528301,27.27139992,26.398733346666663,26.42885004,-0.004300003333334246,0.010674995000000465,0.819286,-0.5492599653844937,-0.044857098660830944,-0.10047585392128433,0.0907354846821317,-0.07042987533979159,False
2021-12-10,CPF,Central Pacific Financial Corp,은행,27.620001,27.620001,27.030001,27.450001,25.966703,170600.0,-2.4193453781131913,27.30679994,26.394533353333333,26.452950050000005,-0.0020999966666650494,0.012050005000002528,0.8121430714285715,0.17238588239598415,-0.02935561629214411,-0.4076594634995311,0.04954876670391178,-0.07662653282263615,False
2021-12-13,CPF,Central Pacific Financial Corp,은행,27.33,27.33,26.77,26.860001,25.408585,131500.0,-3.3597410954610663,27.318599959999997,26.390733360000002,26.470000050000003,-0.0018999966666655155,0.008524999999998784,0.7885717142857143,-0.7481881347144438,-0.1605984638607494,-0.17879954168349188,-0.07290296000324778,-0.07869029081340227,False
2021-12-14,CPF,Central Pacific Financial Corp,은행,26.83,27.530001,26.83,26.969999,25.51264,218400.0,-2.0356516551325865,27.33519996,26.39013336,26.490000050000003,-0.0003000000000010772,0.009999999999999787,0.7928575,0.13873615372245446,-0.1866675783809804,0.593322309625951,-0.050185207030642436,-0.08537185531246849,False
2021-12-15,CPF,Central Pacific Financial Corp,은행,27.030001,27.610001,26.82,27.07,25.607235,352900.0,-3.09245627382283,27.353799979999998,26.382466700000002,26.505750050000003,-0.00383332999999908,0.007875000000000298,0.8121432142857145,0.1231322237765053,-0.14391853869727791,-0.8133198611348856,-0.05263950636958736,-0.09227461044969204,False
2021-12-16,CPF,Central Pacific Financial Corp,은행,27.49,28.290001,27.290001,27.5,26.014,276700.0,-0.6790011672300533,27.3846,26.37553336,26.52410005,-0.0034666700000016704,0.009174999999999045,0.740000285714286,0.5810808567255373,0.0235489069938529,1.1067743084341486,-0.03383592252621009,-0.07906600448630635,False
2021-12-17,CPF,Central Pacific Financial Corp,은행,27.5,27.58,26.59,27.26,25.786968,1151500.0,-0.5179477130455079,27.401799999999998,26.367400026666665,26.537700045,-0.004066666666666663,0.006799997499999932,0.768571642857143,-0.31226757092911384,0.018668852565844458,0.3064399841849659,0.10151086410616496,-0.07795626992063366,False
2021-12-20,CPF,Central Pacific Financial Corp,은행,26.92,26.98,26.370001,26.85,25.399126,163900.0,-0.8612316187160185,27.412,26.359600026666666,26.543600044999998,-0.0038999999999997925,0.002949999999998454,0.8021430000000004,-0.5111308083471401,0.009025261544291618,0.17030095489624775,0.012457506690354678,-0.07760713342648695,False
2021-12-21,CPF,Central Pacific Financial Corp,은행,27.18,27.75,27.02,27.379999,25.900484,118000.0,-0.505078453967811,27.436999999999998,26.356533353333333,26.555350035,-0.0015333366666663295,0.005874995000000993,0.7764286428571433,0.6826113447459662,0.050368947075916,-0.43036646542446777,-0.09510446334255475,-0.08045003582644758,False
2021-12-22,CPF,Central Pacific Financial Corp,은행,27.49,27.66,27.16,27.639999,26.146435,87400.0,-0.3509341429632329,27.4706,26.356200006666665,26.564700030000004,-0.00016667333333408862,0.00467499750000222,0.7328572857142862,0.35477575930296795,-0.008796829412023378,-0.31934623669346723,-0.12708629050006987,-0.07598716910733624,False
2021-12-23,CPF,Central Pacific Financial Corp,은행,27.889999,28.209999,27.700001,27.719999,26.222113,99900.0,-0.5099633278600524,27.510199980000003,26.35333333333333,26.571100020000003,-0.0014333366666665626,0.003199994999999234,0.735714428571429,0.10873784296352809,-0.007252060085705608,-0.33888331399695937,-0.19936323459209213,-0.08286370267983251,False
2021-12-27,CPF,Central Pacific Financial Corp,은행,28.0,28.110001,27.639999,28.040001,26.524822,116500.0,-0.6745873846511596,27.552599999999998,26.355200006666667,26.57650003,0.0009333366666677279,0.002700004999997674,0.7035717142857146,0.45482499296446793,0.047649048508165745,-0.5560593584652309,-0.1619875389267284,-0.07791980208812362,False
2021-12-28,CPF,Central Pacific Financial Corp,은행,27.82,28.370001,27.82,28.16,26.638336,60300.0,-0.21209919609809225,27.6004,26.363066673333332,26.585550030000004,0.003933333333332456,0.004525000000002777,0.709286142857143,0.16918277793588435,0.04571075176247337,0.2507842641581429,-0.06671699508106944,-0.07036153034064817,False
2021-12-29,CPF,Central Pacific Financial Corp,은행,28.26,28.42,28.040001,28.24,26.714014,40800.0,-0.09432135460222257,27.650800020000002,26.367600013333334,26.595750025,0.0022666700000009143,0.005099997499998565,0.7007146428571431,0.1141691568964517,0.05562789371818259,0.00041208843657551675,-0.051205441791663364,-0.07452452306819013,False
2021-12-30,CPF,Central Pacific Financial Corp,은행,28.389999,28.540001,28.02,28.110001,26.591038,65700.0,-0.1992287284247718,27.69660004,26.371000019999997,26.604450025000002,0.0017000033333314235,0.00435000000000052,0.6964290000000002,-0.18666511589838727,0.08152752582433302,0.0567597870642893,-0.039974324578408105,-0.07387089777184602,False
2021-12-31,CPF,Central Pacific Financial Corp,은행,27.93,28.309999,27.889999,28.17,26.647797,53300.0,0.41812300669035185,27.72760002,26.37406669333333,26.610400025000004,0.0015333366666663295,0.00297500000000106,0.6842861428571432,0.0876811559408227,0.07547718822039294,0.3075444092478793,0.011111666332121212,-0.07237667050508856,False
2022-01-03,CPF,Central Pacific Financial Corp,은행,28.41,29.08,28.35,28.6,27.054562,104700.0,1.460791111572668,27.77280002,26.377200033333335,26.618050025,0.0015666700000025457,0.0038249999999973028,0.7007146428571429,0.6136592183184407,0.17275199915131328,0.0774338435947105,0.029414050994849953,-0.07607664091127708,False
2022-01-04,CPF,Central Pacific Financial Corp,은행,28.6,29.5,28.6,29.030001,27.461325,95800.0,3.0153545759318057,27.816400040000005,26.38340004,26.631900029999997,0.0031000033333334898,0.006925002499999167,0.7150002857142856,0.6013997596804118,0.20579939957688165,0.655949976254174,0.033887455754008734,-0.07040973680333201,False
2022-01-05,CPF,Central Pacific Financial Corp,은행,29.200001,29.559999,29.02,29.049999,27.480244,131600.0,4.899492186877463,27.851400039999998,26.388000026666667,26.648400024999997,0.0022999933333327505,0.008249997500000106,0.697143,0.028685649859499517,0.19905321572566695,1.7145946851603937,0.21445278048938585,-0.0644210258532301,False
2022-01-06,CPF,Central Pacific Financial Corp,은행,29.41,29.870001,29.190001,29.83,28.218094,317600.0,7.412245087912983,27.906400040000005,26.39793336,26.667850019999996,0.004966666666666342,0.009724997499999333,0.6685716428571428,1.166667788461177,0.24088085370678408,1.2517318048791632,0.22480688737831547,-0.04907224065623116,False
2022-01-07,CPF,Central Pacific Financial Corp,은행,29.99,30.43,29.690001,30.35,28.709997,177300.0,9.14037275187698,27.98260002,26.41060002,26.687800014999997,0.006333330000000359,0.009974997500000526,0.6507144285714287,0.7991216686889907,0.3202657993937915,1.1677464409165517,0.2863287771448573,-0.04314238495822367,False
2022-01-10,CPF,Central Pacific Financial Corp,은행,30.33,30.690001,30.08,30.309999,28.672159,141100.0,8.547311580108374,28.037000000000003,26.42206668,26.70520001,0.005733329999999981,0.008699997500000833,0.6307145714285713,-0.06342171532425156,0.35224502032399785,0.0662581063782259,0.27889714510785574,-0.044103134163851865,False
2022-01-11,CPF,Central Pacific Financial Corp,은행,30.27,30.379999,29.74,30.059999,28.435667,120700.0,6.120086306070527,28.088399980000005,26.435066666666668,26.724600005000003,0.00649999333333362,0.009699997500002056,0.6121430714285717,-0.4084012572691046,0.27431554875149283,-1.2398255687640019,0.22107863772646041,-0.04857162890718889,False
2022-01-12,CPF,Central Pacific Financial Corp,은행,30.08,30.219999,29.74,30.08,28.454588,128700.0,5.414889171944326,28.126399980000002,26.4538,26.74025,0.009366666666666745,0.007824997499998432,0.610714428571429,0.03275016777773368,0.25131372078540465,-0.22899252625691405,0.22753247418621422,-0.03674442049277843,False
2022-01-13,CPF,Central Pacific Financial Corp,은행,30.030001,30.620001,29.92,30.57,28.918108,121800.0,7.952411830171524,28.183600000000002,26.47586666666667,26.7597,0.011033333333333672,0.00972499999999954,0.6200002142857145,0.7903223074922929,0.2999983253946021,2.030449270439392,0.39677051593166784,-0.021091504223798723,False
2022-01-14,CPF,Central Pacific Financial Corp,은행,30.190001,30.969999,29.82,30.950001,29.277576,141300.0,8.537588607018275,28.233599999999996,26.501933333333334,26.778300005000002,0.013033333333332564,0.009300002500001625,0.6685714285714288,0.5683775641025639,0.30810922333303753,0.4965546257132524,0.47195722908727383,-0.013337449524646076,False
2022-01-18,CPF,Central Pacific Financial Corp,은행,30.77,30.889999,30.110001,30.35,28.709997,105500.0,7.782854691207097,28.281,26.520866666666663,26.793000005000003,0.009466666666664736,0.007350000000000634,0.6892856428571432,-0.8704678622246469,0.23384846332157108,0.6081036779539488,0.4974800443584028,-0.016945349863803447,False
2022-01-19,CPF,Central Pacific Financial Corp,은행,30.42,30.5,29.59,29.6,28.000525,166200.0,5.588004626076115,28.29860002,26.532266673333332,26.806050004999996,0.005700003333334536,0.006524999999996339,0.7271428571428574,-1.0314341846758346,0.15201965320926486,-0.31545796829977346,0.4749178974486637,-0.028901568790272794,False
2022-01-20,CPF,Central Pacific Financial Corp,은행,29.6,29.99,29.030001,29.15,27.574839,158200.0,4.6242917315146626,28.31160002,26.546600006666665,26.81615001,0.0071666666666665435,0.005050002500002648,0.7585712857142859,-0.5932204507006534,0.12297998643767445,0.13808007356227292,0.4807264893413768,-0.019518753534255317,False
2022-01-21,CPF,Central Pacific Financial Corp,은행,29.049999,29.940001,29.0,29.0,27.432945,191800.0,5.491092862865932,28.321400020000002,26.56473333333333,26.823550010000005,0.009066663333332059,0.003700000000002035,0.7957142142857142,-0.18850989124864198,0.10325205449556983,0.9574461932313874,0.5271480453401988,-0.01808611831614129,False
2022-01-24,CPF,Central Pacific Financial Corp,은행,28.57,29.700001,28.549999,29.540001,27.943768,227300.0,6.4495054058864465,28.33600006,26.581266680000002,26.834150015,0.008266673333336527,0.0053000024999967366,0.8128572142857146,0.6643245461929221,0.1068710064866042,0.5211695678556298,0.5588434542159787,-0.0099037256501115,False
2022-01-25,CPF,Central Pacific Financial Corp,은행,29.17,29.99,28.639999,29.67,28.066742,105800.0,7.417539256826444,28.35040004,26.59893334666667,26.844250014999997,0.00883333333333347,0.005049999999998889,0.8450001428571431,0.15384494440491395,0.07490280539549722,0.7448083880220027,0.5651904836279665,-0.000291466763862361,False
2022-01-26,CPF,Central Pacific Financial Corp,은행,30.459999,30.85,29.440001,29.809999,28.199177,178800.0,7.265979431488057,28.375799999999998,26.61866667333333,26.858250009999995,0.009866663333330195,0.006999997499999466,0.9071430000000004,0.15432958199534086,0.08387737197662874,0.2233845884333565,0.4586754767188924,0.001799547075982488,False
2022-01-27,CPF,Central Pacific Financial Corp,은행,29.629999,30.1,28.75,29.0,27.432945,172900.0,4.25450123426665,28.38820002,26.63213334,26.866300014999997,0.006733333333334812,0.004025002500000596,0.9450000000000005,-0.8571417989417998,-0.06068045569501245,-0.6208003056508793,0.3249231831096036,0.001737326594667968,False
2022-01-28,CPF,Central Pacific Financial Corp,은행,28.950001,29.23,28.16,28.9,27.33835,204900.0,0.9242602640092912,28.407200000000003,26.648000006666663,26.874100015000003,0.007933333333332016,0.0039000000000033452,0.9685715000000005,-0.10324483014418799,-0.12513520561166808,-1.0981014344722213,0.16307690629611987,0.0015814151607478047,False
2022-01-31,CPF,Central Pacific Financial Corp,은행,28.58,29.110001,28.4,29.1,27.527542,198800.0,-0.6714295159847783,28.4362,26.66780001333333,26.88235001,0.009900003333333629,0.004124997499998173,0.9757143571428577,0.20497802306164092,-0.10596379572696146,-0.5812143268979807,0.1168288753478194,0.0032844296523560313,False
2022-02-01,CPF,Central Pacific Financial Corp,은행,28.959999,29.15,28.610001,28.940001,27.376188,241500.0,-2.1943998134266285,28.459400000000002,26.687933353333335,26.890950020000002,0.010066670000002276,0.00430000500000105,0.9685715000000003,-0.16519069578239978,-0.0885916127636254,-0.45803084781585324,0.1726713554155443,0.002333602743042206,False
2022-02-02,CPF,Central Pacific Financial Corp,은행,28.780001,28.940001,28.4,28.610001,27.064022,171800.0,-4.3429625463297095,28.47660002,26.70493336666667,26.90340002,0.008500006666666948,0.006224999999998815,0.9728573571428571,-0.33920697374295555,-0.1151599800151032,-0.7416100507952754,0.13605581794851848,-0.002623806902913306,False
2022-02-03,CPF,Central Pacific Financial Corp,은행,28.860001,29.139999,28.610001,28.68,27.130238,145000.0,-1.8812084797513395,28.48020002,26.7216667,26.91350002,0.008366666666665523,0.005050000000000665,0.960714285714286,0.0728614126394044,-0.1664071867903095,1.106887001773309,0.07008708447236968,0.008763058899032877,False
2022-02-04,CPF,Central Pacific Financial Corp,은행,28.700001,28.940001,28.4,28.790001,27.234297,137000.0,-2.043873559136966,28.479200040000002,26.741533379999996,26.926500020000002,0.009933339999998125,0.0065000000000008384,0.9171430000000002,0.11993876636467862,-0.19843852948587276,-0.08816213019104036,0.028321601907777345,0.018687278981217467,False
2022-02-07,CPF,Central Pacific Financial Corp,은행,28.84,29.09,28.639999,28.959999,27.395107,141600.0,-1.076297934875603,28.487800000000004,26.766000033333334,26.93480002,0.012233326666668987,0.00414999999999921,0.8892859285714287,0.19116236357533364,-0.12260779907158845,0.3456627296406498,0.009575819885398842,0.024157095002251574,False
2022-02-08,CPF,Central Pacific Financial Corp,은행,29.219999,29.9,28.969999,29.65,28.047823,216400.0,0.38494547070977436,28.536400020000002,26.798000033333334,26.948600024999998,0.016000000000000014,0.006900002499998337,0.8914288571428572,0.7740393352438013,0.0063545952083855495,0.42108408645335066,0.062185966653479134,0.0344714052674604,False
2022-02-09,CPF,Central Pacific Financial Corp,은행,29.719999,29.780001,29.1,29.190001,27.61268,200600.0,-2.575723351109127,28.57940002,26.830133366666665,26.961450024999998,0.01606666666666534,0.006425000000000125,0.8714289999999999,-0.5278674453110923,0.01102266702192563,-1.1666961249790209,-0.031012333242327567,0.024232274053001365,False
2022-02-10,CPF,Central Pacific Financial Corp,은행,29.040001,29.51,28.969999,29.309999,27.726194,166600.0,-0.479385237631047,28.630200000000006,26.857800026666666,26.975150019999997,0.013833330000000643,0.006849997499999816,0.8428575714285714,0.14237043608283206,0.03465697611703092,0.9480832955847381,-0.031681111645659656,0.03226633170657311,False
2022-02-11,CPF,Central Pacific Financial Corp,은행,29.27,30.059999,29.25,29.620001,28.019445,175200.0,2.406748482234544,28.685600020000003,26.886400033333334,26.98630003,0.014300003333334033,0.005575005000000743,0.8185716428571429,0.3787108956254166,0.01425600107649481,1.2491953853903834,0.020320732463965603,0.04207901399010586,False
2022-02-14,CPF,Central Pacific Financial Corp,은행,29.75,29.9,29.030001,29.190001,27.61268,396700.0,1.3138162398464104,28.71320006,26.91613337333333,26.99750003,0.014866669999998194,0.00560000000000116,0.7842857857142859,-0.548269531122993,-0.03589503288978426,-0.3671311910630095,-0.059103523184963834,0.042235899037088666,False
2022-02-15,CPF,Central Pacific Financial Corp,은행,29.5,29.940001,29.5,29.809999,28.199177,104600.0,1.8313547413743025,28.75180006,26.949600026666666,27.00640002,0.01673332666666738,0.004449994999999873,0.7371429999999999,0.8410823951390742,0.013158739477625263,0.05390442178005961,-0.07120924937448504,0.04309427748692781,False
2022-02-16,CPF,Central Pacific Financial Corp,은행,29.66,30.129999,29.66,29.950001,28.331612,151000.0,2.092846289121386,28.79840006,26.981733373333334,27.013800030000002,0.016066673333334336,0.0037000050000006723,0.6742857857142857,0.2076300627510513,0.08921387245568604,0.16068248321204215,-0.015389050169990657,0.037666456276984825,False
2022-02-17,CPF,Central Pacific Financial Corp,은행,29.870001,29.870001,29.16,29.27,27.688356,116000.0,1.7937418512392833,28.828200040000002,27.012600046666666,27.01765003,0.015433336666665909,0.0019249999999981782,0.654285857142857,-1.0393026115059814,0.022352602358415092,0.12854565774495463,0.07222859927409334,0.03673202963982423,False
2022-02-18,CPF,Central Pacific Financial Corp,은행,29.09,29.74,28.809999,29.6,28.000525,83200.0,3.516973934458667,28.865000039999998,27.05200004,27.021750025000003,0.019699996666666664,0.002049997500002121,0.6700001428571424,0.49253720841424437,0.04289254416931534,0.8919113547016765,0.17745186224549742,0.039995950000739945,False
2022-02-22,CPF,Central Pacific Financial Corp,은행,29.5,29.59,29.129999,29.26,27.678896,171800.0,3.2987716608785522,28.904000059999998,27.084466713333335,27.025050025,0.016233336666667597,0.001649999999997931,0.6650002857142854,-0.5112779758204186,0.01817202416659971,0.03599239821181399,0.21273923696175936,0.04382640189253755,False
2022-02-23,CPF,Central Pacific Financial Corp,은행,29.6,29.75,28.77,28.940001,27.376188,83500.0,4.05520444891494,28.933800060000003,27.111933386666667,27.02935003,0.013733336666666318,0.002150002500000525,0.6964287857142855,-0.45948560220956247,0.009580693561842078,0.4672048670146438,0.29908315966246785,0.048437381791531994,False
2022-02-24,CPF,Central Pacific Financial Corp,은행,28.26,28.530001,27.41,28.389999,26.855906,262900.0,0.7519134428806806,28.964400020000003,27.139400046666665,27.034150025,0.0137333299999991,0.002399997499999529,0.7678575714285711,-0.7162812746337064,-0.04678664124338012,-1.4193374587797418,0.11863855533724996,0.045021862394855866,False
2022-02-25,CPF,Central Pacific Financial Corp,은행,28.5,29.139999,28.41,29.01,27.696049,110000.0,0.7656987305462826,29.00520004,27.16980004,27.04390003,0.015199996666666493,0.004875002500000392,0.7828574999999997,0.791971718991007,0.0012157125156433413,-0.26669281160623826,0.10588636380759296,0.04817217413669972,False
2022-02-28,CPF,Central Pacific Financial Corp,은행,28.379999,29.24,28.379999,29.190001,27.867897,227500.0,1.521190708800635,29.04760006,27.19860004,27.04875004,0.01440000000000019,0.0024250050000009793,0.8121432142857137,0.22163701774976902,0.003392473528103009,0.3376722555866527,0.1053156156608789,0.04823758736324038,False
2022-03-01,CPF,Central Pacific Financial Corp,은행,28.889999,29.120001,27.33,27.75,26.49312,441500.0,-1.9699708431525798,29.05260006,27.217266699999996,27.044800035,0.009333329999998696,-0.001975002500000045,0.8778574999999995,-1.6403584864286056,-0.16906451373421177,-0.9253439057590674,0.009142187645706163,0.03824221723583278,False
2022-03-02,CPF,Central Pacific Financial Corp,은행,27.690001,29.01,27.690001,28.719999,27.419184,362100.0,-0.5378522449597911,29.081800039999997,27.23933336,27.046000030000002,0.01103333000000184,0.0005999975000001712,0.9235716428571428,1.0502693618864605,-0.05634045607724371,0.2189092136431794,0.1081139975472919,0.03555536934234659,False
2022-03-03,CPF,Central Pacific Financial Corp,은행,29.02,29.049999,28.559999,28.969999,27.65786,184700.0,0.5484328680175343,29.124200020000004,27.26080002,27.050750025000003,0.010733330000000763,0.0023749975000004753,0.9200001428571427,0.27173908823927206,-0.047099838066069426,0.5164812118203054,0.07728527727840384,0.03897067202846461,False
2022-03-04,CPF,Central Pacific Financial Corp,은행,28.49,28.49,27.66,28.09,26.817717,122900.0,-1.788271237892547,29.13840004,27.27740002,27.052000025,0.008300000000000196,0.0006249999999994316,0.9557144285714284,-0.9207760955491654,-0.1399203374356824,-0.5397699795703341,-0.05049796307593313,0.032822295156459486,False
2022-03-07,CPF,Central Pacific Financial Corp,은행,28.08,28.219999,27.280001,27.389999,26.149426,156800.0,-1.4144853653639489,29.13340004,27.292066673333334,27.050500015,0.007333326666666196,-0.0007500050000004421,0.9607143571428571,-0.7286255220352775,-0.1528029082151313,0.6066418598984828,0.019057254849887757,0.03921001546385072,False
2022-03-08,CPF,Central Pacific Financial Corp,은행,27.57,27.950001,27.059999,27.07,25.843918,200200.0,-1.8799172193507574,29.120400059999998,27.301666679999997,27.045100015,0.004800003333331304,-0.002700000000000813,0.9707144999999999,-0.32965305452839044,-0.23642686890566453,-0.023067201528503833,0.013559281756418937,0.040842326605051056,False
2022-03-09,CPF,Central Pacific Financial Corp,은행,27.860001,28.25,27.51,27.68,26.426289,257600.0,-2.118226457481376,29.113200040000002,27.31713334,27.044700015000004,0.007733330000002425,-0.00019999999999775753,1.021428857142857,0.59720263015311,-0.20860025694837456,-0.4329826279409431,-0.028845369040222866,0.037055320946516083,False
2022-03-10,CPF,Central Pacific Financial Corp,은행,27.23,27.58,27.07,27.389999,26.149426,177600.0,-2.775452487567087,29.09780002,27.328333340000004,27.04675001,0.00560000000000116,0.0010249974999982925,1.0085716428571427,-0.28753634117499854,-0.15490266621044727,-0.10695974892877239,-0.04566718380263194,0.03760562905656467,False
2022-03-11,CPF,Central Pacific Financial Corp,은행,27.66,28.33,27.559999,28.01,26.741344,217300.0,0.6132269850180894,29.093200019999998,27.33986666666667,27.049000015,0.0057666633333326445,0.0011250025000002495,1.0092859285714284,0.6142966848627017,-0.14620556074984317,1.1486225794455525,-0.027330667749497932,0.04154066476496449,False
2022-03-14,CPF,Central Pacific Financial Corp,은행,28.549999,28.74,27.66,27.870001,26.607683,152700.0,0.8778206890636353,29.088400019999998,27.35286667333333,27.05035002,0.006500003333330895,0.0006750024999995219,1.0528572857142855,-0.1329705382672298,-0.1191836009246154,0.17091154275734652,-0.017693585996245615,0.04524930040424087,False
2022-03-15,CPF,Central Pacific Financial Corp,은행,28.120001,28.389999,27.52,27.85,26.588591,125200.0,-1.2345100497671013,29.08200002,27.362133346666663,27.051050025,0.00463333666666621,0.00035000249999939115,1.0450000714285712,-0.019139711610406503,-0.08773032302467569,-0.9028545926800841,-0.11555497597444046,0.03506222989052823,False
2022-03-16,CPF,Central Pacific Financial Corp,은행,28.08,28.629999,28.08,28.540001,27.247339,123600.0,-0.9149142842100999,29.08080004,27.37360002,27.053100035000003,0.005733336666668976,0.0010250050000024657,0.9914284999999998,0.6959664766546442,0.013144516353063638,-0.2992332144933709,-0.0355475299539854,0.031007921902516836,False
2022-03-17,CPF,Central Pacific Financial Corp,은행,28.389999,28.42,27.870001,28.41,27.123226,208800.0,-2.382489414196687,29.06840002,27.38653336,27.054650034999998,0.006466670000000008,0.0007749999999973056,0.9857142142857143,-0.13188508202065816,-0.052845255147769596,-0.7023003159611154,-0.06666235169361948,0.034192537319982445,False
2022-03-18,CPF,Central Pacific Financial Corp,은행,28.41,28.41,27.41,28.1,26.827269,466400.0,-4.280509646669762,29.049400040000002,27.399066699999995,27.053350029999997,0.006266669999996921,-0.0006500025000004683,0.9957141428571431,-0.3113343344812518,-0.09091463744998537,-0.8562756033692183,-0.15194434161903883,0.03265045689011955,False
2022-03-21,CPF,Central Pacific Financial Corp,은행,28.219999,28.74,27.98,28.27,26.989565,201300.0,-3.314501056692487,29.018200039999996,27.414066699999996,27.053000030000003,0.007500000000000284,-0.0001749999999969276,0.9171426428571429,0.18535829875972512,0.039493704349181105,0.20657078767280296,-0.07109329208819094,0.038982874291969054,False
2022-03-22,CPF,Central Pacific Financial Corp,은행,28.5,28.73,28.190001,28.299999,27.018208,227900.0,-3.9093461971536625,28.97720002,27.43280002666667,27.052250020000002,0.009366663333336689,-0.0003750050000004279,0.861428357142857,0.03482471844727669,-0.03303805589647487,-0.5318289579578479,-0.12471744720255006,0.03317610507702765,False
2022-03-23,CPF,Central Pacific Financial Corp,은행,28.190001,28.290001,27.42,27.48,26.235348,228500.0,-5.038000120718467,28.92060004,27.447666693333336,27.046700020000003,0.007433333333333181,-0.00277499999999975,0.8892854285714284,-0.9220875251686821,-0.11831138542561447,-0.29212968871008804,-0.18247536866900674,0.022950690355884425,False
2022-03-24,CPF,Central Pacific Financial Corp,은행,27.620001,28.17,27.370001,28.15,26.875002,131500.0,-3.8079201654570793,28.88240006,27.468466686666662,27.046900015000002,0.010399996666663469,9.999749999956009e-05,0.8528568571428572,0.7855949030468665,0.0035722573312449673,0.049885384012979705,-0.14035712841305575,0.026717384287112768,False
2022-03-25,CPF,Central Pacific Financial Corp,은행,28.33,28.84,28.190001,28.799999,27.495562,130900.0,-1.8729946664929997,28.85680004,27.489866680000002,27.05455001,0.010699996666669875,0.0038249974999988723,0.8349998571428571,0.7784420493485128,0.11121994100151571,0.4952997590038569,-0.1483101356198147,0.03155383248376794,False
2022-03-28,CPF,Central Pacific Financial Corp,은행,28.709999,28.709999,27.940001,28.219999,26.94183,172400.0,-4.15592930790043,28.80980002,27.50700000666667,27.059350005000002,0.008566663333333224,0.002399997500001305,0.8328567142857144,-0.6963983000334284,0.08502385203687014,-1.1206409183413941,-0.22670825824930688,0.0314899642364331,False
2022-03-29,CPF,Central Pacific Financial Corp,은행,28.65,28.809999,28.35,28.77,27.466921,190800.0,-3.296418131471779,28.766199999999998,27.5286,27.068,0.01079999666666609,0.004324997499999483,0.7907138571428572,0.6955752640877649,0.09205046874648835,-0.08621672231474486,-0.20193926499029272,0.033791404769180515,False
2022-03-30,CPF,Central Pacific Financial Corp,은행,28.76,28.889999,27.780001,28.059999,26.78908,153900.0,-4.751512203747755,28.720399980000003,27.544666659999997,27.070749995,0.008033329999998173,0.0013749974999992531,0.8264280000000002,-0.8591202137391257,0.05122304927762211,-0.4454194414906267,-0.22611495731613945,0.031627236412481836,False
2022-03-31,CPF,Central Pacific Financial Corp,은행,28.059999,28.41,27.780001,27.9,26.636324,160500.0,-3.42596642866837,28.68639998,27.562133320000004,27.0708,0.008733330000003647,2.5002499999260408e-05,0.8042850000000004,-0.19893321397266217,-0.006864800639189587,0.8423242394642007,-0.24799341017195026,0.03616512172644891,False
2022-04-01,CPF,Central Pacific Financial Corp,은행,28.190001,28.370001,27.73,27.92,26.65542,209000.0,-3.422321058385458,28.66179998,27.574266653333332,27.0754,0.006066666666663778,0.0022999999999999687,0.7728565000000004,0.025878025222021313,0.00448152532432835,-0.20823900257466063,-0.2750755919813794,0.03322939745298608,False
2022-04-04,CPF,Central Pacific Financial Corp,은행,27.790001,27.809999,27.23,27.75,26.49312,117600.0,-4.431930958900521,28.63679998,27.591399986666662,27.082749995,0.008566666666665057,0.0036749975000009982,0.759999428571429,-0.2236843787100613,-0.010128808039932708,-0.8153947731907034,-0.2688284620178522,0.04214764755188834,False
2022-04-05,CPF,Central Pacific Financial Corp,은행,27.67,27.92,27.299999,27.370001,26.130331,139100.0,-4.208299576058538,28.59339998,27.60513333333333,27.084300005,0.006866673333334461,0.0007750049999994957,0.7485710000000007,-0.5076325425377168,-0.09610016655367278,0.4480762009897582,-0.21544921805477155,0.042417374519010606,False
2022-04-06,CPF,Central Pacific Financial Corp,은행,27.27,27.51,27.18,27.24,26.006218,135700.0,-3.428278813117347,28.544799980000004,27.619866659999996,27.085400005,0.007366663333332468,0.0005500000000004945,0.7242852857142863,-0.1794886663641023,-0.0995004225782045,0.5527727669138952,-0.12580114070655649,0.0496118284030995,False
2022-04-07,CPF,Central Pacific Financial Corp,은행,27.24,27.26,26.780001,27.01,25.786636,135900.0,-4.323694230014052,28.4888,27.635266653333336,27.086200005000002,0.007699996666669762,0.0004000000000008441,0.687142357142858,-0.3347195782782745,-0.10117079713513467,-0.6536437789982953,-0.11132743896577628,0.0515245997308925,False
2022-04-08,CPF,Central Pacific Financial Corp,은행,27.01,27.309999,26.9,27.049999,25.824821,133200.0,-3.4382847216950396,28.449799979999998,27.651666646666666,27.086550000000003,0.008199996666665044,0.00017499750000027348,0.6621422857142869,0.060408466371920565,-0.11009578516283502,0.26284759744302005,-0.10730766683933221,0.05417697550957193,False
2022-04-11,CPF,Central Pacific Financial Corp,은행,26.879999,27.469999,26.879999,27.02,25.796185,84200.0,-1.4513752455323825,28.41219998,27.66933330666667,27.089049999999997,0.008833330000001638,0.0012499999999970868,0.6657137857142867,-0.04506290938201358,-0.11580204429349861,1.2112596196324583,0.01719866013140395,0.06123706807109178,False
2022-04-12,CPF,Central Pacific Financial Corp,은행,27.049999,27.309999,26.52,26.709999,25.500223,146400.0,-1.884924672490984,28.36439996,27.6885333,27.09195,0.009599996666665334,0.0014500000000019497,0.6592852142857156,-0.470207723884513,-0.08352491563034367,-0.22975613943093315,0.021653913651343587,0.06401986208555496,False
2022-04-13,CPF,Central Pacific Financial Corp,은행,26.51,26.99,26.51,26.889999,25.67207,182900.0,-1.9178275182785476,28.32339992,27.708333293333332,27.096799995,0.00989999666666641,0.0024249975000003587,0.6364281428571437,0.2828284732851664,-0.11943680347046512,-0.5035221971506594,-0.017875199288916347,0.05452837609445532,False
2022-04-14,CPF,Central Pacific Financial Corp,은행,26.870001,27.09,26.5,26.58,25.376112,164000.0,-1.546399162789247,28.2827999,27.72919995333333,27.0994,0.010433329999999685,0.0013000024999989535,0.6292852857142864,-0.4926207668245872,-0.21022700462568653,0.3477521869573096,-0.02841431157795545,0.05369230236747214,False
2022-04-18,CPF,Central Pacific Financial Corp,은행,26.379999,26.67,26.290001,26.42,25.22336,103500.0,-1.8954176115866028,28.2375999,27.746866620000002,27.10065,0.008833333333335247,0.0006250000000012079,0.5949996428571437,-0.2689077244344023,-0.1796919635114704,-0.2546178934722013,0.03344447591270118,0.05119055713690195,False
2022-04-19,CPF,Central Pacific Financial Corp,은행,26.719999,27.67,26.719999,27.469999,26.2258,160000.0,0.5396366258503704,28.211199859999997,27.77326661333333,27.10895,0.013199996666664049,0.00414999999999921,0.6421425000000008,1.6351495189930558,-0.11257951673252102,0.5385016356558332,0.07806721576774248,0.05176687825604155,False
2022-04-20,CPF,Central Pacific Financial Corp,은행,28.75,28.75,27.24,27.35,26.111237,215700.0,0.27675167310448057,28.178999880000003,27.797066606666668,27.119249995,0.011899996666668855,0.005149997500000225,0.6707140714285723,-0.1789123042318328,-0.06399323748200011,-0.13547687740769154,0.10020597034509497,0.055823792611879,False
2022-04-21,CPF,Central Pacific Financial Corp,은행,27.299999,27.5,26.77,26.82,25.605242,200500.0,-0.14309542122706853,28.12239988,27.81819994,27.129099995,0.010566666666665725,0.004925000000000068,0.6778570000000007,-0.7818758233668762,-0.10563199529587254,0.19245009666471402,0.05378638871656022,0.0569829260762801,False
2022-04-22,CPF,Central Pacific Financial Corp,은행,26.75,26.799999,25.700001,25.799999,24.631441,167600.0,-1.0478993856258612,28.05459984,27.828199939999994,27.136249985,0.004999999999997229,0.003574994999999248,0.7121425714285723,-1.4322988695281313,-0.2097874877780263,0.22394045641914984,0.08465635007326097,0.04446955546921725,False
2022-04-25,CPF,Central Pacific Financial Corp,은행,25.74,25.780001,24.950001,25.559999,24.402309,164000.0,-2.2115512084962985,27.979599839999995,27.842199939999997,27.13824998,0.0070000000000014495,0.0009999975000010153,0.7235710000000007,-0.3316882517403243,-0.21750205013733082,-0.6460030353590662,0.09675575991837793,0.035926163840125,False
2022-04-26,CPF,Central Pacific Financial Corp,은행,25.26,25.540001,24.92,24.959999,23.829485,160000.0,-1.588220430716969,27.8863998,27.851466600000002,27.136399975,0.004633330000002545,-0.0009250025000007156,0.7249994285714292,-0.8275868591817622,-0.24035592989761975,0.6759238509822841,0.1130305920607012,0.03885678257475815,False
2022-04-27,CPF,Central Pacific Financial Corp,은행,24.98,25.34,24.74,24.809999,23.686279,156700.0,-2.1574250804659245,27.798799759999998,27.856333260000003,27.13679997,0.0024333300000005664,0.00019999749999932703,0.7442851428571434,-0.20153566336710993,-0.2419307153978346,-0.31019059839778484,0.05139035168129548,0.03786483359301046,False
2022-04-28,CPF,Central Pacific Financial Corp,은행,25.09,25.299999,24.860001,25.16,24.020428,99900.0,-2.990393795265045,27.705799779999996,27.858866586666668,27.138649965,0.001266663333332474,0.0009249975000003019,0.7449995000000003,0.4698003153022234,-0.18446500871351335,-0.7562401290888117,0.0440620409605443,0.03352667188337347,False
2022-04-29,CPF,Central Pacific Financial Corp,은행,24.93,25.08,24.07,24.18,23.084816,173100.0,-3.013153801009172,27.59039976,27.852133246666664,27.13389997,-0.0033666700000019034,-0.002374997499998699,0.793571,-1.234924159274974,-0.2769887676882915,0.4408031971090154,0.05677315522240112,0.033580695207931846,False
2022-05-02,CPF,Central Pacific Financial Corp,은행,24.450001,24.879999,24.16,24.85,23.724468,341600.0,-0.7552985106428434,27.50199976,27.844533246666664,27.134949975000005,-0.0038000000000000256,0.0005250025000016478,0.802856642857143,0.8345200926726576,-0.21416141039867215,0.5871455613725343,0.012193579632406542,0.02894552747999572,False
2022-05-03,CPF,Central Pacific Financial Corp,은행,24.879999,24.93,24.58,24.709999,23.590809,122100.0,-1.6772390030407203,27.404199740000003,27.838733239999996,27.140049965,-0.002900003333333956,0.002549994999997196,0.771428142857143,-0.18148287860160126,-0.19353820716417844,-0.3995422073193691,6.600335466111495e-05,0.01922613067809166,False
2022-05-04,CPF,Central Pacific Financial Corp,은행,24.889999,25.18,24.49,25.16,24.020428,169300.0,-2.629817254581257,27.322199740000002,27.832533240000007,27.143899969999996,-0.0030999999999945516,0.001925002499998385,0.7864281428571432,0.5722086678703006,-0.1728681932652403,-0.6854609079524944,-0.012929618845469957,0.011013768668870716,False
2022-05-05,CPF,Central Pacific Financial Corp,은행,25.01,25.049999,24.129999,24.4,23.294851,219600.0,-1.9212250224621585,27.23139972,27.823999906666668,27.141799969999997,-0.0042666666666697495,-0.0010499999999993292,0.8178567857142861,-0.9292580477109393,-0.2040565704714083,0.4897329907105652,-0.002788132863094555,0.011896557311628335,False
2022-05-06,CPF,Central Pacific Financial Corp,은행,24.4,24.450001,23.85,24.0,22.912968,243700.0,-2.831632433589848,27.14359974,27.808866573333333,27.14044997,-0.007566666666667388,-0.000674999999999315,0.8335712142857145,-0.4798630196734394,-0.21912480584562524,-0.2689981669316195,-0.0038152952530529955,0.010268955257180676,False
2022-05-09,CPF,Central Pacific Financial Corp,은행,23.879999,24.049999,23.51,23.780001,22.702934,195000.0,-0.47867466988693597,27.038999759999996,27.793133253333334,27.137099969999998,-0.00786665999999947,-0.0016750000000005372,0.7828568571428571,-0.28102072300026565,-0.3559941088451482,0.8537804941220812,0.018704623208821863,0.011061574540343021,False
2022-05-10,CPF,Central Pacific Financial Corp,은행,23.93,24.139999,23.370001,23.76,22.683838,232000.0,-0.6526630135251343,26.93039974,27.777266593333334,27.131549964999998,-0.007933330000000183,-0.0027750024999999567,0.7299995714285714,-0.02739864622229315,-0.3451717047016097,-0.10814790423887952,0.020656692720879864,0.015098208569630159,False
2022-05-11,CPF,Central Pacific Financial Corp,은행,23.91,24.23,23.5,23.57,22.502443,135000.0,0.27335085455897357,26.84679974,27.761333266666668,27.124649959999996,-0.007966663333332846,-0.003450002500001048,0.7299995714285714,-0.26027412540555483,-0.30791444056151523,0.2845472685035447,0.0272350621379392,0.020473845711617755,False
2022-05-12,CPF,Central Pacific Financial Corp,은행,23.57,23.790001,23.17,23.73,22.655197,233000.0,1.092895826661855,26.746999760000005,27.743533266666667,27.11624996,-0.008900000000000574,-0.004199999999997317,0.6942854285714285,0.23045276973365034,-0.18914646632853085,0.2731415946185865,0.030749429152184676,0.021638167939901278,False
2022-05-13,CPF,Central Pacific Financial Corp,은행,23.950001,24.1,23.549999,23.74,22.664743,118200.0,-1.0969979588693168,26.64239978,27.726199933333337,27.106199959999998,-0.008666666666664824,-0.0050250000000016115,0.6728570714285714,0.014861997331419265,-0.1643928771091206,-0.7654370522660412,0.022218427944543602,0.01623613680221956,False
2022-05-16,CPF,Central Pacific Financial Corp,은행,23.49,23.860001,23.370001,23.639999,22.569275,407900.0,-1.0257454073750782,26.55339976,27.709599933333337,27.096399954999995,-0.008300000000000196,-0.0049000025000012215,0.6621428571428574,-0.15102632146709644,-0.11606712441521591,-0.014173797583747677,-0.027074261238744384,0.015042181508064877,False
2022-05-17,CPF,Central Pacific Financial Corp,은행,24.040001,24.370001,23.940001,24.32,23.218473,135900.0,-0.0171548476398109,26.49199978,27.698666606666666,27.092049949999996,-0.00546666333333512,-0.0021750024999995787,0.6714287142857144,1.012767231326122,-0.02933120336569934,0.31818394487426693,0.017809634709259312,0.017830658641486304,False
2022-05-18,CPF,Central Pacific Financial Corp,은행,24.02,24.26,23.59,23.82,22.741121,224200.0,2.1029846707269817,26.426999780000003,27.685866606666664,27.082999955000002,-0.0064000000000010715,-0.004524997499997241,0.6885715714285716,-0.7261409281865292,-0.11475557790061024,0.6487546263108559,0.1181664029520927,0.026294908612610978,False
2022-05-19,CPF,Central Pacific Financial Corp,은행,23.59,23.85,23.129999,23.17,22.120562,267500.0,0.03791621068720552,26.33679978,27.667533273333333,27.07204995,-0.009166666666665435,-0.00547500250000077,0.6621430714285717,-0.9816609552337768,-0.09666534904052473,-0.7798634353281995,0.030975929206577373,0.027254240981485593,False
2022-05-20,CPF,Central Pacific Financial Corp,은행,23.34,23.51,22.629999,23.049999,22.005997,643300.0,-0.384476960571134,26.249999780000003,27.649399933333335,27.058749950000003,-0.009066669999999277,-0.0066499999999987125,0.6735717857142858,-0.17815621518758773,-0.16899937103054224,-0.18310159500414136,-0.02404172482032804,0.03155257145659369,False
2022-05-23,CPF,Central Pacific Financial Corp,은행,23.450001,24.15,23.389999,23.780001,22.702934,185700.0,0.8686906775930536,26.1653998,27.63646661333333,27.04624995,-0.006466660000002733,-0.006250000000001421,0.7271432857142857,1.003931431867524,-0.08432692028274759,0.38646575821266904,0.03210170128910326,0.036557707800347936,False
2022-05-24,CPF,Central Pacific Financial Corp,은행,23.66,23.66,23.120001,23.57,22.502443,172200.0,0.7949123759646959,26.079399780000003,27.621466613333336,27.03449995,-0.0074999999999967315,-0.0058749999999996305,0.7250004285714284,-0.2896563804986891,-0.14588870945196114,-0.003934635663139507,0.08078214930977146,0.03905381148060722,False
2022-05-25,CPF,Central Pacific Financial Corp,은행,23.639999,24.08,23.33,23.690001,22.61701,116400.0,0.3390002312586571,25.9961998,27.60193328,27.02064996,-0.00976666666666759,-0.006924995000000322,0.705000357142857,0.17021409816914773,-0.06735498474624062,-0.18665269115618155,0.032468886319289555,0.029522575927075703,False
2022-05-26,CPF,Central Pacific Financial Corp,은행,23.950001,24.17,23.9,23.99,22.903421,106500.0,-0.4080442342330626,25.905199780000004,27.586266613333336,27.006499959999996,-0.007833333333332249,-0.007075000000002163,0.6964287857142859,0.4307676623278982,-0.0023099360318593726,-0.32370923526564355,0.028560952866859262,0.032979999405793645,False
2022-05-27,CPF,Central Pacific Financial Corp,은행,23.68,24.02,23.68,23.99,23.154366,93400.0,-2.7449178745022063,25.81679978,27.567199946666666,26.994099965,-0.009533333333335392,-0.006199997499997778,0.6821431428571432,0.0,0.01776297275387389,-0.9893382244803882,-0.10309038417617426,0.01877116779798504,False
2022-05-31,CPF,Central Pacific Financial Corp,은행,23.870001,24.25,23.690001,24.139999,23.299139,298600.0,-1.404064676436323,25.737599760000002,27.54613328,26.983699965,-0.010533333333333061,-0.0052000000000003155,0.6671432142857147,0.22483778113609298,0.03577986042233004,0.4907633768758498,-0.060311006953693604,0.01947999278475029,False
2022-06-01,CPF,Central Pacific Financial Corp,은행,24.23,24.23,23.620001,24.0,23.164017,109800.0,-1.1818272423911758,25.652199760000002,27.525599946666667,26.973599965000002,-0.010266666666666424,-0.005049999999998889,0.6585717142857147,-0.21257973423872617,0.03918660264853208,0.10902910869539317,-0.07284801836856157,0.024514999253335678,False
2022-06-02,CPF,Central Pacific Financial Corp,은행,23.98,24.25,23.73,24.25,23.405308,78000.0,-1.9221285006777888,25.57119978,27.510333273333334,26.967399965,-0.007633336666666324,-0.003100000000001657,0.6514287857142863,0.38377180358383617,0.050137962209259646,-0.40409769875102947,-0.12122225360924842,0.024458936419048664,False
2022-06-03,CPF,Central Pacific Financial Corp,은행,24.16,24.16,23.85,23.959999,23.125408,152200.0,-1.441104008548355,25.50079976,27.48613326666667,26.960949959999997,-0.012100003333332054,-0.0032250025000006843,0.6407144285714289,-0.45262130376336596,0.016746297845346418,0.27567459064934396,-0.04685713625814948,0.0221049548198421,False
2022-06-06,CPF,Central Pacific Financial Corp,은행,24.219999,24.219999,23.889999,23.950001,23.115759,151900.0,-1.7825233314412325,25.416799779999998,27.46253327333333,26.955549960000003,-0.011799996666669088,-0.00269999999999726,0.6292858571428575,-0.015887851103778754,0.026399045728440537,-0.1536125453790355,-0.05681704681495575,0.02375065138678851,False
2022-06-07,CPF,Central Pacific Financial Corp,은행,23.799999,23.879999,23.58,23.83,22.999939,262300.0,-3.007505488648443,25.317399800000004,27.433533273333328,26.946749960000002,-0.014500000000001734,-0.004400000000000404,0.6035715000000005,-0.19881820132329298,-0.060142770889374815,-0.6175585519348552,-0.12365579658703592,0.013919931852852247,False
2022-06-08,CPF,Central Pacific Financial Corp,은행,23.84,23.84,23.42,23.469999,22.652477,121400.0,-3.237060285326787,25.222399799999998,27.40526660666667,26.935849955,-0.014133333333328224,-0.005450002500001716,0.5814286428571432,-0.6191662630016819,-0.052501723376171434,-0.09028208680393512,-0.1764441332380924,0.021160153881569433,False
2022-06-09,CPF,Central Pacific Financial Corp,은행,23.27,23.32,22.84,22.870001,22.073378,106100.0,-3.1677404214967786,25.104399819999998,27.368066606666666,26.922549955,-0.018600000000002836,-0.0066499999999987125,0.574999928571429,-1.0434749122329126,-0.05691700601896684,0.07929012136674984,-0.11507602204559601,0.020551508081033242,False
2022-06-10,CPF,Central Pacific Financial Corp,은행,22.530001,22.76,22.09,22.309999,21.532881,121100.0,-2.442026744182124,24.98939982,27.3302666,26.90584995,-0.018900003333332194,-0.008350002500000286,0.5678570714285718,-0.9861671680713364,-0.11463207408209175,0.37166769757207296,-0.07544964400443786,0.0314713143335986,False
2022-06-13,CPF,Central Pacific Financial Corp,은행,21.93,22.190001,21.530001,21.65,20.895872,297100.0,-1.4039448657561904,24.86439982,27.283133273333334,26.887699944999998,-0.023566663333333793,-0.009075002500001261,0.5449997142857149,-1.2110079743161106,-0.2728420316666371,0.4277607180362377,-0.07250000401704011,0.03135718297652856,False
2022-06-14,CPF,Central Pacific Financial Corp,은행,21.68,22.0,21.549999,21.639999,20.886221,161000.0,-0.9873416584685879,24.738799799999995,27.237399933333332,26.865399939999996,-0.022866670000000866,-0.011150002500000866,0.5299997857142864,-0.018869818950059732,-0.25350013441316355,0.13762602933909163,-0.06238852794545217,0.0350612119724696,False
2022-06-15,CPF,Central Pacific Financial Corp,은행,21.92,22.370001,21.860001,22.059999,21.291592,162400.0,-0.409023864241731,24.62499978,27.194399926666666,26.849799935,-0.02150000333333324,-0.0078000024999980155,0.5285713571428577,0.7945947019722593,-0.20890151985579847,0.21061827377693343,-0.03401203045022966,0.03300475443388957,False
2022-06-16,CPF,Central Pacific Financial Corp,은행,21.719999,21.719999,21.16,21.280001,20.538763,130300.0,-0.4743505173757767,24.50319978,27.14419994,26.829649945,-0.025099993333332904,-0.010074995000000087,0.5585713571428575,-1.3964160353473227,-0.3394146411183142,-0.1285434897043285,-0.020071620052992872,0.022075521751852165,False
2022-06-17,CPF,Central Pacific Financial Corp,은행,21.549999,21.84,21.549999,21.65,20.895872,280700.0,1.0757132691445515,24.391399779999997,27.095533266666667,26.81274994,-0.024333336666666483,-0.008450002500000053,0.574285571428572,0.644277025939558,-0.2933948535512029,0.5593799639696224,0.09055110769343645,0.025076376729192777,False
2022-06-21,CPF,Central Pacific Financial Corp,은행,21.99,22.129999,21.73,21.879999,21.117861,249100.0,-0.2085413982935047,24.288799759999996,27.051133253333333,26.79864993,-0.022200006666666994,-0.00705000499999997,0.5685712857142864,0.40452095590979265,-0.28056034106736727,-0.5132359049698143,0.018836873275889027,0.03196153313173369,False
2022-06-22,CPF,Central Pacific Financial Corp,은행,21.65,21.85,21.620001,21.700001,20.944134,157600.0,-0.719096361201943,24.181799800000004,27.006599933333334,26.784199934999997,-0.02226665999999966,-0.0072249975000016065,0.5435712142857151,-0.33113968376071806,-0.28902890889036664,-0.2808286758772229,-0.009010111336440692,0.031481427661055106,False
2022-06-23,CPF,Central Pacific Financial Corp,은행,21.58,21.780001,21.190001,21.379999,20.635277,90600.0,-2.8164264508402037,24.06899978,26.96279992,26.769249925000004,-0.021900006666667693,-0.007475004999996315,0.5485712142857151,-0.58333720703276,-0.3581081239344092,-0.9636092223509802,-0.048975220165008604,0.03254662765301064,False
2022-06-24,CPF,Central Pacific Financial Corp,은행,21.450001,22.0,21.450001,21.950001,21.185423,177700.0,-2.8972639081836338,23.97379982,26.92479992666667,26.75984993,-0.018999996666664742,-0.004699997500001274,0.5642855714285722,1.0101303823114858,-0.2536258606433484,-0.18474946521145985,-0.0818626527264946,0.031554455089225684,False
2022-06-27,CPF,Central Pacific Financial Corp,은행,22.129999,22.18,21.9,22.030001,21.262636,65100.0,-2.029424624815235,23.876599860000002,26.886466593333335,26.750399935,-0.019166666666666998,-0.0047249975000003275,0.5607141428571436,0.14267519558603386,-0.24229992873693323,0.26444769345037245,-0.0520012070958226,0.0354778949684686,False
2022-06-28,CPF,Central Pacific Financial Corp,은행,22.309999,22.389999,21.870001,21.940001,21.175772,89900.0,-0.39959554927926355,23.78379988,26.84773326666667,26.742849935,-0.019366663333332923,-0.003775000000000972,0.5714282142857149,-0.1575000984375611,-0.23934863567366665,0.6405730190657613,0.03786533368993572,0.03862201784093669,False
2022-06-29,CPF,Central Pacific Financial Corp,은행,22.02,22.059999,21.41,21.49,20.741446,130100.0,-2.1908803540428234,23.68519988,26.800999933333333,26.731449935,-0.023366666666667868,-0.00569999999999915,0.5878567142857152,-0.7654943612352567,-0.2498006426903506,-0.7375382457948004,-0.008367249095126086,0.02346826532085974,False
2022-06-30,CPF,Central Pacific Financial Corp,은행,21.17,21.6,21.01,21.450001,20.702841,135200.0,-1.3513180741699493,23.56479992,26.751733273333333,26.72114994,-0.024633330000000342,-0.005149997500000225,0.5849996428571436,-0.06837440071696906,-0.18015060615349748,0.28097222281735446,0.006038615294202814,0.023506255019578925,False
2022-07-01,CPF,Central Pacific Financial Corp,은행,21.280001,22.110001,21.280001,22.09,21.320545,166000.0,0.5583537601992816,23.459599920000002,26.70879993333333,26.712699934999996,-0.021466670000000576,-0.0042250025000019065,0.588571000000001,1.0873777335274732,-0.0320402560392968,0.657333443679853,0.026443311444758533,0.033081542446708995,False
2022-07-05,CPF,Central Pacific Financial Corp,은행,21.76,22.17,21.459999,22.17,21.397758,194400.0,0.8027057973781337,23.36659992,26.675133273333334,26.705299935,-0.01683332999999898,-0.0036999999999984823,0.5835712142857152,0.13708695364270318,0.06425223881490419,0.06778326477320261,0.0007306362116845962,0.027909936647684562,False
2022-07-06,CPF,Central Pacific Financial Corp,은행,21.969999,22.23,21.85,22.139999,21.368805,137800.0,0.35428082050079635,23.29339992,26.642466593333335,26.694499935,-0.016333339999999197,-0.005399999999999849,0.5785711428571437,-0.05185360585363619,0.06189625403607729,-0.20983728504620572,-0.024088171958693783,0.03710045493849842,False
2022-07-07,CPF,Central Pacific Financial Corp,은행,22.290001,22.48,21.92,22.049999,21.281939,120800.0,-1.4608218790496785,23.223199920000003,26.61099992,26.687449935,-0.015733336666666986,-0.0035249999999997783,0.5664281428571437,-0.15889041025756087,-0.0062098254089098665,-0.851268302879529,-0.09993721314844109,0.02197834652785095,False
2022-07-08,CPF,Central Pacific Financial Corp,은행,22.01,22.1,21.82,21.969999,21.204725,74100.0,-1.6782512552895867,23.163399919999996,26.57846658,26.67944993,-0.01626667000000026,-0.004000002499999766,0.5221425000000008,-0.15321487907994114,0.0825902571816174,-0.11051639099867044,-0.0986495632408941,0.014071563154284721,False
2022-07-11,CPF,Central Pacific Financial Corp,은행,21.860001,21.860001,21.59,21.73,20.973085,82000.0,-1.5714375073383802,23.10179994,26.537933253333335,26.667699929999998,-0.020266663333332602,-0.005875000000001407,0.5092853571428579,-0.47124661377743016,0.0029099972018325243,0.13168673306412904,-0.12919907973414363,0.014093479084633952,False
2022-07-12,CPF,Central Pacific Financial Corp,은행,21.59,22.07,21.52,21.68,20.924828,94700.0,-0.8452612940245019,23.03219994,26.496599926666665,26.652199925,-0.020666663333335222,-0.007750002499998132,0.5142854285714292,-0.09722227623459917,-0.03292880509419546,0.3966722145177358,-0.06420564262789005,0.01225133449280984,False
2022-07-13,CPF,Central Pacific Financial Corp,은행,21.57,21.610001,21.209999,21.27,20.52911,105000.0,-2.131796637275485,22.97399994,26.45426658666667,26.632599919999997,-0.021166669999997723,-0.009800002500002236,0.5292856428571433,-0.7746289844303619,-0.0646066122848843,-0.5354492102906661,-0.0823928236574217,0.01587713374274089,False
2022-07-14,CPF,Central Pacific Financial Corp,은행,21.049999,21.129999,20.610001,20.84,20.114088,98700.0,-3.5731503992881053,22.893799939999997,26.407999913333335,26.60684992,-0.023133336666667503,-0.012874999999999304,0.5342855714285718,-0.8048130494152528,-0.08042631531220522,-0.6479404578339004,-0.05984505476334457,0.018777553021722106,False
2022-07-15,CPF,Central Pacific Financial Corp,은행,21.290001,21.620001,21.17,21.469999,20.722141,117100.0,-2.304406180843377,22.82899994,26.36606657333333,26.586299914999998,-0.02096667000000174,-0.010275002500000241,0.5457141428571433,1.1544487315310834,-0.07011786179651967,0.10695207088283976,-0.039009230756608886,0.020935564545041765,False
2022-07-18,CPF,Central Pacific Financial Corp,은행,21.870001,22.02,21.52,21.76,21.002043,108000.0,-0.04139797864839423,22.76099994,26.329066580000003,26.564649915,-0.01849999666666413,-0.010824999999998752,0.5649999285714288,0.513276171084219,-0.04364636354664931,0.9574106353671066,0.010488122237443553,0.027988141140297705,False
2022-07-19,CPF,Central Pacific Financial Corp,은행,22.030001,22.549999,21.889999,22.43,21.648703,147000.0,0.4373963170930306,22.72159994,26.295599906666666,26.548399915,-0.016733336666668208,-0.008124999999999716,0.5842857142857143,1.1466992665036644,0.049510733949152515,-0.332530199512286,-0.05901925051813125,0.02848900290021267,False
2022-07-20,CPF,Central Pacific Financial Corp,은행,22.530001,22.780001,22.26,22.65,21.861038,168100.0,0.9097924514460232,22.69459994,26.267533233333335,26.530299915,-0.014033336666665619,-0.009050000000000225,0.5750001428571425,0.38260860059413476,0.1315180883655376,0.0628898654720973,-0.0018458139990671283,0.030100265614583267,False
2022-07-21,CPF,Central Pacific Financial Corp,은행,22.6,22.66,22.27,22.59,21.803129,92500.0,-0.23252596069824882,22.67079992,26.238333240000003,26.51254992,-0.014599996666666115,-0.008874997499999537,0.5607144285714283,-0.10700634216398704,0.1287586639764649,-0.6495515781709021,-0.0683117997839426,0.02181443969593758,False
2022-07-22,CPF,Central Pacific Financial Corp,은행,22.68,22.790001,22.34,22.57,21.783825,83000.0,0.5608795490936291,22.646999920000003,26.208333239999998,26.494699925,-0.015000000000002345,-0.008924997500001197,0.5335716428571425,-0.03748325134541368,0.0484114507712587,0.4831655162946608,-0.08075236602574203,0.030457675545467893,False
2022-07-25,CPF,Central Pacific Financial Corp,은행,22.690001,23.059999,22.629999,23.030001,22.227806,89300.0,2.3002082700599003,22.636199939999997,26.178533246666667,26.480049935,-0.014899996666665416,-0.00732499499999939,0.5178572142857139,0.8882776705823878,0.10206793055266473,0.811108168864676,-0.02765773001920822,0.028486567948338072,False
2022-07-26,CPF,Central Pacific Financial Corp,은행,23.059999,23.370001,22.969999,23.059999,22.256758,88600.0,3.417818233811021,22.62279992,26.15053324,26.46334993,-0.014000003333332955,-0.008350002500000286,0.519285928571428,0.05776778909170152,0.10989803019161744,0.739899811095989,0.040180633990948546,0.031376300127744894,False
2022-07-27,CPF,Central Pacific Financial Corp,은행,23.309999,23.790001,23.0,23.690001,22.864817,99200.0,3.4018117019931404,22.621799939999995,26.12946658,26.450099934999997,-0.010533330000001229,-0.0066249975000012284,0.5357145714285709,1.1760031061316731,0.20524756707656275,-0.27032393123939125,0.08167666053667268,0.028438800886840632,False
2022-07-28,CPF,Central Pacific Financial Corp,은행,23.85,23.85,23.139999,23.469999,22.652477,92300.0,1.0929718538774003,22.61839994,26.103399913333334,26.436799935,-0.013033333333332564,-0.0066499999999987125,0.5664289285714281,-0.38840177276054244,0.18844850324223406,-1.0522494640307247,0.014410012462954511,0.024292914229465584,False
2022-07-29,CPF,Central Pacific Financial Corp,은행,23.35,23.690001,23.26,23.68,22.855162,96300.0,0.5098478707064258,22.60559994,26.076999920000002,26.425399940000002,-0.013199996666665825,-0.005699997499998943,0.5700004999999992,0.368422483839924,0.24842486735775934,-0.4066405133302868,-0.024041933708075194,0.023710952385220124,False
2022-08-01,CPF,Central Pacific Financial Corp,은행,23.51,23.93,23.379999,23.6,22.77795,203500.0,0.493168003256228,22.60119994,26.04953326,26.414699939999995,-0.013733330000000876,-0.005350000000003519,0.5700005714285705,-0.14035073649048696,0.2453442630537674,0.01921969190008002,-0.051002828180764896,0.02609830575786705,False
2022-08-02,CPF,Central Pacific Financial Corp,은행,23.51,23.73,23.129999,23.139999,22.333971,105400.0,-0.6912048811172467,22.60059992,26.01686658,26.400799935,-0.016333340000000973,-0.00695000249999822,0.5792862857142848,-0.7940823239631869,0.24395473880142274,-0.4149655909604656,-0.04239685537146486,0.02703893087456549,False
2022-08-03,CPF,Central Pacific Financial Corp,은행,23.370001,23.389999,23.059999,23.34,22.527006,102200.0,-1.2530587729795872,22.606399939999996,25.984733246666668,26.388649935,-0.01606666666666534,-0.006074999999999164,0.5557149285714276,0.3598985553872765,0.32714842485874623,-0.5273472896283102,-0.03378305764249413,0.0218513871826558,False
2022-08-04,CPF,Central Pacific Financial Corp,은행,23.33,23.33,22.879999,23.02,22.218153,97700.0,-2.4405475629556084,22.591199919999998,25.949933246666667,26.37514994,-0.017400000000000304,-0.006749997500000049,0.5328577857142847,-0.600535468522895,0.20179241056917638,-0.5535383340076249,-0.08096094370609874,0.018158384366361132,False
2022-08-05,CPF,Central Pacific Financial Corp,은행,23.139999,23.25,22.73,23.139999,22.333971,56700.0,-1.7274605671518284,22.582599899999995,25.9167999,26.361749935000002,-0.01656667333333317,-0.006700002499998803,0.5307148571428562,0.2261082356842688,0.18128041518346566,0.3284917137358719,-0.12588372382261553,0.01996993054417168,False
2022-08-08,CPF,Central Pacific Financial Corp,은행,23.26,23.4,23.1,23.219999,22.411184,63600.0,-1.240265096637616,22.57319986,25.883799893333336,26.344749925000002,-0.016500003333332458,-0.008500005000000144,0.49571492857142757,0.1613830760161879,0.11090068729150304,0.2437728164279978,-0.0847192226840238,0.019544786592039138,False
2022-08-09,CPF,Central Pacific Financial Corp,은행,23.120001,23.49,23.08,23.49,22.671782,82800.0,0.3159709965643298,22.56319986,25.849733226666665,26.330499924999998,-0.017033333333335676,-0.007125000000002046,0.4878577142857135,0.5534421043137818,0.123103080414335,0.8439909587282229,-0.02892628745144341,0.024655167359595886,False
2022-08-10,CPF,Central Pacific Financial Corp,은행,23.700001,23.959999,23.52,23.639999,22.816555,94600.0,-1.1655830144402746,22.556199839999998,25.81379988,26.314449919999998,-0.017966673333331684,-0.008025002500000156,0.49357192857142784,0.3039050466953244,0.15245389390428582,-1.1175207571587407,-0.06235265737914616,0.01283202913684312,False
2022-08-11,CPF,Central Pacific Financial Corp,은행,23.870001,23.99,23.73,23.92,23.086802,49600.0,-0.08901976390210953,22.551799860000003,25.779599886666666,26.297549925,-0.017099996666667394,-0.00844999749999964,0.48642907142857056,0.5756255463467272,0.19624737945372445,0.6246973756707076,-0.05224323885228568,0.005566047073578548,False
2022-08-12,CPF,Central Pacific Financial Corp,은행,23.879999,24.379999,23.879999,24.299999,23.453566,65100.0,-0.3349239407634652,22.557799839999998,25.742733213333334,26.28364992,-0.018433336666666023,-0.0069500024999999965,0.4871434285714277,0.7800556832191372,0.18851723749920654,-0.36798121264821293,-0.13646390896034916,-0.005232039709937293,False
2022-08-15,CPF,Central Pacific Financial Corp,은행,24.43,24.49,23.889999,24.49,23.636948,64400.0,0.030585228674384624,22.562599839999997,25.703666546666668,26.273399915,-0.019533333333333402,-0.005125002499999809,0.5014290714285706,0.37891899537991725,0.21145660937693625,0.10786223675209267,-0.1816094499849132,-0.01229793440436702,False
2022-08-16,CPF,Central Pacific Financial Corp,은행,24.290001,24.75,24.07,24.540001,23.685207,90900.0,0.045050079913355745,22.574199880000002,25.66519989333333,26.25814992,-0.01923332666666866,-0.007624997499998898,0.49357185714285634,0.10130439828851458,0.13469241595956777,-0.038602826357361134,-0.1650579424933396,-0.012997007289270933,False
2022-08-17,CPF,Central Pacific Financial Corp,은행,24.41,24.41,23.969999,24.290001,23.443914,82200.0,-0.2200688952985197,22.58099988,25.62673324,26.242149925,-0.019233326666665107,-0.007999997500000688,0.48357192857142756,-0.5169861715061753,0.12550781604916542,0.0475967724466817,-0.08649749703066774,-0.004414191681199709,False
2022-08-18,CPF,Central Pacific Financial Corp,은행,24.23,24.32,24.07,24.209999,23.366701,52000.0,-0.7761877866569789,22.58859986,25.587599899999997,26.22229992,-0.01956667000000145,-0.00992500249999928,0.47071471428571343,-0.16995857059917804,0.08705202644637243,-0.35459601081888215,-0.0827800325655674,-0.005251548244946162,False
2022-08-19,CPF,Central Pacific Financial Corp,은행,24.129999,24.129999,23.51,23.870001,23.038546,498400.0,-0.8458087022015448,22.5965999,25.54293324,26.203099929999997,-0.022333329999998597,-0.009599995000002082,0.4814288571428563,-0.7062268805775229,0.046632301868727,0.3230744121373448,-0.061076123977191345,-0.016634047300293144,False
2022-08-22,CPF,Central Pacific Financial Corp,은행,23.68,23.68,23.139999,23.200001,22.391884,207900.0,-1.3490435261133027,22.6031999,25.491266573333334,26.176849930000003,-0.02583333333333293,-0.013124999999996945,0.490714642857142,-1.3653556292899336,0.005827065773959369,0.23911297688092836,-0.014356226274234635,-0.018350324959175306,False
2022-08-23,CPF,Central Pacific Financial Corp,은행,23.360001,23.42,23.09,23.120001,22.314671,75800.0,-1.2242749707727207,22.619399939999997,25.44306658,26.152549935000003,-0.024099996666667067,-0.012149997499999898,0.4907146428571423,-0.16302753782566784,-0.03152479802696523,0.010095970727634462,0.024032578036904274,-0.022337043007350735,False
2022-08-24,CPF,Central Pacific Financial Corp,은행,23.0,23.01,22.709999,22.879999,22.083027,68700.0,-2.2215097484454494,22.643999920000002,25.398266573333334,26.123349935,-0.02240000333333292,-0.0146000000000015,0.48714328571428517,-0.4926722938366859,-0.023820285549378865,-0.7145881136809376,0.01252902234595337,-0.02499791064322516,False
2022-08-25,CPF,Central Pacific Financial Corp,은행,22.83,23.57,22.83,23.540001,22.720039,152300.0,-0.6606951033970798,22.681999960000002,25.360866580000003,26.098549939999998,-0.01869999666666544,-0.012399997500001092,0.502857571428571,1.3125028586623348,0.05377933037762585,0.2580419633874047,0.00749689732106285,-0.024198164711057617,False
2022-08-26,CPF,Central Pacific Financial Corp,은행,23.629999,23.629999,22.860001,22.879999,22.083027,121700.0,0.003963785708349654,22.698399960000003,25.320066573333335,26.070399935,-0.020400003333334027,-0.01407500249999849,0.536428857142857,-1.2303625936817055,-0.04563107460079511,1.0659623044907995,0.06622471789697726,-0.0234747239693282,False
2022-08-29,CPF,Central Pacific Financial Corp,은행,22.76,22.76,22.34,22.43,21.648703,169400.0,-1.1602102943762627,22.72139994,25.27266656666667,26.038499939999998,-0.02370000333333344,-0.0159499975000017,0.5457145,-0.8246051735843593,-0.1440630230220909,-0.3942869452675687,-0.022223703817007858,-0.02957776739014952,False
2022-08-30,CPF,Central Pacific Financial Corp,은행,22.049999,22.110001,21.690001,21.969999,21.453405,171400.0,-1.9819043094978728,22.727799920000002,25.221333226666665,26.003599929999996,-0.025666670000001446,-0.0174500050000006,0.5650002142857142,-0.8141607531627961,-0.22392486586909952,-0.09989689990196304,0.05046371455847626,-0.0352091359763093,False
2022-08-31,CPF,Central Pacific Financial Corp,은행,22.09,22.09,21.77,21.790001,21.277639,130800.0,-1.9251861128486092,22.725999960000003,25.16786657333333,25.96984993,-0.026733326666667168,-0.016874999999998863,0.5628572857142858,-0.3197933198494133,-0.287883356311681,0.17842900055416155,0.018587402050151542,-0.03550883989550393,False
2022-09-01,CPF,Central Pacific Financial Corp,은행,21.9,21.940001,21.48,21.85,21.336229,131300.0,-1.9172761188085863,22.728999939999998,25.120199906666667,25.937199935000002,-0.023833333333332263,-0.016324997499998162,0.5600002142857142,0.1071410304307304,-0.3359486886537101,-0.08377612960924674,0.03888776512436341,-0.03192867872189305,False
2022-09-02,CPF,Central Pacific Financial Corp,은행,22.200001,22.370001,21.65,21.790001,21.277639,130700.0,-1.0988525659517245,22.73719998,25.072799913333334,25.906399935,-0.023699996666666223,-0.015400000000001413,0.5685716428571429,-0.10552583962594202,-0.3705518911541285,0.5313010812824608,0.06913339687653255,-0.0210659952835285,False
2022-09-06,CPF,Central Pacific Financial Corp,은행,21.99,21.99,21.040001,21.299999,20.79916,113200.0,-2.788123893735661,22.72419994,25.020799906666664,25.87464993,-0.026000003333335187,-0.015875002499999624,0.5878572857142856,-0.8335390440974386,-0.4373264227531252,-0.5953607563648728,0.029364973304567443,-0.02116030481330778,False
2022-09-07,CPF,Central Pacific Financial Corp,은행,21.26,21.51,21.049999,21.469999,20.965162,190700.0,-3.5160180910421723,22.7129999,24.97099989333333,25.84309992,-0.02490000666666603,-0.015775005000000064,0.5800000714285716,0.2931034121793856,-0.3794628810612994,-0.7368578240778556,-0.026667497875756657,-0.02301915132172113,False
2022-09-08,CPF,Central Pacific Financial Corp,은행,21.450001,22.059999,21.200001,21.9,21.385052,141600.0,-2.1001112929465493,22.71219988,24.92626655333333,25.81384992,-0.022366670000000255,-0.014625000000000554,0.6235713571428574,0.6895778567672183,-0.3180674219636997,0.3246960450053541,0.02185336325454593,-0.0159104440163836,False
2022-09-09,CPF,Central Pacific Financial Corp,은행,22.1,22.290001,22.0,22.26,21.736588,79900.0,-1.8006816695813943,22.72759988,24.883466553333335,25.782649919999997,-0.021399999999998087,-0.015600000000000946,0.6014286428571433,0.5985747507630983,-0.22486730543936959,-0.24523939661110583,-0.018740480227486256,-0.02492462000561303,False
2022-09-12,CPF,Central Pacific Financial Corp,은행,22.389999,22.559999,22.24,22.549999,22.019768,304100.0,-1.3940080145711908,22.749599840000002,24.84186654,25.751199915,-0.020800006666666704,-0.015725002499998197,0.5721427142857151,0.506864795721543,-0.09113727508140698,-0.11552834193546468,-0.044072003000085756,-0.025107061417242525,False
2022-09-13,CPF,Central Pacific Financial Corp,은행,22.17,22.23,21.9,22.01,21.492464,137200.0,0.6867591753894065,22.74799984,24.795533213333336,25.718599910000002,-0.02316666333333295,-0.016300002499999522,0.5949997857142864,-0.9075616713907538,-0.14431828462177027,1.31047533328943,0.04881223718289964,-0.018674977392917326,False
2022-09-14,CPF,Central Pacific Financial Corp,은행,21.969999,22.25,21.860001,22.25,21.726822,131800.0,1.4972064120055695,22.749599840000002,24.746199880000002,25.693749915,-0.024666666666666615,-0.012424997500000146,0.5935710000000007,0.4043324219006625,-0.08024651921195967,0.24002045375442888,0.11699856342828296,-0.0198820682775768,False
2022-09-15,CPF,Central Pacific Financial Corp,은행,22.280001,22.809999,22.23,22.610001,22.078358,145700.0,4.214764933787785,22.75899988,24.702333213333336,25.671599915,-0.021933333333333138,-0.011074999999999946,0.5821423571428578,0.6184071569141226,-0.12982478362254626,1.1639859586210999,0.18170884880211835,-0.004344187720242664,False
2022-09-16,CPF,Central Pacific Financial Corp,은행,22.530001,22.620001,22.0,22.43,21.90259,579500.0,4.002754952253551,22.766599900000003,24.656466553333335,25.649899914999995,-0.02293333000000075,-0.010850000000003135,0.5714282857142862,-0.3150019075009548,-0.06444187746677835,0.0533710061361678,0.10938089891964464,-0.010308936316566465,False
2022-09-19,CPF,Central Pacific Financial Corp,은행,22.35,22.9,22.299999,22.75,22.215067,109400.0,4.591127155842689,22.782199920000004,24.610666546666668,25.629399915,-0.02290000333333353,-0.010249999999997428,0.5757141428571432,0.5558314034321102,0.034160735177255194,0.21194500620688633,0.15268318116781998,-0.017223938844456447,False
2022-09-20,CPF,Central Pacific Financial Corp,은행,22.58,22.83,22.469999,22.67,22.136948,89500.0,5.154504244852487,22.80099992,24.567199873333337,25.60369992,-0.021733336666665437,-0.012849997500000043,0.5485714285714286,-0.1458333333333302,0.08189840802221704,0.42727644932791814,0.1903384203985258,-0.011927887908516928,False
2022-09-21,CPF,Central Pacific Financial Corp,은행,22.860001,22.969999,22.48,22.51,21.980709,92800.0,5.908961527814616,22.81759992,24.518533213333335,25.576849925,-0.02433333000000104,-0.013424997499999591,0.5607142142857143,-0.28535035482170146,0.08435861980991075,0.5319150953076639,0.21558742716663312,-0.008741150084999568,False
2022-09-22,CPF,Central Pacific Financial Corp,은행,22.610001,22.610001,21.77,21.809999,21.297169,110700.0,3.231672646075845,22.8283999,24.464266533333333,25.547799915,-0.027133340000000672,-0.014525005000001201,0.5878570714285717,-1.190767337881815,-0.008349120783842503,-0.7862702491136915,0.16540927577345846,-0.01505416830050446,False
2022-09-23,CPF,Central Pacific Financial Corp,은행,21.57,21.67,21.35,21.620001,21.111635,93900.0,3.8975681677296814,22.84399992,24.413266540000002,25.516999915,-0.02549999666666558,-0.015399999999999636,0.5692855000000002,-0.3337481808336989,-0.024650716584396572,0.4876553039655171,0.16229172025081964,-0.012660103992367373,False
2022-09-26,CPF,Central Pacific Financial Corp,은행,21.48,21.83,21.4,21.49,20.984694,126400.0,4.129340528003889,22.84439994,24.359199873333335,25.485649915,-0.027033333333333687,-0.015674999999999883,0.5321427142857146,-0.24429724679120712,0.017437983223191393,0.23355512620740487,0.22149999757741093,-0.017049145515662518,False
2022-09-27,CPF,Central Pacific Financial Corp,은행,21.620001,21.719999,20.860001,21.040001,20.545275,99400.0,1.981505273384765,22.82999996,24.30439988,25.454299925,-0.027399996666668258,-0.01567499499999947,0.5607139285714288,-0.8025464984372568,-0.060822724677997354,-0.7066357034464759,0.22365872047965232,-0.021999999526717787,False
2022-09-28,CPF,Central Pacific Financial Corp,은행,21.01,21.43,20.879999,21.200001,20.701511,128200.0,0.6066574946725689,22.805399979999997,24.252799879999998,25.423049925,-0.025800000000000267,-0.015625,0.5385712857142858,0.297082306918384,-0.08885812109577122,-0.5675991636281854,0.1599233484343995,-0.028898693064336647,False
2022-09-29,CPF,Central Pacific Financial Corp,은행,20.85,20.91,20.190001,20.34,19.861734,118100.0,-1.4588841224728255,22.75919998,24.19913322,25.390449919999995,-0.026833329999998767,-0.016300002500003075,0.5828569285714286,-1.4754924542251677,-0.23700577859493308,-0.5586196806449262,0.13753904243198375,-0.023160574543437874,False
2022-09-30,CPF,Central Pacific Financial Corp,은행,20.459999,21.24,20.299999,20.690001,20.203505,180400.0,1.5354018842803185,22.7212,24.14366656,25.359049929999998,-0.027733330000000223,-0.015699994999998523,0.6271427857142855,0.5580882184610712,-0.23334696268496677,1.1798176714561568,0.23006375767424242,-0.01351717132302191,False
2022-10-03,CPF,Central Pacific Financial Corp,은행,20.860001,20.99,20.57,20.84,20.349976,116000.0,-0.4077352185422711,22.6866,24.08799988666667,25.327899929999997,-0.02783333666666543,-0.015575000000000117,0.6107142857142852,0.2456123976608207,-0.15097738632414,-0.8757630563505789,0.07390387269995606,-0.02160674006927012,False
2022-10-04,CPF,Central Pacific Financial Corp,은행,21.110001,21.860001,21.09,21.85,21.336229,128000.0,1.041641905318591,22.662999980000006,24.048666553333337,25.29964993,-0.019666666666665833,-0.014124999999998167,0.6557144285714281,1.540304675314889,-0.0698365110802667,0.2518870137830955,0.07475148413057511,-0.013758533938989034,False
2022-10-05,CPF,Central Pacific Financial Corp,은행,21.49,21.74,21.33,21.51,21.004223,79000.0,-0.5829908581823751,22.632,24.00059989333333,25.27089993,-0.024033330000003517,-0.014375000000001137,0.6514287857142855,-0.5219296528740176,-0.15128914035084814,-0.43526763311991473,-0.03948091527949736,-0.018119712917409662,False
2022-10-06,CPF,Central Pacific Financial Corp,은행,20.709999,21.360001,20.629999,21.290001,20.789396,124700.0,-0.7713208883990408,22.584,23.949399906666667,25.243099935,-0.02559999333333174,-0.013899997499999373,0.6700002142857142,-0.32835661139980654,-0.15224304777219472,0.11272107108459223,-0.035241624926038474,-0.02081144718898108,False
2022-10-07,CPF,Central Pacific Financial Corp,은행,21.200001,21.27,20.75,20.75,20.262093,95400.0,-0.6996343679834482,22.529600019999997,23.900466573333333,25.209949939999998,-0.02446666666666708,-0.016574997500001132,0.6657145,-0.8111600393261679,-0.2498852936835003,0.32500719067183026,-0.0271657546071139,-0.015046266054033319,False
2022-10-10,CPF,Central Pacific Financial Corp,은행,21.02,21.68,20.85,21.17,20.672218,133900.0,1.7434231002004807,22.479400020000003,23.85899991333333,25.177599944999997,-0.02073333000000055,-0.016174997500000288,0.7064287142857145,0.5945398191021621,-0.1970014970809651,0.8919182041862054,0.00602294216847804,-0.013144423758781837,False
2022-10-11,CPF,Central Pacific Financial Corp,은행,21.01,21.48,21.01,21.299999,20.79916,115300.0,2.7381529188938547,22.433400000000002,23.82053324,25.145499944999997,-0.019233336666665934,-0.016049999999999898,0.7050002142857144,0.1843956886335264,-0.16344820826273457,0.4506134188622772,0.00021567956523613208,-0.00998655295617663,False
2022-10-12,CPF,Central Pacific Financial Corp,은행,21.27,21.68,21.059999,21.4,20.896809,85500.0,3.253858253354669,22.39860002,23.778666573333332,25.112299940000003,-0.020933333333333692,-0.016600002499997046,0.6892859285714285,0.14507912588213545,-0.06803060370816666,0.27934103944214617,0.07633077160493881,-0.005237728506956034,False
2022-10-13,CPF,Central Pacific Financial Corp,은행,21.26,22.5,21.08,22.41,21.883059,132500.0,5.108446495598495,22.38000002,23.74546658,25.083549939999997,-0.016599996666666783,-0.014375000000002913,0.7578574285714286,1.3327044928541047,0.05100173012667646,0.34371096151518155,0.06604903285848628,-0.0022332571039963413,False
2022-10-14,CPF,Central Pacific Financial Corp,은행,22.49,22.700001,21.879999,22.07,21.551054,109600.0,5.6872286181948395,22.361000020000002,23.705866580000002,25.052699939999997,-0.019799999999998263,-0.015425000000000466,0.7857147142857143,-0.4327270366943434,0.03754245941930957,0.4506896716021831,0.08155864324382758,-0.00688614315628547,False
2022-10-17,CPF,Central Pacific Financial Corp,은행,22.440001,22.67,22.299999,22.6,22.068594,99800.0,5.152606190216957,22.350200040000004,23.67073324,25.025149934999998,-0.017566670000000784,-0.01377500249999919,0.7671434285714286,0.690874718156636,0.14421540346173048,-0.2656999501706443,0.11305405419210127,-0.009796886442472074,False
2022-10-18,CPF,Central Pacific Financial Corp,은행,22.959999,23.08,22.42,22.48,21.951414,137200.0,3.267798871220262,22.335400059999998,23.63493324,24.996699934999995,-0.017900000000000915,-0.014225000000001486,0.7750004999999999,-0.15483860978154337,0.11193533798316424,-0.5820568338026619,0.11202136346535292,-0.0076582347166225945,False
2022-10-19,CPF,Central Pacific Financial Corp,은행,22.379999,22.629999,22.129999,22.49,21.961178,126100.0,3.877288209879559,22.315400059999998,23.5945999,24.966149935000004,-0.020166670000000053,-0.015274999999995487,0.7385719285714283,0.0135396426714191,0.21829477347577758,0.2746543538897021,0.17154093736068354,-0.0038323175940687742,False
2022-10-20,CPF,Central Pacific Financial Corp,은행,22.299999,22.58,21.52,21.82,21.306932,118900.0,1.4616518506659348,22.27900008,23.550666566666667,24.93009993,-0.0219666666666658,-0.01802500250000172,0.7471432857142855,-0.8967490076009496,0.11437782875706182,-0.5858530699748135,0.0454215986870428,-0.003056002620826761,False
2022-10-21,CPF,Central Pacific Financial Corp,은행,22.92,23.27,21.530001,21.790001,21.277639,141800.0,-0.9858594286061395,22.2364001,23.508599906666664,24.893799940000005,-0.021033330000001627,-0.018149994999998142,0.8414289285714285,-0.03565244666704315,0.09428748273364297,-0.9575376013277226,0.03958055976010396,-0.00373108260721679,False
2022-10-24,CPF,Central Pacific Financial Corp,은행,21.41,21.41,19.52,19.610001,19.148897,282500.0,-11.39770977494563,22.14260014,23.45086658,24.842699945000003,-0.0288666633333321,-0.025549997500000643,0.9307146428571428,-2.342286131125813,-0.18304043201212147,-2.8313849699390934,-0.18065315336290952,-0.0239841209912961,False
2022-10-25,CPF,Central Pacific Financial Corp,은행,19.790001,19.93,19.200001,19.209999,18.758303,224400.0,-14.010898982660635,22.037000120000002,23.390266580000002,24.78699994,-0.03029999999999866,-0.027850002500001025,0.9457145714285711,-0.42296271209585823,-0.17597136481368153,-1.1106006593379472,-0.22889122666419756,-0.02784259900049676,False
2022-10-26,CPF,Central Pacific Financial Corp,은행,19.66,19.66,19.08,19.190001,18.738775,295400.0,-12.941697574956468,21.93000012,23.33499992,24.73139995,-0.027633330000000456,-0.02779999500000052,0.9242859285714283,-0.02163616190815528,-0.15406276127856358,0.2948955903252824,-0.2158787610041483,-0.02392909714026096,False
2022-10-27,CPF,Central Pacific Financial Corp,은행,19.440001,20.110001,19.23,19.65,19.187956,212100.0,-9.976021668697344,21.837200100000004,23.278333253333333,24.679349955,-0.02833333333333421,-0.026024997500000424,0.9514287142857142,0.4834823598374834,-0.06158830419544562,0.7568311616190495,-0.18503419165077548,-0.019216125289553822,False
2022-10-28,CPF,Central Pacific Financial Corp,은행,19.719999,20.17,19.65,19.889999,19.422314,179700.0,-10.542585281234162,21.750800100000003,23.218933253333333,24.62839995,-0.02970000000000006,-0.025475002500000343,0.9221430000000002,0.26026223698493717,-0.08546527434667596,-0.8091857870347592,-0.30654161959513004,-0.027912695596477934,False
2022-10-31,CPF,Central Pacific Financial Corp,은행,20.809999,20.809999,20.24,20.52,20.0375,187600.0,-6.7165568925935055,21.68380008,23.167599926666668,24.57814995,-0.02566666333333245,-0.025124999999999176,0.9542858571428575,0.6601805897933246,-0.05148063854954753,1.0014188790108043,-0.26719837244166383,-0.013765630280796609,False
2022-11-01,CPF,Central Pacific Financial Corp,은행,20.459999,20.459999,19.870001,19.92,19.451611,181700.0,-8.590202743706376,21.61820006,23.10859992666667,24.522999945000002,-0.02949999999999875,-0.027575002499999002,0.956428571428572,-0.6273338312173238,-0.10665299262808034,-0.44608321724383293,-0.3190143907763766,-0.01616474024699053,False
2022-11-02,CPF,Central Pacific Financial Corp,은행,19.74,20.07,19.549999,19.549999,19.090309,208800.0,-7.5905253330557425,21.54680002,23.051866593333333,24.46899994,-0.02836666666666865,-0.02700000250000123,0.8921429285714291,-0.41473287311986806,-0.23146994734050694,0.7403639489904483,-0.29068203452814334,-0.008259517643783364,False
2022-11-03,CPF,Central Pacific Financial Corp,은행,19.34,19.35,19.049999,19.26,18.807127,102100.0,-7.569973930622287,21.47440004,22.994266593333336,24.417299940000003,-0.028799999999998604,-0.025849999999998374,0.8692856428571434,-0.3336061079380509,-0.22438988100077178,0.17398745528047466,-0.3104464785511225,-0.012715096205008202,False
2022-11-04,CPF,Central Pacific Financial Corp,은행,19.51,19.950001,19.450001,19.9,19.432079,112300.0,-5.424330097012753,21.40160002,22.940799926666667,24.37104994,-0.026733333333334386,-0.02312500000000206,0.8757142857142861,0.7308319738988543,-0.22153579130489903,0.07325560956014099,-0.28623536714178066,-0.01083846545744286,False
2022-11-07,CPF,Central Pacific Financial Corp,은행,20.01,20.23,19.870001,19.969999,19.500433,89300.0,-5.474966932446046,21.34340002,22.888933253333335,24.325899935,-0.025933336666666307,-0.022575002499999997,0.8542856428571436,0.08193863561360151,-0.20462313091953152,-0.40464788544311137,-0.2735632994018128,-0.008100152872458912,False
2022-11-08,CPF,Central Pacific Financial Corp,은행,20.17,20.309999,19.82,19.940001,19.47114,107600.0,-5.524215069522775,21.293600039999998,22.83939992,24.277899935,-0.02476666666666638,-0.023999999999999133,0.8535712857142865,-0.03514410630027189,-0.2081005415603666,-0.3181919065102065,-0.3159094608589491,-0.013208606922458677,False
2022-11-09,CPF,Central Pacific Financial Corp,은행,19.85,19.98,19.639999,19.799999,19.334431,158600.0,-3.584371273818021,21.25020004,22.789799913333333,24.22854993,-0.02480000333333443,-0.02467500250000043,0.8021427857142867,-0.17453501108949207,-0.15651382752383394,0.8776218081380303,-0.21137554099374598,-0.01104294664763111,False
2022-11-10,CPF,Central Pacific Financial Corp,은행,20.27,21.32,20.27,21.139999,20.642923,162400.0,-1.781932421102328,21.237199999999998,22.750666573333334,24.185199930000003,-0.019566669999999675,-0.021674999999998334,0.7864286428571438,1.703905385658001,-0.032259696643473626,-0.8091174924046804,-0.20077410464210013,-0.012079438070340343,False
2022-11-11,CPF,Central Pacific Financial Corp,은행,20.84,21.360001,20.84,21.129999,20.633158,117900.0,-1.9453216490876057,21.22279998,22.711199906666668,24.145849925000004,-0.019733333333332936,-0.01967500249999965,0.6614286428571438,-0.015118788864058649,0.1339665420895088,-0.4620525945143244,-0.03153607782604521,-0.01691210601672264,False
2022-11-14,CPF,Central Pacific Financial Corp,은행,20.969999,21.059999,20.59,20.620001,20.135151,239600.0,-2.6064318228111505,21.19939998,22.668533246666666,24.10444993,-0.021333330000000927,-0.020699997500001288,0.6478572142857154,-0.787207410451226,0.10794906363555398,-0.34604520384946974,0.023075026137417468,-0.027294138173268825,False
2022-11-15,CPF,Central Pacific Financial Corp,은행,20.68,21.219999,20.68,21.129999,20.633158,105400.0,-0.3616501876683831,21.19599998,22.63133324666667,24.064599925000003,-0.018599999999997507,-0.019925002499999067,0.6492856428571441,0.78547555395771,0.16559990048311576,0.3642064124907194,0.028025799149234396,-0.023334387827124475,False
2022-11-16,CPF,Central Pacific Financial Corp,은행,20.940001,20.950001,20.540001,20.57,20.086325,108400.0,-1.36878879431227,21.177999999999997,22.589199920000002,24.022749920000003,-0.02106666333333429,-0.02092500250000029,0.6257140714285726,-0.8949758772748442,0.06713859783223525,-0.48582040329642545,-0.06073502691615667,-0.023216375868096252,False
2022-11-17,CPF,Central Pacific Financial Corp,은행,20.280001,20.65,20.219999,20.65,20.164444,114100.0,0.00497360350835141,21.153000000000002,22.549666586666664,23.982949915,-0.019766666666669153,-0.01990000250000179,0.6192855714285722,0.12918111399794727,0.05777566047602169,0.28753750873960715,0.017602351353440925,-0.023617807056214267,False
2022-11-18,CPF,Central Pacific Financial Corp,은행,21.049999,21.290001,20.549999,20.6,20.11562,215700.0,-0.12612001229681535,21.1198,22.51086658666667,23.942549915,-0.01939999999999742,-0.020199999999999108,0.6064285714285721,-0.08244994110718015,0.004730622554557061,-0.32426919668875853,-0.07708965405367071,-0.024082149077657985,False
2022-11-21,CPF,Central Pacific Financial Corp,은행,20.559999,20.889999,20.549999,20.84,20.349976,149300.0,1.3224125701825296,21.08560002,22.466666593333333,23.90279991,-0.022099996666668176,-0.01987500250000096,0.5842857857142862,0.41075789599536416,0.07888003164117763,0.6158451277277833,-0.0012376294128409776,-0.023566525797178314,False
2022-11-22,CPF,Central Pacific Financial Corp,은행,20.780001,21.15,20.77,20.93,20.43786,84400.0,0.1561820529925928,21.064000019999998,22.423866593333333,23.862649915000002,-0.021399999999999864,-0.020074997499998304,0.5742857142857147,0.15671641791044738,0.11969783814334302,-0.6163156013448257,-0.09814331157964627,-0.026772117290092545,False
2022-11-23,CPF,Central Pacific Financial Corp,은행,20.790001,21.209999,20.790001,21.040001,20.545275,70200.0,-0.1148987978724314,21.03980004,22.38533326666667,23.81959992,-0.01926666333333138,-0.021524997500000254,0.5685712857142862,0.1934691440877253,0.15734607043089846,-0.15733351559071912,-0.12180909521330295,-0.029104008038462095,False
2022-11-25,CPF,Central Pacific Financial Corp,은행,21.219999,21.27,20.969999,21.129999,20.633158,48100.0,0.25728907283040225,21.0102,22.354199933333334,23.779299910000006,-0.015566666666668283,-0.02015000499999786,0.5407141428571433,0.16644284450273542,0.11703256118831853,0.18476930813569153,-0.11384383102933507,-0.029365149027018488,False
2022-11-28,CPF,Central Pacific Financial Corp,은행,20.940001,21.34,20.82,20.889999,20.3988,107600.0,0.5088180210922166,20.979399979999997,22.3230666,23.737199910000005,-0.015566666666666507,-0.02105000000000068,0.5521427857142859,-0.4346701726610866,0.0801319320258408,0.5413720862298175,-0.04627097590984014,-0.021449314883092593,False
2022-11-29,CPF,Central Pacific Financial Corp,은행,20.469999,20.84,20.440001,20.790001,20.557009,89500.0,0.2315943794968911,20.9402,22.295266613333332,23.69304991,-0.013899993333334137,-0.02207500000000273,0.5492855714285716,-0.18205102264005668,0.06963858085871333,-0.07907654728336663,-0.029191307393637296,-0.026482650871530265,False
2022-11-30,CPF,Central Pacific Financial Corp,은행,20.809999,21.24,20.42,21.190001,20.952526,148500.0,-0.9328046440313043,20.91060002,22.271133293333335,23.65304991,-0.012066659999998564,-0.019999999999999574,0.5835712142857142,0.6854347682134988,0.1310649936660698,-1.1874941592324006,-0.1766995907772395,-0.032331341277094375,False
2022-12-01,CPF,Central Pacific Financial Corp,은행,21.0,21.120001,20.780001,20.92,20.685551,103600.0,-2.0465255650520375,20.87880002,22.242866626666665,23.608599915,-0.01413333333333533,-0.0222249975000004,0.5042854285714284,-0.5354130512255191,-0.02888632325418162,-0.4698055643743474,-0.15246302448935856,-0.03042177751233128,False
2022-12-02,CPF,Central Pacific Financial Corp,은행,20.65,21.120001,20.51,21.09,20.853645,59200.0,-1.1343879714264982,20.86440004,22.222266626666666,23.56429991,-0.010299999999999088,-0.0221500025000001,0.5107139999999996,0.33286731908660877,-0.004030172686276804,0.4234620959018044,-0.0892119751739208,-0.03053738485371268,False
2022-12-05,CPF,Central Pacific Financial Corp,은행,20.99,21.07,19.969999,20.24,20.013172,160000.0,-3.1904374029652516,20.836800020000002,22.191533293333336,23.51914991,-0.015366666666665196,-0.02257499999999979,0.5521427142857137,-1.539457060661598,-0.057762290558446235,-0.24374280114552893,-0.08190466069506788,-0.03607664060383311,False
2022-12-06,CPF,Central Pacific Financial Corp,은행,20.17,20.57,20.110001,20.48,20.250483,140400.0,-0.5642457885492669,20.81660002,22.1633333,23.473549910000003,-0.01409999666666728,-0.022799999999998377,0.5421427857142849,0.4426878053607165,-0.08224712974394577,1.4570722204587994,-0.00384281726877646,-0.02369921108531198,False
2022-12-07,CPF,Central Pacific Financial Corp,은행,20.4,20.639999,20.139999,20.280001,20.052725,176100.0,-1.3008872116103354,20.801400020000003,22.130799973333332,23.428649915,-0.01626666333333482,-0.022449997500000762,0.5357143571428562,-0.37333141688914845,-0.0449868111449675,-0.24361353623870707,0.013457673235346282,-0.020753561940553396,False
2022-12-08,CPF,Central Pacific Financial Corp,은행,20.379999,20.620001,20.08,20.5,20.270258,81300.0,-0.8708123606163576,20.7874,22.104799973333332,23.38644991,-0.0129999999999999,-0.02110000250000077,0.5435714999999993,0.40472872473998667,-0.025304838949107546,-0.12623232824957142,-0.016097315121023616,-0.024859997400287645,False
2022-12-09,CPF,Central Pacific Financial Corp,은행,20.42,21.01,20.290001,20.52,20.290035,96200.0,0.08306170644249988,20.791,22.081599973333333,23.347099914999998,-0.01159999999999961,-0.019674997500001012,0.5421427142857136,0.03689065530715481,-0.016780510633797905,0.5595512839451401,0.04703271920996915,-0.01933633439444258,False
2022-12-12,CPF,Central Pacific Financial Corp,은행,20.610001,20.610001,20.27,20.299999,20.072498,157600.0,-2.1916110638649067,20.783199959999997,22.05839996,23.303549909999997,-0.011600006666666829,-0.021775002500000085,0.5421427857142851,-0.40579899944650877,-0.07510600316536024,-1.3833186933237729,-0.09576469657942775,-0.03425032897741494,False
2022-12-13,CPF,Central Pacific Financial Corp,은행,20.68,20.940001,19.85,19.99,19.765974,309600.0,-4.1633269552599605,20.766199959999998,22.033266626666666,23.257549905,-0.012566666666666393,-0.023000002499998118,0.5928571428571422,-0.522889879518075,-0.12364931012454042,-0.996957946805763,-0.12295343554092328,-0.040175729261194164,False
2022-12-14,CPF,Central Pacific Financial Corp,은행,19.99,20.07,19.450001,19.48,19.261688,182600.0,-5.659935178940556,20.718799960000002,22.00599996,23.216199905,-0.013633333333332942,-0.020675000000000665,0.6071429285714279,-0.8399999011764798,-0.19746852764341222,-0.4665403006949298,-0.1450396344769383,-0.04518297972251733,False
2022-12-15,CPF,Central Pacific Financial Corp,은행,19.48,19.58,18.93,19.040001,18.82662,202600.0,-5.150846293361722,20.669399979999998,21.974733299999997,23.167799915,-0.015633330000001777,-0.02419999500000003,0.6321428571428565,-0.6960436158192101,-0.25907470338069405,0.6777827416221457,-0.10982438922790586,-0.04248537207582693,False
2022-12-16,CPF,Central Pacific Financial Corp,은행,18.870001,19.09,18.59,18.9,18.688189,1389300.0,-4.485379307715808,20.621599959999998,21.942466633333332,23.11744992,-0.016133333333332445,-0.02517499750000063,0.6307142857142851,-0.22197214043035382,-0.24388198679278456,0.37818817210509104,-0.1214803830939578,-0.03486120391335272,False
2022-12-19,CPF,Central Pacific Financial Corp,은행,19.200001,19.459999,18.950001,19.040001,18.82662,278100.0,-2.706580958726501,20.58739998,21.91179998,23.072199925,-0.015333326666665315,-0.022624997499999466,0.6385714999999994,0.21924091507372584,-0.21521827695608578,0.6918758698124691,-0.06641235330139808,-0.030154206130711275,False
2022-12-20,CPF,Central Pacific Financial Corp,은행,19.1,19.219999,18.91,18.940001,18.727741,254200.0,-3.0151350611441585,20.542799999999996,21.87593332,23.029949935,-0.01793332999999997,-0.021124994999999203,0.6021428571428569,-0.16607354685646744,-0.2760402994610834,-0.22575690809380636,0.0022831646370729364,-0.03378047848383176,False
2022-12-21,CPF,Central Pacific Financial Corp,은행,19.209999,19.639999,19.110001,19.620001,19.400122,304400.0,-0.8409079459466451,20.50920004,21.847933326666666,22.99269994,-0.013999996666667514,-0.018624997499999907,0.6228569999999998,1.0917433696659105,-0.15981484082598127,0.2521985420801667,0.053854886526681085,-0.03642418571203635,False
2022-12-22,CPF,Central Pacific Financial Corp,은행,19.51,19.639999,19.26,19.620001,19.400122,94900.0,0.7034121728286991,20.473600060000003,21.82426666666667,22.952399944999996,-0.011833329999998199,-0.02014999750000257,0.6064282857142855,0.0,-0.18359107790359622,0.7787739298231715,0.07923430323535016,-0.02603326994436055,False
2022-12-23,CPF,Central Pacific Financial Corp,은행,19.57,19.92,19.42,19.75,19.528664,74200.0,0.8895714399123511,20.42040006,21.802266673333335,22.914199949999997,-0.0109999966666674,-0.019099997499999688,0.5621425,0.23125630956563778,-0.057111551458793645,-0.09274859280221728,0.090019603831301,-0.025430916596347723,False
2022-12-27,CPF,Central Pacific Financial Corp,은행,19.75,20.200001,19.620001,20.129999,19.904404,82600.0,3.2621410581689103,20.381600040000002,21.777933326666666,22.874799945,-0.012166673333334543,-0.019700002499998703,0.570714,0.6658308715048193,-0.04117276101992916,0.9028954659913535,0.05043554994076915,-0.021988051877823156,False
2022-12-28,CPF,Central Pacific Financial Corp,은행,20.15,20.200001,19.719999,19.76,19.538551,105700.0,2.6277399994266704,20.32480004,21.75253332666667,22.83424994,-0.012699999999998823,-0.020275002500000028,0.5692855714285715,-0.6499356712511093,-0.06093020776006922,0.02686977732654172,0.06975578662400121,-0.021782689124558618,False
2022-12-29,CPF,Central Pacific Financial Corp,은행,19.83,20.379999,19.709999,20.33,20.102163,79900.0,3.686424437448288,20.28180004,21.73013332,22.79664994,-0.011200003333334152,-0.018800000000000594,0.5785712142857145,0.9851855500687163,-0.019469005950874245,0.04802111572487988,0.08220246119360487,-0.020218197078684875,False
2022-12-30,CPF,Central Pacific Financial Corp,은행,20.290001,20.43,20.16,20.280001,20.052725,70200.0,3.5422519287992005,20.23760006,21.705399993333334,22.755349939999995,-0.01236666333333325,-0.02065000000000161,0.5464284285714286,-0.09150146183044695,-0.02863987146070294,0.046549574425632526,0.04555948194221148,-0.01774980501407637,False
2023-01-03,CPF,Central Pacific Financial Corp,은행,20.309999,20.51,19.959999,20.389999,20.161489,131000.0,4.366249458387128,20.20900004,21.68139998666667,22.715249934999996,-0.012000003333332288,-0.020050002499999664,0.5614284285714286,0.1959252406934471,0.014340431406436763,0.4068309078758868,0.17342731059933003,-0.008442010798367868,False
2023-01-04,CPF,Central Pacific Financial Corp,은행,20.709999,20.940001,20.620001,20.74,20.507568,158300.0,5.033022551325406,20.18800002,21.658733326666667,22.678449935000003,-0.01133333000000114,-0.018399999999996197,0.5228570714285716,0.6694009111203407,0.09950405930918074,0.2518329882798485,0.26262666310544514,-0.010034880055674543,False
2023-01-05,CPF,Central Pacific Financial Corp,은행,20.65,20.799999,20.209999,20.370001,20.141716,106000.0,4.219363365056328,20.20320002,21.634533333333334,22.638949939999996,-0.012099996666666613,-0.019749997500003502,0.5207142857142859,-0.7105604938271601,0.10874973126270358,-0.03440191869478193,0.29349369039116996,-0.010991086904942377,False
2023-01-06,CPF,Central Pacific Financial Corp,은행,20.6,21.030001,20.48,20.940001,20.705328,80300.0,4.518379653804971,20.237800059999998,21.612466673333333,22.602149949999998,-0.011033330000000063,-0.018399994999999336,0.5214285714285717,1.093150684931507,0.23654932417346908,-0.24315329428245835,0.22771254496941254,-0.009918124208485235,False
2023-01-09,CPF,Central Pacific Financial Corp,은행,21.02,21.16,20.629999,20.74,20.507568,152700.0,3.442194965528289,20.26880004,21.591000013333332,22.568449949999998,-0.010733330000000763,-0.01684999999999981,0.5235715000000002,-0.3819936723064572,0.22511921475374738,-0.3356664595362915,0.17672292842359952,-0.013993731209722806,False
2023-01-10,CPF,Central Pacific Financial Corp,은행,20.809999,21.110001,20.610001,21.0,20.764654,150500.0,3.8693649657815854,20.29580004,21.57133334,22.53269995,-0.009833336666666526,-0.01787499999999831,0.5192858571428572,0.5006876201684706,0.24522255083194347,0.07407118639579807,0.13259402246526586,-0.012475839664557248,False
2023-01-11,CPF,Central Pacific Financial Corp,은행,21.0,21.1,20.700001,20.98,20.744879,149900.0,2.2575732961278128,20.31760006,21.552333339999997,22.493599955,-0.009500000000000952,-0.019549997500000416,0.5257144285714287,-0.03804346792296985,0.25436755647005044,-0.8218673016804859,0.0900147086376459,-0.013837897996194786,False
2023-01-12,CPF,Central Pacific Financial Corp,은행,21.16,21.77,21.139999,21.52,21.278828,149300.0,4.099789305185664,20.33760006,21.539333346666666,22.46009996,-0.006499996666665453,-0.016749997499999836,0.5321431428571428,1.0147645558311094,0.24886906976756465,0.801820535214436,0.12927342243295084,-0.00789054718273898,False
2023-01-13,CPF,Central Pacific Financial Corp,은행,21.26,21.42,21.0,21.309999,21.07118,72700.0,2.227420886745901,20.36540004,21.52893333333333,22.422799955000002,-0.005200006666667534,-0.018650002499999374,0.5421432142857144,-0.3873533680149059,0.22120097205221426,-0.654656109751122,0.026885562463358444,-0.012783522056858124,False
2023-01-17,CPF,Central Pacific Financial Corp,은행,21.27,21.27,20.82,20.84,20.606447,67900.0,-0.14414031419056617,20.39120006,21.51913334,22.386699959999998,-0.004899996666665629,-0.018049997500002135,0.5414288571428573,-0.8680715735770084,0.1426775518277395,-0.7287301592232469,-0.018541692281000808,-0.02011950776882692,False
2023-01-18,CPF,Central Pacific Financial Corp,은행,20.73,20.76,20.23,20.280001,20.052725,77600.0,-1.5319968204907441,20.41160008,21.510000013333336,22.348599965,-0.0045666633333318885,-0.019049997499999805,0.5435717142857143,-1.0302210090822577,0.021530988928662564,-0.030739869367949924,-0.08522993052095106,-0.023176178351521505,False
2023-01-19,CPF,Central Pacific Financial Corp,은행,20.200001,20.389999,20.01,20.35,20.121939,106500.0,-0.6515583737332853,20.42060008,21.501400020000002,22.310749965,-0.0042999966666670275,-0.018924999999999415,0.5364286428571428,0.13049079487473297,0.07727573650907989,0.6272456578614742,-0.04234593905417017,-0.019912047494705622,False
2023-01-20,CPF,Central Pacific Financial Corp,은행,20.559999,20.879999,20.450001,20.860001,20.626225,121200.0,-0.3323511131855361,20.438400119999997,21.493400033333334,22.27629997,-0.0039999933333341176,-0.017224997499999617,0.5264285714285712,0.9687943012211654,0.0761049330199691,-0.2519656512635874,-0.0637735652676321,-0.022995940328309098,False
2023-01-23,CPF,Central Pacific Financial Corp,은행,20.9,21.41,20.799999,21.07,20.83387,85500.0,-0.6833579461446582,20.4610001,21.492000026666666,22.244799965,-0.0007000033333337541,-0.015750002500000804,0.550714357142857,0.3813210919168491,0.10987797257334739,-0.38293599542145923,-0.0944511059709958,-0.024691890366423302,False
2023-01-24,CPF,Central Pacific Financial Corp,은행,21.1,21.120001,20.870001,20.9,20.665775,66100.0,-1.4799067595062332,20.48300012,21.487000026666664,22.213099965,-0.002500000000001279,-0.015849999999998587,0.529285714285714,-0.32118758434548245,0.07294134221342384,-0.27203455801138415,-0.14294149639151515,-0.03023465384629668,False
2023-01-25,CPF,Central Pacific Financial Corp,은행,21.75,23.790001,21.709999,22.389999,22.139076,211000.0,5.1268953052319155,20.508000120000002,21.490400026666666,22.18999996,0.001700000000001367,-0.011550002499999934,0.6964284999999999,2.139485963024203,0.17794741734941402,2.1518326500741747,-0.0072272348347775595,-0.01246753014600342,False
2023-01-26,CPF,Central Pacific Financial Corp,은행,22.35,22.559999,21.620001,21.82,21.575464,131800.0,1.2235391662042572,20.52180014,21.49120002,22.163849965,0.000399996666667235,-0.013074997500000407,0.7214283571428572,-0.7900978584449073,0.17226617701957495,-1.5399096817874915,-0.11476350362711396,-0.020861403518738542,False
2023-01-27,CPF,Central Pacific Financial Corp,은행,21.85,22.030001,21.620001,21.940001,21.69412,134900.0,1.3676336016668733,20.54820014,21.494933366666668,22.13844997,0.0018666733333336794,-0.012699997500000393,0.7035712142857145,0.1705598489014746,0.10636683158885836,-0.012937976961197556,-0.09831955238988103,-0.014523595216139992,False
2023-01-30,CPF,Central Pacific Financial Corp,은행,21.84,22.24,21.84,21.85,21.605129,77000.0,2.1276142968633893,20.562600160000002,21.494266693333334,22.114149975,-0.00033333666666734985,-0.012149997499999898,0.6942854285714287,-0.12963112330498514,0.12439272794610635,0.8330135096589562,-0.014842411733077645,-0.007738508717003884,False
2023-01-31,CPF,Central Pacific Financial Corp,은행,21.82,22.690001,21.700001,22.6,22.346724,223300.0,3.853343005727572,20.603200159999997,21.498066686666668,22.09269998,0.0018999966666672918,-0.010724997500000555,0.7292854285714286,1.0284039288556037,0.1620867499951873,-0.021343726542513597,-0.021657762657242764,-0.00964378485028979,False
2023-02-01,CPF,Central Pacific Financial Corp,은행,22.58,23.59,22.129999,23.299999,23.038877,270900.0,5.6413847055392985,20.65620014,21.50713334,22.076299974999998,0.004533326666665616,-0.008200002500000636,0.8049998571428569,0.8695641294701186,0.2269158640946936,0.16403588561562688,0.04876389357819386,-0.012820699073290687,False
2023-02-02,CPF,Central Pacific Financial Corp,은행,23.42,23.99,23.15,23.799999,23.533274,158900.0,6.03696642142999,20.72020012,21.522533333333335,22.06319997,0.007699996666667985,-0.006550002499999152,0.8085712857142856,0.6183746675573618,0.19860230064656878,-0.36554671001631034,-0.034619481081145154,-0.010340755501434087,False
2023-02-03,CPF,Central Pacific Financial Corp,은행,23.700001,24.549999,23.67,24.48,24.205654,200800.0,9.627000619818183,20.793000120000002,21.542733326666667,22.048249974999997,0.010099996666665945,-0.007474997500001024,0.8342854999999998,0.8150699011309689,0.28448967701413125,1.5161438268042349,0.12043765724423748,-0.0021062781415215515,False
2023-02-06,CPF,Central Pacific Financial Corp,은행,24.25,24.299999,23.700001,23.99,23.721146,84700.0,7.638395304015533,20.85420012,21.555399993333335,22.031449975,0.006333333333333968,-0.008399999999998187,0.8549997857142854,-0.5730995588386556,0.3055591066382993,-0.167419781378098,0.1605312556617481,-0.007604632975241224,False
2023-02-07,CPF,Central Pacific Financial Corp,은행,23.889999,24.42,23.76,24.24,23.968344,181400.0,6.892275566601103,20.9182001,21.56919999333333,22.018549975,0.00689999999999813,-0.006450000000000955,0.858571214285714,0.2911814370669145,0.39994499564895447,-0.5534808094867671,0.1231926170818326,-0.011746393470307688,False
2023-02-08,CPF,Central Pacific Financial Corp,은행,24.0,24.18,23.82,23.870001,23.602491,94100.0,6.01327531613931,20.97300014,21.58073334,22.008899985,0.005766673333333472,-0.004824994999999888,0.8614284285714283,-0.42951798167794064,0.35994436875233493,0.2994431776464602,0.0997781542093316,-0.008351190385689915,False
2023-02-09,CPF,Central Pacific Financial Corp,은행,23.950001,23.959999,23.23,23.25,22.989439,122100.0,3.7892259038385223,21.020200159999998,21.588733346666668,21.997349989999996,0.004000003333334945,-0.005774997500001433,0.8757141428571426,-0.7079947321361701,0.24017372351252525,-0.14088493782357547,0.10771249088361816,-0.0036153012853168925,False
2023-02-10,CPF,Central Pacific Financial Corp,은행,23.09,23.42,23.09,23.32,23.058655,102500.0,3.5921301356246937,21.070800139999996,21.597733353333332,21.989149995000002,0.004500003333332003,-0.004099997499997343,0.8557140714285713,0.08180302549324546,0.2187795759108393,-0.06346551364370727,0.13053181101060043,-0.0033016287696171383,False
2023-02-13,CPF,Central Pacific Financial Corp,은행,23.25,23.639999,23.1,23.48,23.216862,211400.0,2.7986583600477566,21.116600119999998,21.60940002,21.9825,0.005833333333333357,-0.0033249975000000376,0.8764282857142854,0.18255914671854845,0.25476148527255577,-0.5643230788689437,0.10965405952077477,-0.00794169418250429,False
2023-02-14,CPF,Central Pacific Financial Corp,은행,23.34,23.5,23.16,23.389999,23.127869,221600.0,2.0329760615671155,21.166000099999998,21.620800013333334,21.973649995000002,0.005699996666667317,-0.004425002499999664,0.6942853571428567,-0.12963113664153256,0.09268169243928893,-0.11100649955050783,-0.05197730830955969,-0.011326218942959248,False
2023-02-15,CPF,Central Pacific Financial Corp,은행,23.25,23.75,23.25,23.719999,23.45417,128600.0,2.6702987193623295,21.21860008,21.63713334,21.97134999,0.00816666333333238,-0.0011500025000010794,0.662856928571428,0.497844988527478,0.18467761008017364,0.31282668884043774,0.08036100387814955,-0.005671046282085221,False
2023-02-16,CPF,Central Pacific Financial Corp,은행,23.4,23.459999,23.1,23.23,22.969664,286400.0,1.5362738302765688,21.27840008,21.65306667333333,21.963249989999998,0.007966666666666455,-0.004050000000001219,0.6778568571428565,-0.7228650043688133,0.1208615491322959,0.18643068767202087,0.09460162278052228,-0.00010857197871241397,False
2023-02-17,CPF,Central Pacific Financial Corp,은행,23.33,23.559999,23.09,23.41,23.147646,161400.0,2.161258550871037,21.33700008,21.666000013333335,21.956749995,0.006466670000001784,-0.003249997499999324,0.6828567857142852,0.263598464225138,0.14894937681301898,0.4461803796112408,0.06697068491997119,0.002152950079476926,False
2023-02-21,CPF,Central Pacific Financial Corp,은행,23.17,23.23,22.93,23.219999,22.959774,169700.0,2.884930689675924,21.395800039999997,21.67573334,21.94704999,0.004866663333332966,-0.004850002499999562,0.646428214285714,-0.2939243612841757,0.05449735608874901,0.9884419121910639,0.13909823054379816,0.002359825258303309,False
2023-02-22,CPF,Central Pacific Financial Corp,은행,23.09,23.459999,22.82,23.0,22.742241,192400.0,1.5671090011317945,21.445800039999998,21.679533340000003,21.940049990000002,0.001900000000000901,-0.0034999999999989484,0.5878566428571427,-0.374239200446467,-0.034345738905292814,-0.26700661463400693,0.10830948052596719,0.002796649157491836,False
2023-02-23,CPF,Central Pacific Financial Corp,은행,23.1,23.34,22.879999,23.17,22.910336,121100.0,1.5965215243131325,21.498800039999995,21.683000006666667,21.935899990000003,0.0017333333333322543,-0.002074999999999605,0.5607138571428568,0.3031849451095154,-0.056859290508710414,-0.06714668732971685,0.12962376786072385,0.001929738805479742,False
2023-02-24,CPF,Central Pacific Financial Corp,은행,22.950001,23.200001,22.799999,23.200001,22.940001,155600.0,2.388175123470848,21.556800080000002,21.687066679999997,21.932999990000003,0.002033336666665164,-0.0014500000000001734,0.526428357142857,0.05698971112199648,-0.1110078755093513,0.7838692528649899,0.07731844115077777,0.011485877679052355,False
2023-02-27,CPF,Central Pacific Financial Corp,은행,23.09,23.120001,22.549999,22.58,22.58,116500.0,-0.8966710674736533,21.608600080000002,21.68713334666667,21.927099990000002,3.333333333621624e-05,-0.00295000000000023,0.517142857142857,-1.198896961325971,-0.155707689972731,-1.4073818537450713,-0.011250278304006045,-0.0011177714545458572,False
2023-02-28,CPF,Central Pacific Financial Corp,은행,22.610001,22.75,22.379999,22.43,22.43,215200.0,-1.4372486762909698,21.667600080000003,21.68313334,21.92139999,-0.002000003333334277,-0.0028500000000004633,0.4964286428571426,-0.30215822990528796,-0.19808909475645972,-0.07933191248886681,0.022617500052986832,-0.007054038663569475,False
2023-03-01,CPF,Central Pacific Financial Corp,은행,22.299999,22.51,22.17,22.43,22.43,126500.0,-1.0837560173470595,21.735400060000003,21.678933346666668,21.91489999,-0.0020999966666668257,-0.0032500000000013074,0.49071435714285705,0.0,-0.1674092389223211,0.35493805918951676,0.026581420163205163,-0.009620450342945957,False
2023-03-02,CPF,Central Pacific Financial Corp,은행,22.25,22.35,21.98,22.209999,22.209999,100200.0,-2.7249814317578336,21.801600039999997,21.669066666666666,21.907249985,-0.0049333400000008965,-0.003825002499999286,0.4707144285714285,-0.4673767929053738,-0.1502222432629785,-1.0531249457584737,-0.03857858040357328,-0.014839123773073174,False
2023-03-03,CPF,Central Pacific Financial Corp,은행,22.26,22.530001,22.059999,22.379999,22.379999,239600.0,-3.4014307854505543,21.8684,21.6618,21.900949985,-0.0036333333333331552,-0.003149999999999764,0.480714571428571,0.3536402058602084,-0.13080530180819544,-0.8473159625010338,-0.09456789817909661,-0.0134729004295419,False
2023-03-06,CPF,Central Pacific Financial Corp,은행,22.42,22.559999,21.780001,22.02,22.02,228500.0,-4.621737745893473,21.92999998,21.65073333333333,21.889449985000002,-0.005533333333334056,-0.005749999999999034,0.497857357142857,-0.7230966758550934,-0.19549500342059845,-0.7760575077020387,-0.1096917859528891,-0.015935680392020247,False
2023-03-07,CPF,Central Pacific Financial Corp,은행,21.969999,22.129999,21.83,22.059999,22.059999,220400.0,-2.7038991680162106,21.978799940000002,21.640466659999998,21.880649979999998,-0.005133336666666821,-0.004400002500002387,0.495000142857143,0.08080603728541828,-0.18046377671153052,1.2550063850741957,-0.012119437051124584,-0.007697102437526141,False
2023-03-08,CPF,Central Pacific Financial Corp,은행,22.120001,22.219999,21.809999,22.1,22.1,160100.0,-2.4204744948840284,22.028399920000002,21.633533333333336,21.87529998,-0.0034666633333308994,-0.0026749999999982066,0.48857157142857155,0.08187336787328459,-0.21017603532968718,-0.026833939724351524,-0.0363809105200381,-0.0051095580959520485,False
2023-03-09,CPF,Central Pacific Financial Corp,은행,21.98,21.98,20.629999,20.690001,20.690001,184800.0,-6.502589830955808,22.04719994,21.615866673333333,21.86349999,-0.008833330000001638,-0.005899995000000047,0.5492860000000002,-2.566966935257775,-0.34189760182175594,-1.2398015429533464,-0.1382546412789929,-0.009859253118118956,False
2023-03-10,CPF,Central Pacific Financial Corp,은행,20.040001,20.74,19.58,20.18,20.18,312500.0,-7.080422520888208,22.04819996,21.59693334,21.845499985,-0.009466666666666512,-0.009000002500000548,0.5985717857142857,-0.8520298018915248,-0.4215853351158033,0.11345734169175248,-0.16202057255895636,-0.005412615280123108,False
2023-03-13,CPF,Central Pacific Financial Corp,은행,19.190001,20.18,18.01,18.799999,18.799999,559500.0,-12.663024720772986,22.02899994,21.568000006666665,21.821649980000004,-0.014466666666667294,-0.011925002499998172,0.7192860714285713,-1.9185704475817047,-0.5376314841370553,-1.820808946166808,-0.36268134815594727,-0.019741286346140974,False
2023-03-14,CPF,Central Pacific Financial Corp,은행,20.27,20.790001,18.469999,18.84,18.84,484000.0,-13.221121679233772,21.999199939999997,21.538800013333333,21.797399975000005,-0.014599996666666115,-0.012125002499999482,0.8392862857142855,0.047660733507585915,-0.5074957745689087,-0.9677057724789061,-0.4127312880020114,-0.027817810272187,False
2023-03-15,CPF,Central Pacific Financial Corp,은행,18.379999,19.334999,17.91,18.93,18.93,114775.0,-10.893769944423815,21.97219992,21.508400013333333,21.772099975,-0.015200000000000102,-0.012650000000002493,0.9082147142857142,0.09909550966786788,-0.5220735913861693,1.0018710209377464,-0.33637288026862117,-0.026765276524123513,False
