Date,Symbol,Name,Industry,Open,High,Low,Close,Adj Close,Volume,RS,50MA,150MA,200MA,MA150_Slope,MA200_Slope,ATR,TC,ATC,TRS,ATRS,ATRS150,IsOriginData_NaN
2021-11-04,MDXH,MDxHealth SA ADR,생명과학 및 메디컬 리서치,12.15,13.17,11.91,12.0,12.0,869800.0,,,,,,,,,,,,,False
2021-11-05,MDXH,MDxHealth SA ADR,생명과학 및 메디컬 리서치,12.03,12.274,11.995,12.0,12.0,94000.0,,,,,,,,,,,,,False
2021-11-08,MDXH,MDxHealth SA ADR,생명과학 및 메디컬 리서치,12.0,12.0,11.81,11.86,11.86,41800.0,,,,,,,,,,,,,False
2021-11-09,MDXH,MDxHealth SA ADR,생명과학 및 메디컬 리서치,11.75,11.75,11.076,11.23,11.23,50800.0,,,,,,,,,,,,,False
2021-11-10,MDXH,MDxHealth SA ADR,생명과학 및 메디컬 리서치,11.39,11.39,11.05,11.26,11.26,2300.0,,,,,,,,,,,,,False
2021-11-11,MDXH,MDxHealth SA ADR,생명과학 및 메디컬 리서치,11.165,11.4,10.93,11.01,11.01,56800.0,,,,,,,,,,,,,False
2021-11-12,MDXH,MDxHealth SA ADR,생명과학 및 메디컬 리서치,11.088,11.25,10.95,11.02,11.02,15200.0,,,,,,,,,,,,,False
2021-11-15,MDXH,MDxHealth SA ADR,생명과학 및 메디컬 리서치,11.0,11.39,11.0,11.15,11.15,25000.0,,,,,,,,,,,,,False
2021-11-16,MDXH,MDxHealth SA ADR,생명과학 및 메디컬 리서치,11.86,11.86,11.065,11.26,11.26,12800.0,,,,,,,,,,,,,False
2021-11-17,MDXH,MDxHealth SA ADR,생명과학 및 메디컬 리서치,10.92,11.19,10.51,11.0,11.0,125100.0,,,,,,,,,,,,,False
2021-11-18,MDXH,MDxHealth SA ADR,생명과학 및 메디컬 리서치,10.64,10.725,10.25,10.375,10.375,75200.0,,,,,,,,,,,,,False
2021-11-19,MDXH,MDxHealth SA ADR,생명과학 및 메디컬 리서치,10.32,10.356,9.97,10.05,10.05,7900.0,,,,,,,,,,,,,False
2021-11-22,MDXH,MDxHealth SA ADR,생명과학 및 메디컬 리서치,9.7,10.622,9.46,10.4,10.4,6100.0,,,,,,,,,,,,,False
2021-11-23,MDXH,MDxHealth SA ADR,생명과학 및 메디컬 리서치,10.21,10.21,9.828,10.1,10.1,6000.0,,,,,,,,,,,,,False
2021-11-24,MDXH,MDxHealth SA ADR,생명과학 및 메디컬 리서치,10.01,10.01,9.15,9.15,9.15,28900.0,,,,,,,0.5812142857142856,-1.6345090328130754,,-1.9381143714074025,,,False
2021-11-26,MDXH,MDxHealth SA ADR,생명과학 및 메디컬 리서치,9.85,9.9,8.79,9.036,9.036,14200.0,,,,,,,0.6405714285714286,-0.17796610169491645,,2.4290214158822443,,,False
2021-11-29,MDXH,MDxHealth SA ADR,생명과학 및 메디컬 리서치,10.0,10.236,9.23,9.23,9.23,126900.0,,,,,,,0.7127142857142859,0.27219883744237433,,-1.0722693822889149,,,False
2021-11-30,MDXH,MDxHealth SA ADR,생명과학 및 메디컬 리서치,10.2,10.2,8.89,9.08,9.08,90700.0,,,,,,,0.7502857142857143,-0.19992383853770038,,1.5932446542252916,,,False
2021-12-01,MDXH,MDxHealth SA ADR,생명과학 및 메디컬 리서치,9.13,9.63,9.128,9.34,9.34,141800.0,,,,,,,0.7652857142857145,0.3397423931304831,,1.3114437608635223,,,False
2021-12-02,MDXH,MDxHealth SA ADR,생명과학 및 메디컬 리서치,9.8,9.84,9.19,9.19,9.19,101200.0,-10.733089862341426,,,,,,0.7781428571428572,-0.19276666054709057,,-1.2474639471694655,,,False
2021-12-03,MDXH,MDxHealth SA ADR,생명과학 및 메디컬 리서치,9.27,9.8,9.0,9.16,9.16,110000.0,-9.164363135523889,,,,,,0.813857142857143,-0.03686150605581806,,0.5490213248404552,,,False
2021-12-06,MDXH,MDxHealth SA ADR,생명과학 및 메디컬 리서치,9.28,9.38,8.81,9.0,9.0,92700.0,-10.589793725783558,,,,,,0.8267142857142858,-0.19353723863832742,,-0.9590658090689196,,,False
2021-12-07,MDXH,MDxHealth SA ADR,생명과학 및 메디컬 리서치,9.6,9.72,9.0,9.13,9.13,62400.0,-9.958663116683475,,,,,,0.821357142857143,0.15827463257674673,,-1.1210476494799133,,,False
2021-12-08,MDXH,MDxHealth SA ADR,생명과학 및 메디컬 리서치,9.515,9.515,8.8,9.05,9.05,11300.0,-10.041180397607752,,,,,,0.8188571428571431,-0.0976971388695046,,-0.28977596600113686,,,False
2021-12-09,MDXH,MDxHealth SA ADR,생명과학 및 메디컬 리서치,8.391,9.35,8.3,8.9,8.9,13400.0,-9.804028177500612,,,,,,0.8402857142857144,-0.17851071064263896,,0.27027340082057044,,,False
2021-12-10,MDXH,MDxHealth SA ADR,생명과학 및 메디컬 리서치,8.9,9.075,8.33,8.45,8.45,21900.0,-14.005392803061289,,,,,,0.8645714285714287,-0.5204890945142113,,-1.1005344404097266,,,False
2021-12-13,MDXH,MDxHealth SA ADR,생명과학 및 메디컬 리서치,8.69,9.19,8.6,8.6,8.6,23000.0,-10.57555278543254,,,,,,0.8344285714285716,0.17976373908577337,,0.7491523321167253,,,False
2021-12-14,MDXH,MDxHealth SA ADR,생명과학 및 메디컬 리서치,8.87,9.15,8.63,8.8,8.8,6800.0,-6.715528473183873,,,,,,0.832857142857143,0.24013722126929798,-0.14586746420061483,0.6947233771727945,-0.009385092850276824,,False
2021-12-15,MDXH,MDxHealth SA ADR,생명과학 및 메디컬 리서치,8.65,9.0,8.65,8.78,8.78,4800.0,-7.214265691092359,,,,,,0.7900000000000001,-0.025316455696204235,-0.030925137263695456,-0.9617685406075952,0.060353895063995126,,False
2021-12-16,MDXH,MDxHealth SA ADR,생명과학 및 메디컬 리서치,8.85,9.728,8.66,9.1,9.1,40400.0,-2.016433379747651,,,,,,0.787,0.4066073697585772,0.010830110697268374,0.9323008214671886,-0.04655471882279457,,False
2021-12-17,MDXH,MDxHealth SA ADR,생명과학 및 메디컬 리서치,10.0,10.0,9.03,9.26,9.26,5200.0,1.2549882959174141,,,,,,0.7705714285714286,0.20763811642565833,0.006218630624645802,0.826345671539738,0.08906064216496636,,False
2021-12-20,MDXH,MDxHealth SA ADR,생명과학 및 메디컬 리서치,9.39,9.99,9.0,9.0,9.0,7900.0,-0.027554745363911337,,,,,,0.7477142857142859,-0.34772640427970924,-0.0043386954997834005,0.3337053589636786,-0.0009064503537202942,,False
2021-12-21,MDXH,MDxHealth SA ADR,생명과학 및 메디컬 리서치,9.01,9.79,9.001,9.47,9.47,4900.0,3.840345825773883,,,,,,0.7648571428571429,0.6144938363840128,0.01528640758975443,-0.4984839737864212,-0.13018700282871626,,False
2021-12-22,MDXH,MDxHealth SA ADR,생명과학 및 메디컬 리서치,9.2,9.399,9.101,9.14,9.14,6600.0,-0.2616712492694129,,,,,,0.7447857142857143,-0.443080464179534,-0.002593149812562958,-1.1172024601759691,-0.12088261090060938,,False
2021-12-23,MDXH,MDxHealth SA ADR,생명과학 및 메디컬 리서치,9.14,9.4,9.04,9.04,9.04,10400.0,-1.8793341210956993,,,,,,0.7133571428571429,-0.14018223690798234,-0.00997320201628898,-0.5878033938684698,-0.20208437652267544,,False
2021-12-27,MDXH,MDxHealth SA ADR,생명과학 및 메디컬 리서치,9.12,9.275,8.71,8.945,8.945,4600.0,-3.990297801341902,,,,,,0.713,-0.1332398316970531,-0.005666244377626528,-1.144124183126752,-0.2153028318125206,,False
2021-12-28,MDXH,MDxHealth SA ADR,생명과학 및 메디컬 리서치,9.0,9.94,9.0,9.43,9.43,21800.0,1.3503265711237056,,,,,,0.732642857142857,0.6619869357511936,0.030313205849119677,0.7435884219734522,-0.08211454099442309,,False
2021-12-29,MDXH,MDxHealth SA ADR,생명과학 및 메디컬 리서치,9.61,9.88,9.409,9.88,9.88,9500.0,5.8390127502068845,,,,,,0.7152142857142856,0.6291820633176887,0.08223314886249063,0.5154249948578125,-0.024600186647355273,,False
2021-12-30,MDXH,MDxHealth SA ADR,생명과학 및 메디컬 리서치,10.28,10.28,9.451,9.55,9.55,5100.0,2.798377284580633,,,,,,0.6994285714285713,-0.4718137254901963,0.06128293351623653,-0.2283888225275197,-0.06021891688650457,,False
2021-12-31,MDXH,MDxHealth SA ADR,생명과학 및 메디컬 리서치,9.52,9.86,9.52,9.52,9.52,2200.0,2.7728074048915863,,,,,,0.6704999999999999,-0.0447427293064894,0.09526481674535951,0.17512052400056718,0.03089929485708784,,False
2022-01-03,MDXH,MDxHealth SA ADR,생명과학 및 메디컬 리서치,9.52,10.11,9.52,9.72,9.72,3300.0,4.24548244049312,,,,,,0.6597857142857142,0.3031287214463587,0.10407660119968705,-0.2330966532773715,-0.03926134695677622,,False
2022-01-04,MDXH,MDxHealth SA ADR,생명과학 및 메디컬 리서치,9.98,10.0,9.6,9.6,9.6,2900.0,2.910541873897876,,,,,,0.6490714285714284,-0.18487949818422078,0.07371826409586427,-0.13032928161045865,-0.09819367972700858,,False
2022-01-05,MDXH,MDxHealth SA ADR,생명과학 및 메디컬 리서치,9.77,9.85,9.71,9.71,9.71,2600.0,5.828315795359473,,,,,,0.6419285714285713,0.17135862913096886,0.08776648444066236,1.8572676644318629,0.10316604920438126,,False
2022-01-06,MDXH,MDxHealth SA ADR,생명과학 및 메디컬 리서치,9.94,9.95,9.63,9.81,9.81,1500.0,6.5737652152821235,,,,,,0.5884999999999998,0.16992353440951516,0.07086049620144365,0.25498755082750146,0.054786529872975054,,False
2022-01-07,MDXH,MDxHealth SA ADR,생명과학 및 메디컬 리서치,9.808,9.92,9.487,9.73,9.73,6300.0,5.6667242665637385,,,,,,0.5501428571428569,-0.14541677486367197,0.045642289680777194,0.22320799736388894,0.011705267431842975,,False
2022-01-10,MDXH,MDxHealth SA ADR,생명과학 및 메디컬 리서치,10.0,10.0,9.475,9.53,9.53,5900.0,2.997305192507582,,,,,,0.5169285714285712,-0.3869006494403781,0.04284412931215799,-0.25722082773790067,-0.030503745903984112,,False
2022-01-11,MDXH,MDxHealth SA ADR,생명과학 및 메디컬 리서치,10.09,10.09,9.45,9.5,9.5,1000.0,1.297005657238004,,,,,,0.5062142857142856,-0.059263440101593214,-0.005281390436813866,-0.8906877515964904,-0.0585183014618462,,False
2022-01-12,MDXH,MDxHealth SA ADR,생명과학 및 메디컬 리서치,9.75,10.3,9.72,10.27,10.27,4500.0,8.453134459828672,,,,,,0.5369999999999999,1.43389199255121,0.12878807075823925,1.1721492985165622,0.10500682415904891,,False
2022-01-13,MDXH,MDxHealth SA ADR,생명과학 및 메디컬 리서치,10.23,10.23,9.61,9.61,9.61,2100.0,2.4423639961809185,,,,,,0.5584285714285713,-1.1818879508825793,0.05438051976005379,0.05823901206451998,0.1511527102971196,,False
2022-01-14,MDXH,MDxHealth SA ADR,생명과학 및 메디컬 리서치,9.905,9.905,9.83,9.83,9.83,1000.0,4.289956413929952,9.785120000000001,,,,,0.539142857142857,0.40805511393746813,0.09304444444823387,0.33623217554815665,0.2568924502024702,,False
2022-01-18,MDXH,MDxHealth SA ADR,생명과학 및 메디컬 리서치,9.86,9.86,9.61,9.701,9.701,4200.0,4.550860501486498,9.739139999999999,,,,,0.4859285714285714,-0.2654711156842561,0.02679744077427318,1.2131004244943395,0.290429021811105,,False
2022-01-19,MDXH,MDxHealth SA ADR,생명과학 및 메디컬 리서치,9.6,9.6,9.5,9.55,9.55,2600.0,3.5813731376721725,9.69014,,,,,0.4666428571428571,-0.32358793816010983,-0.041257559331283854,0.3923882782159513,0.28164068490811495,,False
2022-01-20,MDXH,MDxHealth SA ADR,생명과학 및 메디컬 리서치,9.5,9.645,9.5,9.501,9.501,1300.0,3.9889339418766268,9.642959999999999,,,,,0.4177857142857143,-0.11728500598393189,-0.015934079366550686,0.6140155182789945,0.34181242353715163,,False
2022-01-21,MDXH,MDxHealth SA ADR,생명과학 및 메디컬 리서치,9.5,9.5,9.4,9.4,9.4,1200.0,4.3772927093696845,9.60636,,,,,0.4007142857142857,-0.25204991087343803,-0.0307417351927613,0.8939061736065914,0.3931542556518677,,False
2022-01-24,MDXH,MDxHealth SA ADR,생명과학 및 메디컬 리서치,9.15,9.15,8.91,8.951,8.951,2300.0,-1.1648364922623444,9.560179999999999,,,,,0.39357142857142857,-1.1408348457350268,-0.1338819899914317,-1.283989824072319,0.31809045773794287,,False
2022-01-25,MDXH,MDxHealth SA ADR,생명과학 및 메디컬 리서치,9.24,9.25,9.24,9.25,9.25,2200.0,2.7539067001937756,9.52498,,,,,0.3863571428571428,0.7738953595858742,-0.06539807157928205,1.364858803202963,0.4248896066531872,,False
2022-01-26,MDXH,MDxHealth SA ADR,생명과학 및 메디컬 리서치,9.34,9.4,9.043,9.4,9.4,2100.0,4.096191926118786,9.49258,,,,,0.394,0.380710659898478,-0.05044435509588855,0.4497656663364937,0.32435374964637514,,False
2022-01-27,MDXH,MDxHealth SA ADR,생명과학 및 메디컬 리서치,9.15,9.16,8.65,8.651,8.651,1800.0,-3.536143548473558,9.4426,,,,,0.4247142857142858,-1.7635385132862438,-0.18854878707415706,-1.5271970199953233,0.1970548517304591,,False
2022-01-28,MDXH,MDxHealth SA ADR,생명과학 및 메디컬 리서치,8.73,9.005,8.73,8.91,8.91,1200.0,-3.0377107216901678,9.3956,,,,,0.41907142857142876,0.6180330663030515,-0.13401665556224823,-0.3768235380249818,0.1541954563455398,,False
2022-01-31,MDXH,MDxHealth SA ADR,생명과학 및 메디컬 리서치,8.93,8.93,8.26,8.46,8.46,6200.0,-9.370565640745998,9.3448,,,,,0.4294285714285716,-1.0479041916167644,-0.18123119428913295,-1.8340965415763861,0.041561476785647956,,False
2022-02-01,MDXH,MDxHealth SA ADR,생명과학 및 메디컬 리서치,9.0,9.14,8.26,8.4,8.4,11400.0,-10.238309523028011,9.305299999999999,,,,,0.44657142857142873,-0.13435700575815845,-0.1865950204074591,-0.4271971577916119,0.07466794777171071,,False
2022-02-02,MDXH,MDxHealth SA ADR,생명과학 및 메디컬 리서치,8.48,8.775,8.35,8.375,8.375,9200.0,-10.956194526193563,9.2718,,,,,0.4197857142857145,-0.05955419431682913,-0.29326974804089045,-0.46195727136914905,-0.04205395007726868,,False
2022-02-03,MDXH,MDxHealth SA ADR,생명과학 및 메디컬 리서치,8.47,8.5,8.25,8.25,8.25,3000.0,-9.600138362673071,9.2288,,,,,0.3905000000000002,-0.320102432778489,-0.23171363960488398,0.7139231563554156,0.004780631657795298,,False
2022-02-04,MDXH,MDxHealth SA ADR,생명과학 및 메디컬 리서치,8.66,8.66,8.251,8.325,8.325,3600.0,-8.710647852511277,9.1933,,,,,0.3987142857142859,0.18810462199928155,-0.24742438902904015,-0.019996274556437432,-0.020664257635389992,,False
2022-02-07,MDXH,MDxHealth SA ADR,생명과학 및 메디컬 리서치,8.54,8.54,8.28,8.5,8.5,7400.0,-6.017011369721315,9.180299999999999,,,,,0.3994285714285716,0.43812589413447944,-0.19716745975627334,0.5926262601997956,-0.06498384079928599,,False
2022-02-08,MDXH,MDxHealth SA ADR,생명과학 및 메디컬 리서치,8.19,8.435,7.51,7.855,7.855,10900.0,-13.219749830471939,9.15668,,,,,0.4557857142857144,-1.415138692994827,-0.275135370815896,-1.7680939417852777,-0.21930399937080233,,False
2022-02-09,MDXH,MDxHealth SA ADR,생명과학 및 메디컬 리서치,8.2,8.22,7.3,8.0,8.0,15300.0,-12.28734034407929,9.13208,,,,,0.5111428571428573,0.2836780324203456,-0.24649515378701903,-0.35515064724758283,-0.2885301540512721,,False
2022-02-10,MDXH,MDxHealth SA ADR,생명과학 및 메디컬 리서치,8.05,8.155,8.0,8.1,8.1,2900.0,-8.692384902240956,9.11248,,,,,0.5150000000000002,0.19417475728155262,-0.2146219632045197,0.9998876167834587,-0.2809600509672102,,False
2022-02-11,MDXH,MDxHealth SA ADR,생명과학 및 메디컬 리서치,8.12,9.01,8.055,8.63,8.63,27800.0,-0.5602629221304833,9.09828,,,,,0.548214285714286,0.9667752442996759,-0.06407838534489808,1.8372597340646426,-0.058013653957427226,,False
2022-02-14,MDXH,MDxHealth SA ADR,생명과학 및 메디컬 리서치,8.4,8.59,7.6,8.5,8.5,10400.0,-1.2353987600347782,9.084480000000001,,,,,0.6004285714285719,-0.2165120152272198,-0.13482176926011907,-0.035373675167236246,-0.15803025955529856,,False
2022-02-15,MDXH,MDxHealth SA ADR,생명과학 및 메디컬 리서치,8.45,8.45,8.45,8.45,8.45,1100.0,-2.769663827890134,9.07028,,,,,0.5785000000000002,-0.08643042350907638,-0.1681889895035158,-0.873608396868091,-0.25255697835562607,,False
2022-02-16,MDXH,MDxHealth SA ADR,생명과학 및 메디컬 리서치,8.38,8.74,8.281,8.7,8.7,7600.0,0.43933308193064846,9.06428,,,,,0.557714285714286,0.44825819672131123,-0.010203510217261893,0.40131061718230204,-0.11480643284293854,,False
2022-02-17,MDXH,MDxHealth SA ADR,생명과학 및 메디컬 리서치,8.64,8.9,8.52,8.71,8.71,5200.0,3.0787070042202602,9.05588,,,,,0.5595714285714288,0.01787081950472579,-0.05307224213142802,1.1857190887556617,-0.003196245215749714,,False
2022-02-18,MDXH,MDxHealth SA ADR,생명과학 및 메디컬 리서치,9.5,9.5,9.0,9.0,9.0,1500.0,7.468528387882323,9.054879999999999,,,,,0.5681428571428574,0.5104350012572273,0.05823770021671425,0.9098091475446595,0.1927970182928964,,False
2022-02-22,MDXH,MDxHealth SA ADR,생명과학 및 메디컬 리서치,8.36,8.652,8.26,8.652,8.652,6800.0,4.425338754900632,9.04992,,,,,0.5581428571428574,-0.6234962887125682,0.023299180005684976,-0.07622591468033568,0.2178663928008447,,False
2022-02-23,MDXH,MDxHealth SA ADR,생명과학 및 메디컬 리서치,8.65,8.65,8.181,8.4,8.4,10800.0,3.6499995381710226,9.04892,,,,,0.5614285714285716,-0.448854961832059,-0.0045080176739743,0.4778355073921473,0.2849944484266516,,False
2022-02-24,MDXH,MDxHealth SA ADR,생명과학 및 메디컬 리서치,7.7,7.98,7.6,7.98,7.98,7400.0,-2.21817598345887,9.036520000000001,,,,,0.600714285714286,-0.6991676575505347,-0.03158410515769185,-1.4022238416965702,0.13384109142293835,,False
2022-02-25,MDXH,MDxHealth SA ADR,생명과학 및 메디컬 리서치,10.0,10.0,8.21,8.29,8.29,22500.0,-0.3575500723875469,9.02632,,,,,0.715714285714286,0.4331337325349282,-0.01408202583371709,-0.625530798062317,0.09058862545823264,,False
2022-02-28,MDXH,MDxHealth SA ADR,생명과학 및 메디컬 리서치,8.83,8.83,8.6,8.65,8.65,5200.0,4.314311059837261,9.02372,,,,,0.735714285714286,0.489320388349516,-0.010425276246928766,0.6053556261863997,0.09149786588584721,,False
2022-03-01,MDXH,MDxHealth SA ADR,생명과학 및 메디컬 리서치,8.46,9.35,8.46,8.87,8.87,3200.0,8.117436500676112,9.019120000000001,,,,,0.7285714285714288,0.30196078431372386,0.11222468641796775,1.016975364983262,0.29043138779788574,,False
2022-03-02,MDXH,MDxHealth SA ADR,생명과학 및 메디컬 리서치,8.47,8.8,8.47,8.8,8.8,9100.0,4.864672265709258,9.00992,,,,,0.6914285714285714,-0.10123966942148545,0.08473056485783693,-0.9325998176647665,0.24918501848237265,,False
2022-03-03,MDXH,MDxHealth SA ADR,생명과학 및 메디컬 리서치,8.5,8.5,7.8,8.45,8.45,17200.0,0.9312796986537863,8.99892,,,,,0.7517857142857144,-0.4655581947743486,0.03760678256812971,-0.2208160711933153,0.16199189791260307,,False
2022-03-04,MDXH,MDxHealth SA ADR,생명과학 및 메디컬 리서치,7.82,8.401,7.66,7.69,7.69,10100.0,-7.252139861829987,8.963320000000001,,,,,0.74,-1.0270270270270256,-0.10480766538377753,-0.6460209110481943,-0.015385291024028127,,False
2022-03-07,MDXH,MDxHealth SA ADR,생명과학 및 메디컬 리서치,7.95,8.0,7.85,7.9,7.9,5200.0,-1.8998831926319237,8.93852,,,,,0.6885714285714284,0.3049792531120332,-0.06755828907383091,1.6402466350457936,0.10430187399118829,,False
2022-03-08,MDXH,MDxHealth SA ADR,생명과학 및 메디컬 리서치,7.5,8.15,7.41,7.8,7.8,9100.0,-2.370979638247872,8.913720000000001,,,,,0.7378571428571428,-0.13552758954501526,-0.0710652295049694,0.17105826345487135,0.17892092115711417,,False
2022-03-09,MDXH,MDxHealth SA ADR,생명과학 및 메디컬 리서치,7.905,8.611,7.8,7.8,7.8,6200.0,-5.0304263794529565,8.890820000000001,,,,,0.7629999999999999,0.0,-0.1030836721279202,-1.0301852580940531,0.07667121578023166,,False
2022-03-10,MDXH,MDxHealth SA ADR,생명과학 및 메디컬 리서치,8.01,8.2,7.85,7.85,7.85,11300.0,-4.256374743094382,8.85922,,,,,0.7644285714285713,0.06540833489067442,-0.09968813531463815,0.24598492713690057,0.009547347093177299,,False
2022-03-11,MDXH,MDxHealth SA ADR,생명과학 및 메디컬 리서치,7.99,8.057,7.85,8.045,8.045,2900.0,-0.8859613024110979,8.82252,,,,,0.7227857142857143,0.26978950489178816,-0.11687709934074096,0.8041153994746388,0.0019977936596043966,,False
2022-03-14,MDXH,MDxHealth SA ADR,생명과학 및 메디컬 리서치,8.25,8.43,8.07,8.07,8.07,1800.0,0.21540468024434656,8.79292,,,,,0.6974285714285714,0.035845964768538,-0.0697812240920905,0.33972804579311433,0.0317087908362794,,False
2022-03-15,MDXH,MDxHealth SA ADR,생명과학 및 메디컬 리서치,8.19,8.32,8.1,8.1,8.1,4900.0,-1.441776722267396,8.76452,,,,,0.6816428571428571,0.04401131719584943,-0.034576489875811335,-0.8397035638738282,-0.062401142825575996,,False
2022-03-16,MDXH,MDxHealth SA ADR,생명과학 및 메디컬 리서치,8.3,8.3,7.9,8.17,8.17,3500.0,-2.7282639995195868,8.73352,,,,,0.6530714285714284,0.10718582522148137,0.023020187465046953,-0.8880138659265338,-0.02567185884200196,,False
2022-03-17,MDXH,MDxHealth SA ADR,생명과학 및 메디컬 리서치,8.251,8.325,8.01,8.193,8.193,6100.0,-3.42622082888564,8.70538,,,,,0.5312857142857143,0.04329120731379345,-0.004825707193605528,-0.5271240266266638,-0.0186428037394553,,False
2022-03-18,MDXH,MDxHealth SA ADR,생명과학 및 메디컬 리서치,8.25,8.25,8.15,8.15,8.15,2100.0,-4.637875966347704,8.67418,,,,,0.49985714285714267,-0.08602457845098455,-0.04592177625078414,-0.630965847338951,-0.10695148041983749,,False
2022-03-21,MDXH,MDxHealth SA ADR,생명과학 및 메디컬 리서치,8.49,8.49,8.41,8.41,8.41,1100.0,-1.0766759789576197,8.646180000000001,,,,,0.46057142857142847,0.5645161290322578,-0.027167823056603146,0.5857286179453356,-0.1377548194939751,,False
2022-03-22,MDXH,MDxHealth SA ADR,생명과학 및 메디컬 리서치,8.44,8.44,8.151,8.151,8.151,1800.0,-4.686723777505353,8.6146,,,,,0.4526428571428571,-0.5721950449739632,-0.06080749273892299,-1.1388487213790879,-0.15248688404499805,,False
2022-03-23,MDXH,MDxHealth SA ADR,생명과학 및 메디컬 리서치,8.125,8.131,7.91,7.95,7.95,2300.0,-5.373035392016023,8.583,,,,,0.3984285714285713,-0.5044818931516665,-0.0635877569087314,0.12547594330692757,-0.12775174015212357,,False
2022-03-24,MDXH,MDxHealth SA ADR,생명과학 및 메디컬 리서치,7.95,7.95,7.95,7.95,7.95,1000.0,-6.458328330476581,8.552,,,,,0.34199999999999997,0.0,0.00977131645034185,-0.7357095190338868,-0.13415806929395874,,False
2022-03-25,MDXH,MDxHealth SA ADR,생명과학 및 메디컬 리서치,8.3,8.54,8.13,8.13,8.13,1800.0,-4.565900311415594,8.5092,,,,,0.36199999999999993,0.49723756906077526,0.023504053303823425,0.21409527871611939,-0.2360260233175069,,False
2022-03-28,MDXH,MDxHealth SA ADR,생명과학 및 메디컬 리서치,8.06,8.13,8.0,8.0,8.0,1900.0,-6.184799337933655,8.477,,,,,0.3184285714285714,-0.4082548227904915,0.004023536643432262,-0.8324974410984571,-0.3077085736427447,,False
2022-03-29,MDXH,MDxHealth SA ADR,생명과학 및 메디컬 리서치,8.32,8.92,8.23,8.89,8.89,4800.0,3.3791541576959183,8.4582,,,,,0.3262142857142856,2.728268009634336,0.19889982304588485,1.9464760232318261,-0.09508991069089613,,False
2022-03-30,MDXH,MDxHealth SA ADR,생명과학 및 메디컬 리서치,8.45,8.45,8.3,8.3,8.3,1800.0,-2.3372369945501514,8.43018,,,,,0.3397857142857142,-1.7363884801345386,0.07020005054408392,-1.3226877078860395,-0.20713795604967755,,False
2022-03-31,MDXH,MDxHealth SA ADR,생명과학 및 메디컬 리서치,8.28,8.3,8.25,8.3,8.3,1800.0,-0.5028297146567939,8.40518,,,,,0.32857142857142846,0.0,0.0509293716232419,1.0412574534368628,-0.1901992379095187,,False
2022-04-01,MDXH,MDxHealth SA ADR,생명과학 및 메디컬 리서치,8.75,8.75,8.75,8.75,8.75,1400.0,4.115598514185481,8.390160000000002,,,,,0.3332142857142856,1.3504823151125387,0.1448319680763848,1.1163652873158567,-0.13472514922932283,,False
2022-04-04,MDXH,MDxHealth SA ADR,생명과학 및 메디컬 리서치,8.27,8.545,8.0,8.0,8.0,10100.0,-5.227225433946647,8.36216,,,,,0.36892857142857133,-2.0329138431752183,-0.0035198290929771797,-2.62462423765586,-0.26221948307089654,,False
2022-04-05,MDXH,MDxHealth SA ADR,생명과학 및 메디컬 리서치,8.2,8.2,7.9,7.9,7.9,4100.0,-4.901188629815268,8.341140000000001,,,,,0.36178571428571404,-0.27640671273445133,-0.030919296089829518,0.6793020307930238,-0.15026834759092816,,False
2022-04-06,MDXH,MDxHealth SA ADR,생명과학 및 메디컬 리서치,7.97,8.053,7.9,8.053,8.053,7600.0,-2.038157645038008,8.3172,,,,,0.35021428571428553,0.43687538241892876,-0.0028061407251769943,1.1691368156969264,-0.029106858853528848,,False
2022-04-07,MDXH,MDxHealth SA ADR,생명과학 및 메디컬 리서치,7.99,8.03,7.815,7.815,7.815,4100.0,-5.06080156203752,8.285499999999999,,,,,0.3600714285714285,-0.6609799642928004,-0.043874382571020984,-0.9799041650128212,-0.05403102440166243,,False
2022-04-08,MDXH,MDxHealth SA ADR,생명과학 및 메디컬 리서치,9.06,9.06,7.57,7.57,7.57,4300.0,-7.2172366663745375,8.263879999999999,,,,,0.4422142857142856,-0.5540300436116947,-0.12377053775987472,-0.35159091254059527,-0.12098241943637178,,False
2022-04-11,MDXH,MDxHealth SA ADR,생명과학 및 메디컬 리서치,7.77,7.909,7.01,7.26,7.26,4700.0,-8.765249486853788,8.23088,,,,,0.4857857142857142,-0.6381414497867972,-0.12848099524650575,0.6181810792276747,0.004519709178396987,,False
2022-04-12,MDXH,MDxHealth SA ADR,생명과학 및 메디컬 리서치,7.77,7.991,7.6,7.6,7.6,6300.0,-3.7057178375423994,8.21368,,,,,0.5207857142857143,0.6528596900288024,-0.04581373930504367,0.8933112744823822,0.05936508997664375,,False
2022-04-13,MDXH,MDxHealth SA ADR,생명과학 및 메디컬 리서치,7.95,7.96,7.44,7.45,7.45,3200.0,-6.128136575579446,8.19468,,,,,0.5579285714285713,-0.2688516195109452,-0.06501742641296833,-1.055202289946771,0.03654417776858059,,False
2022-04-14,MDXH,MDxHealth SA ADR,생명과학 및 메디컬 리서치,7.561,8.185,7.54,7.84,7.84,2700.0,0.20332126083260071,8.18398,,,,,0.5682857142857143,0.686274509803921,-0.05151478778845792,1.5266474635858178,0.13029790525927334,,False
2022-04-18,MDXH,MDxHealth SA ADR,생명과학 및 메디컬 리서치,8.01,8.1,7.7,7.85,7.85,2200.0,0.4605714411210382,8.17598,,,,,0.5875714285714285,0.017019207391198277,-0.02113807134690865,0.03130903835339929,0.19199836807726306,,False
2022-04-19,MDXH,MDxHealth SA ADR,생명과학 및 메디컬 리서치,7.7,7.83,7.7,7.83,7.83,1300.0,-1.0162349473633259,8.166080000000001,,,,,0.5325714285714285,-0.03755364806866873,-0.21869676118283757,-1.1342015314058913,-0.028050028682573874,,False
2022-04-20,MDXH,MDxHealth SA ADR,생명과학 및 메디컬 리서치,7.851,7.917,7.851,7.917,7.917,1000.0,0.23412624226362144,8.15442,,,,,0.49664285714285705,0.17517618294261422,-0.08215642810589806,0.21861160976675548,0.0820427797211972,,False
2022-04-21,MDXH,MDxHealth SA ADR,생명과학 및 메디컬 리서치,7.929,8.07,7.834,7.834,7.834,1600.0,0.6712689681417139,8.154,,,,,0.5099285714285713,-0.1627678946631185,-0.09378270629612082,0.8115580253684718,0.06563567771631211,,False
2022-04-22,MDXH,MDxHealth SA ADR,생명과학 및 메디컬 리서치,8.035,8.08,7.815,7.815,7.815,2800.0,3.0868094124766765,8.1503,,,,,0.4967142857142856,-0.038251366120217054,-0.19297796924131766,1.6179879598270641,0.10146586860996978,,False
2022-04-25,MDXH,MDxHealth SA ADR,생명과학 및 메디컬 리서치,8.08,8.08,7.82,7.82,7.82,2400.0,2.4796835198400924,8.1447,,,,,0.46207142857142847,0.010820837842015539,-0.046996920597229534,-0.3034939457767264,0.26726088945847937,,False
2022-04-26,MDXH,MDxHealth SA ADR,생명과학 및 메디컬 리서치,7.98,8.07,7.8,7.805,7.805,2400.0,4.888303752352763,8.1282,,,,,0.4599285714285714,-0.03261375990060692,-0.02958313825195493,1.4708969502634395,0.3238033837063662,,False
2022-04-27,MDXH,MDxHealth SA ADR,생명과학 및 메디컬 리서치,7.89,7.91,7.88,7.88,7.88,5500.0,5.781442181255914,8.1158,,,,,0.4565,0.16429353778751407,-0.049053270011341694,0.05563860275683914,0.2442677970677885,,False
2022-04-28,MDXH,MDxHealth SA ADR,생명과학 및 메디컬 리서치,8.07,8.12,8.07,8.12,8.12,1500.0,6.101235951195805,8.1092,,,,,0.4566428571428571,0.5255748474894402,0.03570064511596121,-0.7004655969015949,0.26422769479001895,,False
2022-04-29,MDXH,MDxHealth SA ADR,생명과학 및 메디컬 리서치,8.09,8.13,8.029,8.029,8.029,900.0,8.524455030651579,8.09578,,,,,0.3574285714285714,-0.25459632294164475,0.05708876802096478,1.4211310334423446,0.39085069093165753,,False
2022-05-02,MDXH,MDxHealth SA ADR,생명과학 및 메디컬 리서치,8.58,8.58,8.1,8.171,8.171,8100.0,9.693310192977055,8.085,,,,,0.3325714285714286,0.4269759450171805,0.13316858193553463,0.17960141371705723,0.3595235719666134,,False
2022-05-03,MDXH,MDxHealth SA ADR,생명과학 및 메디컬 리서치,8.14,8.25,8.12,8.2,8.2,8200.0,8.890207973209808,8.068999999999999,,,,,0.2896428571428572,0.10012330456226849,0.0936874115450679,-0.11793602415549938,0.2872916220639076,,False
2022-05-04,MDXH,MDxHealth SA ADR,생명과학 및 메디컬 리서치,8.244,8.5,8.244,8.5,8.5,1600.0,8.904037323093661,8.06596,,,,,0.2739285714285716,1.0951760104302497,0.19111795654086755,-0.16249356539254523,0.35105653096063805,,False
2022-05-05,MDXH,MDxHealth SA ADR,생명과학 및 메디컬 리서치,8.505,8.52,8.14,8.19,8.19,6000.0,8.280685773561181,8.06176,,,,,0.2485714285714286,-1.247126436781611,0.05301788892761526,0.17186460163989348,0.25428632653592914,,False
2022-05-06,MDXH,MDxHealth SA ADR,생명과학 및 메디컬 리서치,8.46,8.5,7.945,7.945,7.945,4700.0,5.092854747173581,8.06106,,,,,0.2596428571428572,-0.9436038514442885,-0.015598043846348084,-0.7327389987024686,0.19971146674622428,,False
2022-05-09,MDXH,MDxHealth SA ADR,생명과학 및 메디컬 리서치,8.2,8.5,7.23,7.63,7.63,9000.0,3.630503838461707,8.04786,,,,,0.3396428571428572,-0.9274447949526824,-0.0791616971952062,0.20735642216966454,0.295537034858764,,False
2022-05-10,MDXH,MDxHealth SA ADR,생명과학 및 메디컬 리서치,7.6,7.6,7.45,7.45,7.45,4500.0,0.3482631595627561,8.023859999999999,,,,,0.34628571428571436,-0.5198019801980188,-0.12880299456239427,-0.6005512382146052,0.23702540286009535,,False
2022-05-11,MDXH,MDxHealth SA ADR,생명과학 및 메디컬 리서치,8.01,8.04,6.76,7.3,7.3,13500.0,-0.36667384026587424,7.9924599999999995,,,,,0.4208571428571428,-0.35641547861507217,-0.1426349648446767,0.1884059152940274,0.19251453785477793,,False
2022-05-12,MDXH,MDxHealth SA ADR,생명과학 및 메디컬 리서치,7.71,7.72,7.41,7.41,7.41,2000.0,0.6979628682661554,7.96466,,,,,0.4319285714285714,0.25467173805192733,-0.12171188597523781,0.2973605629368635,0.09818400950547786,,False
2022-05-13,MDXH,MDxHealth SA ADR,생명과학 및 메디컬 리서치,7.75,8.2,7.5,7.962,7.962,7300.0,5.132627991508398,7.9548999999999985,,,,,0.46942857142857136,1.1758977480219104,-0.03849210667667386,0.39559869842444995,0.14811919837699045,,False
2022-05-16,MDXH,MDxHealth SA ADR,생명과학 및 메디컬 리서치,7.64,8.071,7.64,7.77,7.77,2500.0,2.591936384463178,7.9565,,,,,0.4809285714285713,-0.399227684538839,-0.06467881557940473,-0.26237516065549027,0.024314047597066908,,False
2022-05-17,MDXH,MDxHealth SA ADR,생명과학 및 메디컬 리서치,7.77,7.855,7.635,7.855,7.855,1600.0,1.2182178025076373,7.9556,,,,,0.48914285714285705,0.17377336448598307,-0.06400168510094266,-0.520809921965872,-0.016860847025983883,,False
2022-05-18,MDXH,MDxHealth SA ADR,생명과학 및 메디컬 리서치,7.83,7.83,7.075,7.81,7.81,3900.0,4.283733698466463,7.955799999999999,,,,,0.5277142857142857,-0.08527341635084075,-0.10763370394667701,1.2896221381465443,0.12528827690602606,,False
2022-05-19,MDXH,MDxHealth SA ADR,생명과학 및 메디컬 리서치,7.84,7.87,7.6,7.601,7.601,4400.0,1.647774186229345,7.951819999999999,,,,,0.5397857142857142,-0.38719068413391494,-0.11710472974612487,-0.18539316422833754,0.01053654850097734,,False
2022-05-20,MDXH,MDxHealth SA ADR,생명과학 및 메디컬 리서치,8.64,10.95,8.19,9.33,9.33,2842400.0,22.949053324044776,7.981420000000001,,,,,0.739642857142857,2.337614678899083,0.01936946553115388,2.3326692990825295,0.16432711174136821,,False
2022-05-23,MDXH,MDxHealth SA ADR,생명과학 및 메디컬 리서치,9.33,9.33,7.75,8.167,8.167,93600.0,5.028241256497457,7.98386,,,,,0.8432142857142856,-1.3792460821685733,-0.08629977637819196,-1.9967117558234282,0.030128845193658993,,False
2022-05-24,MDXH,MDxHealth SA ADR,생명과학 및 메디컬 리서치,8.54,8.79,7.33,7.7,7.7,46800.0,-0.3810349244338318,7.976459999999999,,,,,0.9260714285714283,-0.5042807558812185,-0.20054668825758254,-0.21855901104566888,0.026124170504150175,,False
2022-05-25,MDXH,MDxHealth SA ADR,생명과학 및 메디컬 리서치,8.29,8.3,6.61,7.31,7.31,21700.0,-6.201811476872221,7.960659999999999,,,,,1.019642857142857,-0.3824868651488622,-0.13878671885524335,-0.7393536544741914,-0.03896284778971304,,False
2022-05-26,MDXH,MDxHealth SA ADR,생명과학 및 메디컬 리서치,7.3,7.528,7.15,7.24,7.24,7900.0,-8.655423401422402,7.942060000000001,,,,,1.007,-0.06951340615690109,-0.07635168704900139,-0.8239903037504428,-0.04548079815028262,,False
2022-05-27,MDXH,MDxHealth SA ADR,생명과학 및 메디컬 리서치,7.17,7.71,7.17,7.41,7.41,18300.0,-8.389962697159081,7.9264,,,,,0.9548571428571427,0.1780371035308198,0.002611305699820206,-0.8113011209495684,-0.11824205123022782,,False
2022-05-31,MDXH,MDxHealth SA ADR,생명과학 및 메디컬 리서치,7.51,7.8,7.51,7.65,7.65,13400.0,-4.543435303696997,7.916399999999999,,,,,0.9698571428571426,0.24745912505523668,0.057415670360767036,0.5133847207949935,-0.0386751970152565,,False
2022-06-01,MDXH,MDxHealth SA ADR,생명과학 및 메디컬 리서치,7.67,7.87,7.52,7.52,7.52,38300.0,-5.139606564394827,7.898599999999999,,,,,0.9034285714285714,-0.14389626818469411,0.07259561396293687,0.17771257474942523,-0.03943900705415665,,False
2022-06-02,MDXH,MDxHealth SA ADR,생명과학 및 메디컬 리서치,7.671,7.91,7.67,7.85,7.85,62100.0,-2.5237175453720617,7.892580000000001,,,,,0.9012857142857141,0.36614360437470295,0.08055789012884942,-0.4217258979601627,-0.09080232568965853,,False
2022-06-03,MDXH,MDxHealth SA ADR,생명과학 및 메디컬 리서치,7.76,8.21,7.61,8.11,8.11,4800.0,2.3811861576250593,7.895779999999999,,,,,0.8877142857142858,0.29288702928870264,0.017485695933620305,1.0211829237014125,-0.04611773816987547,,False
2022-06-06,MDXH,MDxHealth SA ADR,생명과학 및 메디컬 리서치,7.91,8.05,7.71,7.74,7.74,68700.0,-2.471770785605243,7.89158,,,,,0.8854999999999998,-0.4178430265386779,0.016156028647917525,-0.5555677208139347,-0.06706006389547865,,False
2022-06-07,MDXH,MDxHealth SA ADR,생명과학 및 메디컬 리서치,7.678,7.76,7.678,7.75,7.75,2700.0,-3.1437315065984794,7.88398,,,,,0.8756428571428572,0.011420181091442778,0.004559372691164647,-0.4073201695201195,-0.05895365300649633,,False
2022-06-08,MDXH,MDxHealth SA ADR,생명과학 및 메디컬 리서치,8.01,8.01,7.95,7.95,7.95,1000.0,0.2585485134618759,7.88298,,,,,0.8384999999999999,0.23852116875372714,0.027687557341490924,0.7674053449514739,-0.09625485252042991,,False
2022-06-09,MDXH,MDxHealth SA ADR,생명과학 및 메디컬 리서치,7.95,7.95,7.63,7.77,7.77,2100.0,0.17247758453118323,7.86058,8.7013,,,,0.8420714285714285,-0.21375858851471785,0.04007556417143358,0.9090064450849445,-0.018083451855195498,,False
2022-06-10,MDXH,MDxHealth SA ADR,생명과학 및 메디컬 리서치,7.76,7.79,7.61,7.63,7.63,1400.0,1.1322221381159903,7.84718,8.672166666666667,,-0.014566666666666173,,0.6157142857142857,-0.2273781902552199,-0.14313821219673092,1.1304566753881895,-0.10395578211907693,,False
2022-06-13,MDXH,MDxHealth SA ADR,생명과학 및 메디컬 리서치,7.52,7.52,7.52,7.52,7.52,700.0,3.6223620268464485,7.83158,8.6423,,-0.014933333333333465,,0.5107142857142857,-0.21538461538461603,-0.06000525028359112,1.4233840769677324,0.14033677736600597,,False
2022-06-14,MDXH,MDxHealth SA ADR,생명과학 및 메디컬 리서치,7.44,7.442,6.43,7.0,7.0,11400.0,-3.0155424531899233,7.7965800000000005,8.609900000000001,,-0.016199999999999548,,0.4842857142857143,-1.073746312684365,-0.10068136148381587,-0.9172504643952135,0.09043024498389565,,False
2022-06-15,MDXH,MDxHealth SA ADR,생명과학 및 메디컬 리서치,7.18,7.18,6.757,7.03,7.03,8900.0,-3.836047529977993,7.7771799999999995,8.581900000000001,,-0.014000000000000234,,0.3937857142857143,0.07618356611645265,-0.06791918782200766,-0.5077928620788733,0.10697030158356122,,False
2022-06-16,MDXH,MDxHealth SA ADR,생명과학 및 메디컬 리서치,6.595,7.08,6.2,6.65,6.65,38900.0,-5.5441187153924325,7.752179999999999,8.551166666666667,,-0.015366666666666973,,0.42964285714285716,-0.8844555278470487,-0.12612933937130394,0.3834170177959455,0.19321368169401754,,False
2022-06-17,MDXH,MDxHealth SA ADR,생명과학 및 메디컬 리서치,6.98,7.064,6.925,6.95,6.95,3300.0,-1.3524339459898616,7.73012,8.5241,,-0.013533333333333175,,0.42064285714285715,0.7131940906775339,-0.08790384028939578,0.6282970287075983,0.2960421209552437,,False
2022-06-21,MDXH,MDxHealth SA ADR,생명과학 및 메디컬 리서치,7.15,7.15,6.85,6.85,6.85,1100.0,-3.6576625222503156,7.71082,8.4963,,-0.013900000000000468,,0.4142142857142858,-0.24142093464390535,-0.1228238445536202,-1.1591777955235123,0.17657336978963617,,False
2022-06-22,MDXH,MDxHealth SA ADR,생명과학 및 메디컬 리서치,7.13,7.73,7.02,7.39,7.39,18500.0,4.3205582773348405,7.7072199999999995,8.471233333333332,,-0.01253333333333373,,0.4520714285714287,1.1945015010270184,-0.027224003895640756,1.2448125089105135,0.25279479365828533,,False
2022-06-23,MDXH,MDxHealth SA ADR,생명과학 및 메디컬 리서치,7.12,7.12,6.785,6.785,6.785,2200.0,-4.704344207065104,7.6977199999999995,8.4414,,-0.014916666666666245,,0.46742857142857147,-1.2943154034229818,-0.1458282187383325,-1.674587418741202,0.16330468503106824,,False
2022-06-24,MDXH,MDxHealth SA ADR,생명과학 및 메디컬 리서치,7.17,7.19,6.89,6.89,6.89,1300.0,-5.909148087443317,7.68352,8.414000000000001,,-0.013699999999999157,,0.4535,0.2315325248070552,-0.1502106833441645,-0.9633473227158904,0.021552524572689462,,False
2022-06-27,MDXH,MDxHealth SA ADR,생명과학 및 메디컬 리서치,7.48,7.72,7.2,7.3,7.3,12400.0,-0.24610404745614156,7.6805200000000005,8.393500000000001,,-0.010250000000000092,,0.48421428571428576,0.8467325564242516,-0.05988385598966951,0.9685050542885901,0.13041486565144123,,False
2022-06-28,MDXH,MDxHealth SA ADR,생명과학 및 메디컬 리서치,7.55,8.5,7.55,7.9,7.9,21400.0,9.341014770222822,7.681719999999999,8.379166666666666,,-0.007166666666667432,,0.5640714285714287,1.063695074078765,0.01527863636656778,1.8617681915820872,0.2924926057301703,,False
2022-06-29,MDXH,MDxHealth SA ADR,생명과학 및 메디컬 리서치,8.01,8.29,7.92,8.29,8.29,3600.0,13.858569367830231,7.69052,8.3651,,-0.007033333333333225,,0.5733571428571429,0.6802043104522216,0.046827432202174536,0.7081604258926779,0.28826082579739915,,False
2022-06-30,MDXH,MDxHealth SA ADR,생명과학 및 메디컬 리서치,7.71,8.5,7.71,8.35,8.35,6400.0,14.577498508027698,7.70092,8.353433333333333,,-0.005833333333333357,,0.6069285714285714,0.09885842061904285,0.06915721856887172,0.44820504415336637,0.2553464400165721,0.06112084190211244,False
2022-07-01,MDXH,MDxHealth SA ADR,생명과학 및 메디컬 리서치,8.45,8.961,8.377,8.702,8.702,5300.0,16.95943979911647,7.716620000000001,8.350446666666667,,-0.0014933333333333465,,0.6377142857142858,0.551971326164875,0.12482504117030706,0.12192703631725471,0.18330860865436246,0.0748544512869435,False
2022-07-05,MDXH,MDxHealth SA ADR,생명과학 및 메디컬 리서치,8.125,8.87,7.86,8.4,8.4,14300.0,12.092271727205063,7.72794,8.346206666666667,,-0.0021199999999996777,,0.702,-0.43019943019942963,0.10948112582639181,-0.4995031190689302,0.0459595232231723,0.055330954387268996,False
2022-07-06,MDXH,MDxHealth SA ADR,생명과학 및 메디컬 리서치,7.91,8.066,7.91,8.01,8.01,1600.0,5.951652640370098,7.73184,8.338073333333334,,-0.004066666666666663,,0.6591428571428573,-0.591677503250976,0.143914612214491,-0.7496611824435455,0.057930186219720015,0.05748167571957147,False
2022-07-07,MDXH,MDxHealth SA ADR,생명과학 및 메디컬 리서치,7.86,8.0,7.21,7.6,7.6,14300.0,-1.1667415287020533,7.7274400000000005,8.328206666666667,,-0.004933333333333678,,0.6860714285714284,-0.597605413846955,0.09578682793139047,-1.289983306468923,0.0020594401918593136,0.03826015598161003,False
2022-07-08,MDXH,MDxHealth SA ADR,생명과학 및 메디컬 리서치,7.7,7.7,7.5,7.55,7.55,2600.0,-1.7468690391746033,7.72234,8.316273333333333,,-0.005966666666666676,,0.6375000000000001,-0.07843137254901932,0.15335998188124972,-0.035732884467748624,-0.02787983854126169,0.029278978346068227,False
2022-07-11,MDXH,MDxHealth SA ADR,생명과학 및 메디컬 리서치,7.32,7.46,7.287,7.43,7.43,5900.0,-2.1654315423050186,7.7133400000000005,8.304540000000001,,-0.0058666666666660205,,0.6267142857142858,-0.19147481194438126,0.08874077455111293,0.41145853489717793,-0.043368302384863146,0.04033846155984585,False
2022-07-12,MDXH,MDxHealth SA ADR,생명과학 및 메디컬 리서치,7.3,7.35,7.12,7.12,7.12,4000.0,-5.152356591701257,7.693339999999999,8.290939999999999,,-0.0068000000000010274,,0.6274285714285713,-0.49408014571948944,0.07069368804571406,-0.00018565496715444718,0.039416850512019576,0.03667708169446178,False
2022-07-13,MDXH,MDxHealth SA ADR,생명과학 및 메디컬 리서치,7.17,7.3,7.15,7.3,7.3,4000.0,-2.1065786497795336,7.67876,8.279606666666666,,-0.005666666666666487,,0.5774285714285713,0.3117268678871841,0.007638357107154469,0.5509066420268799,-0.01014785426538283,0.04674356470176711,False
2022-07-14,MDXH,MDxHealth SA ADR,생명과학 및 메디컬 리서치,7.1,7.1,6.84,7.0,7.0,4300.0,-5.782079305068699,7.65534,8.265406666666667,,-0.00709999999999944,,0.5670714285714284,-0.5290338833606245,0.062301322825894276,-0.37216129177927215,0.082882583374755,0.051736140419771384,False
2022-07-15,MDXH,MDxHealth SA ADR,생명과학 및 메디컬 리서치,7.05,7.11,7.01,7.1,7.1,6400.0,-6.1957777999604335,7.6333400000000005,8.252406666666667,,-0.00649999999999995,,0.5459999999999999,0.18315018315018253,0.05884544127897479,-0.8643464774980611,0.0899540723188857,0.04790567034312522,False
2022-07-18,MDXH,MDxHealth SA ADR,생명과학 및 메디컬 리서치,7.55,7.55,6.88,6.88,6.88,6700.0,-8.294465833765486,7.6009400000000005,8.23894,,-0.006733333333333924,,0.5345714285714285,-0.41154462854088686,-0.03103150050424938,0.032589835742000806,0.023102985279843582,0.04632111324260142,False
2022-07-19,MDXH,MDxHealth SA ADR,생명과학 및 메디컬 리서치,7.24,7.24,7.16,7.18,7.18,1300.0,-6.7082666036562655,7.58074,8.230473333333332,,-0.004233333333333533,,0.4745714285714285,0.6321493076459961,-0.06185619810659001,-0.8470801583699543,-0.1703861825738737,0.048010808456199906,False
2022-07-20,MDXH,MDxHealth SA ADR,생명과학 및 메디컬 리서치,7.02,7.02,6.96,6.96,6.96,1000.0,-9.954355489579402,7.561039999999999,8.21954,,-0.005466666666666065,,0.46242857142857136,-0.4757491504479452,-0.14442430245660193,-0.7954678855699826,-0.27778820482120653,0.03771334033828853,False
2022-07-21,MDXH,MDxHealth SA ADR,생명과학 및 메디컬 리서치,6.818,7.23,6.818,7.23,7.23,1200.0,-6.999389022901392,7.553039999999999,8.209073333333334,,-0.005233333333332979,,0.43542857142857144,0.6200787401574813,-0.10719427963242774,0.07753350415056626,-0.30426474339283516,0.033598741184807004,False
2022-07-22,MDXH,MDxHealth SA ADR,생명과학 및 메디컬 리서치,6.64,6.92,6.64,6.92,6.92,700.0,-10.054093086963523,7.54244,8.196673333333333,,-0.0062000000000006494,,0.43392857142857144,-0.7144032921810711,-0.19764960951428104,-0.19375452454099662,-0.32681342631128174,0.03871883462525099,False
2022-07-25,MDXH,MDxHealth SA ADR,생명과학 및 메디컬 리서치,7.0,7.0,7.0,7.0,7.0,400.0,-9.14139627606474,7.53644,8.182673333333334,,-0.006999999999999673,,0.3675000000000001,0.2176870748299321,-0.1513720020121838,0.14051757311222024,-0.2810976625840566,0.033440279636217866,False
2022-07-26,MDXH,MDxHealth SA ADR,생명과학 및 메디컬 리서치,7.0,7.0,7.0,7.0,7.0,700.0,-7.87518313999791,7.52824,8.167606666666668,,-0.007533333333332948,,0.3325000000000001,0.0,-0.10910932320854262,0.6821320220042875,-0.17882671940921144,0.03247885530598153,False
2022-07-27,MDXH,MDxHealth SA ADR,생명과학 및 메디컬 리서치,6.88,6.88,6.635,6.84,6.84,2700.0,-11.436215574437291,7.505800000000001,8.153206666666666,,-0.007200000000000983,,0.30142857142857155,-0.5308056872037917,-0.10433791416260241,-1.9771327245748562,-0.22790882070249235,0.0170732680823913,False
2022-07-28,MDXH,MDxHealth SA ADR,생명과학 및 메디컬 리서치,6.68,6.78,6.68,6.68,6.68,900.0,-13.347247579955146,7.484,8.134606666666667,,-0.009299999999999642,,0.29857142857142865,-0.5358851674641152,-0.13701318522796638,-1.1997328587342975,-0.3110516760072458,0.012398275516072123,False
2022-07-29,MDXH,MDxHealth SA ADR,생명과학 및 메디컬 리서치,6.8,6.9,6.8,6.9,6.9,2500.0,-10.481634128636863,7.4649,8.119673333333333,,-0.0074666666666667325,,0.29550000000000015,0.7445008460236905,-0.07015778108738983,-0.030562151146520278,-0.3426245821532243,0.019642544242935118,False
2022-08-01,MDXH,MDxHealth SA ADR,생명과학 및 메디컬 리서치,6.85,6.85,6.84,6.84,6.84,1100.0,-9.5201586763062,7.445500000000001,8.105006666666666,,-0.007333333333333414,,0.27764285714285736,-0.21610496526884648,-0.05030241105520106,-0.0565345368782795,-0.3466495022897332,0.02318433662286972,False
2022-08-02,MDXH,MDxHealth SA ADR,생명과학 및 메디컬 리서치,6.558,6.85,6.558,6.741,6.741,1100.0,-8.879544295376974,7.4283,8.090313333333334,,-0.007346666666665946,,0.28564285714285736,-0.34658664666166583,-0.09732480495154748,0.032530086341055475,-0.383676399124435,0.031028698419321776,False
2022-08-03,MDXH,MDxHealth SA ADR,생명과학 및 메디컬 리서치,7.57,8.033,7.2,7.61,7.61,12200.0,1.9930459235061315,7.3938999999999995,8.07818,,-0.006066666666667331,,0.3450714285714288,2.5183191885737943,0.12034327161519673,1.6310733435582077,-0.24058821088604354,0.03694526456322014,False
2022-08-04,MDXH,MDxHealth SA ADR,생명과학 및 메디컬 리서치,8.5,8.61,7.85,7.85,7.85,5900.0,5.458071152016863,7.38756,8.064646666666668,,-0.006766666666665699,,0.40864285714285725,0.5873099108547438,0.14921182359409396,0.6343070453700139,-0.13354153068118105,0.03773781156663482,False
2022-08-05,MDXH,MDxHealth SA ADR,생명과학 및 메디컬 리서치,7.66,8.13,7.66,8.025,8.025,800.0,7.985284820456506,7.3940600000000005,8.05448,,-0.005083333333334217,,0.394357142857143,0.4437601883716734,0.210305024802134,0.5461436664232765,-0.09685911420394706,0.04290136149297346,False
2022-08-08,MDXH,MDxHealth SA ADR,생명과학 및 메디컬 리서치,8.35,8.35,8.35,8.35,8.35,500.0,12.218491817391609,7.41486,8.046680000000002,,-0.0038999999999989043,,0.39185714285714296,0.8293838862559222,0.22439320898855725,0.9117736266677321,0.028773299013030534,0.047812382177421224,False
2022-08-09,MDXH,MDxHealth SA ADR,생명과학 및 메디컬 리서치,8.05,8.3,7.999,8.1,8.1,2600.0,9.018692354993396,7.43206,8.03588,,-0.0054000000000007375,,0.40121428571428586,-0.6231084208652303,0.21386754681589407,-0.3325595664507892,0.06183817895011577,0.04714929608959844,False
2022-08-10,MDXH,MDxHealth SA ADR,생명과학 및 메디컬 리서치,8.3,8.33,8.29,8.33,8.33,1500.0,9.599625969628134,7.45046,8.027413333333332,,-0.004233333333334421,,0.3882142857142858,0.5924563017479311,0.21189451550092617,-0.828969502106134,-0.002912035782505667,0.04249169461962727,False
2022-08-11,MDXH,MDxHealth SA ADR,생명과학 및 메디컬 리서치,7.93,8.5,7.93,8.5,8.5,700.0,11.379969337402752,7.46746,8.019346666666666,,-0.004033333333333111,,0.38678571428571434,0.4395198522622343,0.2943175972468765,0.48859168158621463,0.04582697894086656,0.033367188067322945,False
2022-08-12,MDXH,MDxHealth SA ADR,생명과학 및 메디컬 리서치,8.357,8.8,8.357,8.7,8.7,1700.0,11.461134823591745,7.49106,8.011946666666667,,-0.0036999999999993705,,0.41271428571428587,0.48459674627898736,0.3133825737789519,-0.6634401495883628,-0.011598572680603658,0.027244336731217185,False
2022-08-15,MDXH,MDxHealth SA ADR,생명과학 및 메디컬 리서치,9.0,9.4,7.73,8.17,8.17,9400.0,3.9569341629980936,7.49746,8.001546666666666,,-0.0052000000000003155,,0.5320000000000001,-0.9962406015037579,0.24222253081439776,-1.2672973601315825,-0.1508435285474515,0.017307634347914044,False
2022-08-16,MDXH,MDxHealth SA ADR,생명과학 및 메디컬 리서치,8.03,9.349,8.03,8.75,8.75,3600.0,10.49850836094912,7.51026,7.996346666666667,,-0.0025999999999997137,,0.6001428571428573,0.966436562723161,0.3491684058091801,0.8265293380772853,0.04941804735627288,0.024532635453348616,False
2022-08-17,MDXH,MDxHealth SA ADR,생명과학 및 메디컬 리서치,8.63,8.8,8.07,8.61,8.61,2000.0,8.763779219177792,7.52766,7.990413333333333,,-0.002966666666667006,,0.6408571428571431,-0.21845742309407123,0.3718418161213262,0.3461255208587858,0.15983650304149313,0.03277805726971712,False
2022-08-18,MDXH,MDxHealth SA ADR,생명과학 및 메디컬 리서치,8.26,8.27,8.15,8.15,8.15,2500.0,2.458242841294389,7.535659999999999,7.97628,,-0.0070666666666663325,,0.6580000000000001,-0.699088145896655,0.2687283166984443,-0.8837255861163591,0.09889625768650465,0.01907222470549765,False
2022-08-19,MDXH,MDxHealth SA ADR,생명과학 및 메디컬 리서치,8.21,8.78,8.21,8.71,8.71,1000.0,10.00195054940991,7.55086,7.970280000000001,,-0.0029999999999996696,,0.6987142857142857,0.8014720915968112,0.34141239218884845,1.830773384311679,0.2337039663429302,0.030889120520478704,False
2022-08-22,MDXH,MDxHealth SA ADR,생명과학 및 메디컬 리서치,8.2,9.49,8.15,8.84,8.84,9900.0,12.964114614881783,7.57226,7.963679999999999,8.41904,-0.0033000000000007468,,0.7735714285714286,0.1680517082179119,0.37817227468024683,1.7725203143887738,0.3579889826320529,0.04046437477941615,False
2022-08-23,MDXH,MDxHealth SA ADR,생명과학 및 메디컬 리서치,8.29,8.95,8.18,8.43,8.43,5400.0,7.239032569204085,7.58826,7.955206666666666,8.40119,-0.004236666666666444,-0.008925000000000516,0.7362857142857143,-0.5568490492821111,0.15851740054768218,-0.3837255407288088,0.2140747766115518,0.029818868344595167,False
2022-08-24,MDXH,MDxHealth SA ADR,생명과학 및 메디컬 리서치,8.13,8.45,8.06,8.285,8.285,3900.0,4.264209787756967,7.60356,7.946773333333332,8.382615,-0.0042166666666672015,-0.009287500000000115,0.6927142857142856,-0.20932150958960552,0.10161515623022864,-0.4312373294338572,0.137964464125561,0.024328030960263113,False
2022-08-25,MDXH,MDxHealth SA ADR,생명과학 및 메디컬 리서치,8.79,8.8,7.9,8.19,8.19,10000.0,0.8218053184545715,7.6273599999999995,7.938033333333333,8.364265,-0.004369999999999319,-0.009174999999999933,0.7234285714285713,-0.13131911532385557,0.06053806310911943,-1.1857800105987857,0.014255630052556542,0.01232939410107791,False
2022-08-26,MDXH,MDxHealth SA ADR,생명과학 및 메디컬 리서치,8.4,8.67,7.91,7.95,7.95,7500.0,0.5291599600962149,7.64576,7.928366666666667,8.347865,-0.004833333333333023,-0.008199999999999541,0.7545000000000001,-0.3180914512922456,-0.021424461001463974,1.9782334468802594,0.09043133149630848,0.019558242589569032,False
2022-08-29,MDXH,MDxHealth SA ADR,생명과학 및 메디컬 리서치,8.02,8.78,7.97,8.02,8.02,2100.0,1.2403382729502699,7.67316,7.922160000000001,8.331665000000001,-0.003103333333333236,-0.008099999999999774,0.7887142857142856,0.08875203767433361,0.029422714608504878,0.5190702659911242,0.151262033813588,0.031578643189991984,False
2022-08-30,MDXH,MDxHealth SA ADR,생명과학 및 메디컬 리서치,8.02,8.65,8.02,8.301,8.301,1100.0,4.7969216931875724,7.70018,7.9158333333333335,8.31812,-0.003163333333333629,-0.006772500000000292,0.8172857142857143,0.3438210103128831,0.01166305093457288,1.0580848635737161,0.28605163136214873,0.02953348359246367,False
2022-08-31,MDXH,MDxHealth SA ADR,생명과학 및 메디컬 리서치,8.579,8.579,7.97,7.97,7.97,500.0,0.9442739831409197,7.722580000000001,7.9063,8.302869999999999,-0.004766666666666808,-0.007625000000000881,0.8200714285714286,-0.4036233777545515,-0.04856146549519753,0.09459894264902335,0.25790929286663505,0.027165705434547202,False
2022-09-01,MDXH,MDxHealth SA ADR,생명과학 및 메디컬 리서치,8.3,8.3,7.81,7.81,7.81,700.0,-1.5703282852608913,7.730980000000001,7.900693333333332,8.28617,-0.002803333333333935,-0.008349999999999191,0.8234285714285713,-0.19430950728660673,-0.0970547693213114,-0.38522666732658384,0.27778168445676216,0.03477884111900546,False
2022-09-02,MDXH,MDxHealth SA ADR,생명과학 및 메디컬 리서치,8.01,8.55,7.75,8.55,8.55,1600.0,8.268343048714023,7.76628,7.898293333333334,8.27262,-0.0011999999999989797,-0.0067750000000001975,0.7612857142857143,0.9720397823231389,0.0435366866663241,1.6088667032315418,0.4832219746969853,0.04801677606071562,False
2022-09-06,MDXH,MDxHealth SA ADR,생명과학 및 메디컬 리서치,8.11,8.18,8.04,8.18,8.18,1100.0,3.8125204240063715,7.7920799999999995,7.896426666666667,8.258519999999999,-0.0009333333333336746,-0.007050000000000445,0.7035,-0.5259417199715721,-0.06306176209758542,-0.28776343223900636,0.40362963396010737,0.05832566345629816,False
2022-09-07,MDXH,MDxHealth SA ADR,생명과학 및 메디컬 리서치,8.06,8.06,7.946,7.95,7.95,2300.0,-1.0038836156434972,7.80508,7.893426666666666,8.246395,-0.001500000000000501,-0.006062499999999638,0.6680714285714286,-0.3442745643109156,-0.07204870075593144,-1.3742358005681568,0.28074668242961137,0.052012072504454526,False
2022-09-08,MDXH,MDxHealth SA ADR,생명과학 및 메디컬 리서치,8.59,8.59,7.6,7.6,7.6,2400.0,-5.793606483095859,7.79908,7.88826,8.234145000000002,-0.002583333333332938,-0.006124999999999048,0.7059285714285716,-0.49580087018111973,-0.05752818106196463,-0.8606826819429839,0.28239260415628104,0.049353903100628954,False
2022-09-09,MDXH,MDxHealth SA ADR,생명과학 및 메디컬 리서치,7.91,8.2,7.91,8.2,8.2,600.0,0.12543914190306094,7.79728,7.887926666666666,8.223144999999999,-0.00016666666666687036,-0.005500000000001393,0.7037857142857143,0.8525322236882162,-0.053881028769721416,0.008718076314012113,0.152245796442162,0.04465253590035294,False
2022-09-12,MDXH,MDxHealth SA ADR,생명과학 및 메디컬 리서치,8.285,8.285,8.285,8.285,8.285,400.0,0.14613766154780716,7.795979999999999,7.8876599999999994,8.21407,-0.00013333333333331865,-0.004537499999999639,0.6141428571428573,0.13840428006513278,-0.05599870220920565,-0.4839888575918749,-0.008933430127884322,0.041559252013450024,False
2022-09-13,MDXH,MDxHealth SA ADR,생명과학 및 메디컬 리서치,7.86,7.9,7.86,7.9,7.9,600.0,-0.4581866176929017,7.779939999999999,7.88366,8.20782,-0.0019999999999997797,-0.0031249999999998224,0.5895000000000002,-0.653095843935538,-0.06287347325587898,1.5649411607446462,0.13025704854879103,0.04804135135041569,False
2022-09-14,MDXH,MDxHealth SA ADR,생명과학 및 메디컬 리서치,7.43,7.7,7.41,7.46,7.46,2900.0,-5.989043410951911,7.76114,7.881026666666667,8.19994,-0.0013166666666664106,-0.003940000000000055,0.5966428571428575,-0.7374595953549625,-0.10059762223911879,-0.9017715635011961,0.09664746040112397,0.05381683387230957,False
2022-09-15,MDXH,MDxHealth SA ADR,생명과학 및 메디컬 리서치,7.28,7.3,6.85,7.3,7.3,3000.0,-6.619467220957375,7.74694,7.876360000000001,8.19029,-0.0023333333333330764,-0.004825000000000301,0.5759285714285719,-0.2778122286989954,-0.11106141605162877,0.26776657300798185,0.20047221637303594,0.05796961534068,False
2022-09-16,MDXH,MDxHealth SA ADR,생명과학 및 메디컬 리서치,7.16,7.622,7.15,7.35,7.35,1700.0,-5.288023517975615,7.74194,7.871359999999999,8.18164,-0.002500000000000835,-0.00432499999999969,0.5553571428571432,0.09003215434083564,-0.08190972993498011,0.4584050679779582,0.091913046451443,0.054359731681976664,False
2022-09-19,MDXH,MDxHealth SA ADR,생명과학 및 메디컬 리서치,7.35,7.35,7.35,7.35,7.35,300.0,-5.520021936829734,7.73794,7.862826666666667,8.17169,-0.004266666666666197,-0.004974999999999952,0.496071428571429,0.0,-0.08824916119743251,-0.3438863972252239,0.030273284793132422,0.03981875747337755,False
2022-09-20,MDXH,MDxHealth SA ADR,생명과학 및 메디컬 리서치,7.4,7.4,7.4,7.4,7.4,700.0,-3.2662521342386674,7.73734,7.855493333333333,8.16274,-0.003666666666666707,-0.004475000000000229,0.4546428571428575,0.10997643362136832,-0.10495234524682641,0.6830862162826167,0.00348766712948246,0.04460849008304323,False
2022-09-21,MDXH,MDxHealth SA ADR,생명과학 및 메디컬 리서치,7.08,7.11,7.06,7.06,7.06,700.0,-5.678185582021333,7.736140000000001,7.8462266666666665,8.152239999999999,-0.004633333333333489,-0.005250000000000199,0.43542857142857183,-0.7808398950131243,-0.13189638219386732,0.036425555116241015,-0.0006675748371448496,0.05067538309627212,False
2022-09-22,MDXH,MDxHealth SA ADR,생명과학 및 메디컬 리서치,7.0,7.0,7.0,7.0,7.0,500.0,-5.353943098385194,7.7301400000000005,7.834893333333333,8.14224,-0.005666666666666931,-0.004999999999999893,0.40471428571428597,-0.14825273561595376,-0.1286066127888207,0.2562443531521698,0.045151783768480405,0.04970827466940456,False
2022-09-23,MDXH,MDxHealth SA ADR,생명과학 및 메디컬 리서치,6.79,6.79,6.62,6.65,6.65,1500.0,-8.1600670708448,7.723140000000001,7.82116,8.12984,-0.0068666666666663545,-0.006199999999999761,0.37471428571428594,-0.9340449866564987,-0.26475552485879483,-0.11264150185728272,-0.07781308802357847,0.041052537398651605,False
2022-09-26,MDXH,MDxHealth SA ADR,생명과학 및 메디컬 리서치,6.58,6.58,6.0,6.1,6.1,6900.0,-14.240642857415764,7.703139999999999,7.801826666666666,8.11509,-0.009666666666666934,-0.007374999999999687,0.38471428571428584,-1.4296323802450812,-0.32930485773547397,-0.9517800072464693,-0.1252428433812544,0.028641943033377415,False
2022-09-27,MDXH,MDxHealth SA ADR,생명과학 및 메디컬 리서치,6.68,6.69,6.68,6.68,6.68,2200.0,-5.502639172900892,7.69914,7.788679999999999,8.10399,-0.00657333333333332,-0.005550000000000388,0.4101428571428573,1.4141414141414137,-0.20370371641745047,1.5100522091321946,0.08077772874019927,0.03921713052546095,False
2022-09-28,MDXH,MDxHealth SA ADR,생명과학 및 메디컬 리서치,6.63,6.67,6.63,6.67,6.67,1400.0,-6.769430073640459,7.68894,7.777146666666668,8.09509,-0.0057666666666658095,-0.004449999999999399,0.34300000000000014,-0.029154518950436685,-0.17037183418668747,-0.893835989497006,0.07840963534348341,0.03007265387953326,False
2022-09-29,MDXH,MDxHealth SA ADR,생명과학 및 메디컬 리서치,6.655,6.655,6.38,6.38,6.38,600.0,-8.27208007614938,7.67734,7.76648,8.08399,-0.005333333333334078,-0.005550000000000388,0.32085714285714306,-0.9038290293855739,-0.2958262094062439,0.013043744194667695,0.07871861162067309,0.03950777111880818,False
2022-09-30,MDXH,MDxHealth SA ADR,생명과학 및 메디컬 리서치,6.75,6.75,6.75,6.75,6.75,600.0,-1.2448522202292533,7.66774,7.756213333333333,8.07374,-0.005133333333333212,-0.005124999999999602,0.34121428571428586,1.084362570651036,-0.22825776007867932,1.7060920236461214,0.23515296028052998,0.05505192326353111,False
2022-10-03,MDXH,MDxHealth SA ADR,생명과학 및 메디컬 리서치,6.57,6.66,6.285,6.285,6.285,1900.0,-9.248895807951174,7.655039999999999,7.740446666666667,8.061264999999999,-0.00788333333333302,-0.006237500000001006,0.3440714285714287,-1.351463566535187,-0.27814116883579715,-2.4728390205465867,-0.05325990981170094,0.03453062561864453,False
2022-10-04,MDXH,MDxHealth SA ADR,생명과학 및 메디컬 리서치,6.45,6.45,6.32,6.32,6.32,600.0,-10.438652435604535,7.641439999999999,7.723446666666667,8.047365,-0.008500000000000174,-0.00694999999999979,0.320857142857143,0.10908281389136282,-0.21767385388963104,-1.1793348476404306,-0.07308585867878913,0.019888557534486574,False
2022-10-05,MDXH,MDxHealth SA ADR,생명과학 및 메디컬 리서치,6.6,6.927,6.6,6.927,6.927,1200.0,-1.1961532293157329,7.6399799999999995,7.71096,8.0357,-0.0062433333333333785,-0.005832499999999463,0.3206428571428572,1.8930719536645109,-0.06261069800652344,1.9797339734186137,0.04919752706482743,0.03930411614170911,False
2022-10-06,MDXH,MDxHealth SA ADR,생명과학 및 메디컬 리서치,6.63,6.69,6.63,6.65,6.65,1600.0,-3.8510634681178657,7.6361799999999995,7.6989600000000005,8.02395,-0.005999999999999783,-0.005875000000000519,0.3081428571428572,-0.8989337042188198,-0.13325111647507026,-0.457856021734421,-0.016249693628913937,0.0377238498047684,False
2022-10-07,MDXH,MDxHealth SA ADR,생명과학 및 메디컬 리서치,6.5,6.5,6.5,6.5,6.5,1100.0,-2.7060221413142016,7.632580000000001,7.691026666666667,8.0091,-0.003966666666666896,-0.007424999999999571,0.31885714285714295,-0.4704301075268827,-0.16685326701270475,0.6657371224711155,0.05586627206368173,0.046468903361563806,False
2022-10-10,MDXH,MDxHealth SA ADR,생명과학 및 메디컬 리서치,6.75,6.75,6.495,6.54,6.54,1500.0,-0.8139441761890298,7.62538,7.681959999999999,7.9961,-0.004533333333333722,-0.00649999999999995,0.3335,0.11994002998500759,-0.16614158155815906,0.4173184150690508,0.036882857691284174,0.03831604856171885,False
2022-10-11,MDXH,MDxHealth SA ADR,생명과학 및 메디컬 리서치,6.722,6.722,6.722,6.722,6.722,700.0,2.998323324100194,7.6230199999999995,7.674773333333333,7.984509999999999,-0.0035933333333333373,-0.005795000000000439,0.32221428571428573,0.564841498559079,-0.0700214820172874,0.8310592287878298,0.09364240581068338,0.04271605499727191,False
2022-10-12,MDXH,MDxHealth SA ADR,생명과학 및 메디컬 리서치,6.74,6.91,6.54,6.65,6.65,2700.0,2.3199495684003146,7.6212,7.667106666666667,7.973034999999999,-0.003833333333332689,-0.005737499999999951,0.3443571428571429,-0.20908525202240213,-0.07436666176060516,-0.07482333846239142,0.06999471355250042,0.049085134461482986,False
2022-10-13,MDXH,MDxHealth SA ADR,생명과학 및 메디컬 리서치,7.01,7.01,6.42,6.74,6.74,3500.0,1.1764276759010261,7.6038,7.659706666666666,7.959585,-0.0037000000000007027,-0.00672499999999987,0.3593571428571429,0.2504472271914128,0.010239924942817094,-0.7385463041475104,0.02528722767462702,0.04252159291958691,False
2022-10-14,MDXH,MDxHealth SA ADR,생명과학 및 메디컬 리서치,6.74,6.74,6.74,6.74,6.74,500.0,3.6757425767982355,7.581600000000001,7.651006666666667,7.943885,-0.004349999999999188,-0.007849999999999913,0.31292857142857144,0.0,0.11235652353175148,0.8834167082965265,0.15637270735626957,0.04305026831173284,False
2022-10-17,MDXH,MDxHealth SA ADR,생명과학 및 메디컬 리서치,6.518,6.518,6.518,6.518,6.518,800.0,-2.0218045810910246,7.55146,7.640660000000001,7.928725000000001,-0.00517333333333303,-0.007579999999999476,0.28664285714285714,-0.7744829304759546,-0.043973786798060556,-1.7310575988032348,-0.07513513606768966,0.029245030681090505,False
2022-10-18,MDXH,MDxHealth SA ADR,생명과학 및 메디컬 리서치,6.62,6.62,6.47,6.612,6.612,1700.0,-1.3453513170282982,7.516700000000001,7.630739999999999,7.914185,-0.004960000000000964,-0.007270000000000554,0.2937857142857143,0.3199610989545354,-0.019036956947705408,-0.10725712506658314,-0.018950931465516605,0.034128006939805465,False
2022-10-19,MDXH,MDxHealth SA ADR,생명과학 및 메디컬 리서치,6.5,6.51,6.45,6.45,6.45,1200.0,-2.7996300800028795,7.4837,7.619273333333332,7.897835,-0.00573333333333359,-0.008175000000000043,0.28464285714285714,-0.5691342534504389,0.00486981276194709,-0.3080195422321559,-0.04188402335314686,0.03799463576443465,False
2022-10-20,MDXH,MDxHealth SA ADR,생명과학 및 메디컬 리서치,6.36,6.36,6.36,6.36,6.36,300.0,-3.042938146475016,7.444300000000001,7.607053333333333,7.881635,-0.006109999999999616,-0.008099999999999774,0.2646428571428571,-0.3400809716599185,-0.09687615454597823,-0.02918503403378242,-0.16583238461599717,0.0413142290483872,False
2022-10-21,MDXH,MDxHealth SA ADR,생명과학 및 메디컬 리서치,6.3,6.3,6.3,6.3,6.3,600.0,-5.862967797540675,7.4003,7.594720000000001,7.864585,-0.0061666666666662096,-0.008525000000000116,0.23571428571428577,-0.2545454545454566,-0.018524860832426056,-1.176430609206136,-0.07323178380596494,0.03767779730260597,False
2022-10-24,MDXH,MDxHealth SA ADR,생명과학 및 메디컬 리서치,6.27,6.27,6.27,6.27,6.27,900.0,-7.365215394111935,7.351700000000001,7.580453333333333,7.846884999999999,-0.00713333333333388,-0.008850000000000247,0.22607142857142865,-0.13270142180094893,-0.035795163381876896,-0.6218002606142294,-0.03340788473266486,0.02962760477887553,False
2022-10-25,MDXH,MDxHealth SA ADR,생명과학 및 메디컬 리서치,6.31,6.31,6.3,6.3,6.3,800.0,-7.897692240432342,7.3143,7.568113333333333,7.8297349999999994,-0.006170000000000009,-0.008575,0.1855714285714287,0.1616628175519643,-0.15946724453277308,-0.5259751296901247,-0.21238710638328903,0.033713428723468615,False
2022-10-26,MDXH,MDxHealth SA ADR,생명과학 및 메디컬 리서치,6.3,6.3,6.3,6.3,6.3,0.0,-6.821024672053078,7.2653,7.557113333333334,7.813585,-0.005499999999999616,-0.008074999999999832,0.164357142857143,0.0,-0.09525769423142882,0.31653175223343766,-0.1570736939570134,0.03498713411631202,False
2022-10-27,MDXH,MDxHealth SA ADR,생명과학 및 메디컬 리서치,6.56,6.58,6.29,6.4,6.4,1200.0,-4.569304983226841,7.2211,7.54678,7.7980849999999995,-0.005166666666666764,-0.007750000000000146,0.17435714285714296,0.5735354362966024,-0.020688726815465592,0.8468842380781685,-0.14413461427079535,0.045537759163725725,False
2022-10-28,MDXH,MDxHealth SA ADR,생명과학 및 메디컬 리서치,6.87,7.04,6.84,7.01,7.01,2400.0,2.262588798909615,7.198300000000001,7.539313333333333,7.781785,-0.0037333333333333663,-0.008149999999999658,0.20185714285714296,3.0219391365888137,0.18659692365623484,1.9524911125691173,-0.03447942159221916,0.05712706472274571,False
2022-10-31,MDXH,MDxHealth SA ADR,생명과학 및 메디컬 리서치,7.9,7.9,7.544,7.66,7.66,1600.0,11.726669642568543,7.177299999999999,7.537046666666667,7.772035000000001,-0.0011333333333332085,-0.004874999999999741,0.25242857142857156,2.5749858517260895,0.33017866316816413,2.916224140943569,0.11446092927604792,0.08211854193635922,False
2022-11-01,MDXH,MDxHealth SA ADR,생명과학 및 메디컬 리서치,7.72,7.74,7.534,7.71,7.71,1500.0,11.869369206809544,7.1547,7.529179999999999,7.761434999999999,-0.003933333333333788,-0.005300000000000971,0.24071428571428585,0.20771513353115642,0.3599501192791327,0.3889657475046473,0.1475887211308364,0.07173514009817804,False
2022-11-02,MDXH,MDxHealth SA ADR,생명과학 및 메디컬 리서치,7.55,7.95,7.39,7.9,7.9,1400.0,16.68329217147697,7.1441,7.526513333333334,7.7524299999999995,-0.0013333333333327424,-0.004502499999999632,0.23857142857142874,0.7964071856287436,0.39894725916751345,1.95150400773906,0.3397351719798772,0.09356308486901202,False
2022-11-03,MDXH,MDxHealth SA ADR,생명과학 및 메디컬 리서치,7.55,8.11,7.55,8.11,8.11,1500.0,19.722843962116453,7.140599999999999,7.525246666666665,7.745229999999999,-0.0006333333333343738,-0.0036000000000000476,0.27857142857142875,0.7538461538461501,0.452793413013667,1.2614397170646756,0.3667368154633164,0.09503096662653077,False
2022-11-04,MDXH,MDxHealth SA ADR,생명과학 및 메디컬 리서치,7.5,7.53,7.3,7.49,7.49,3000.0,8.48714201931191,7.1266,7.516846666666665,7.735174999999999,-0.0041999999999999815,-0.005027500000000185,0.3205714285714287,-1.9340463458110486,0.369967454775446,-2.591622710149762,0.30526787893856444,0.07031104664342665,False
2022-11-07,MDXH,MDxHealth SA ADR,생명과학 및 메디컬 리서치,7.53,7.53,7.26,7.26,7.26,2400.0,3.8801826505321824,7.1128,7.511913333333332,7.724475,-0.002466666666666395,-0.005349999999999522,0.32914285714285724,-0.6987847222222233,0.2971998961199632,-1.1853712432789363,0.22825972763768204,0.07990606660593948,False
2022-11-08,MDXH,MDxHealth SA ADR,생명과학 및 메디컬 리서치,7.37,7.52,7.37,7.41,7.41,900.0,5.256643609986367,7.100600000000001,7.5086466666666665,7.71677,-0.0016333333333329314,-0.0038524999999998144,0.33614285714285724,0.4462388440289002,0.369726545939916,0.16319104381896554,0.26191762664133356,0.07646532669277907,False
2022-11-09,MDXH,MDxHealth SA ADR,생명과학 및 메디컬 리서치,7.4,7.4,7.37,7.37,7.37,1300.0,6.599703112628719,7.08198,7.5040933333333335,7.707370000000001,-0.0022766666666664825,-0.004699999999999704,0.3325714285714287,-0.12027491408934715,0.3854269786235282,0.9318819051381753,0.3305652651536163,0.07488362728905408,False
2022-11-10,MDXH,MDxHealth SA ADR,생명과학 및 메디컬 리서치,7.52,7.52,7.4,7.51,7.51,1600.0,2.747665070828975,7.07278,7.50206,7.69792,-0.0010166666666666657,-0.004725000000000534,0.339,0.41297935103244743,0.4331073218790928,-2.100043527030234,0.2645929138804664,0.06741603154227133,False
2022-11-11,MDXH,MDxHealth SA ADR,생명과학 및 메디컬 리서치,7.63,7.92,7.58,7.59,7.59,2400.0,2.8363040756054003,7.068379999999999,7.502193333333333,7.692615,6.666666666621524e-05,-0.0026524999999999466,0.36614285714285716,0.21849395239953198,0.4581927057505557,-0.22843985325073377,0.2926900858350018,0.06823703860420373,False
2022-11-14,MDXH,MDxHealth SA ADR,생명과학 및 메디컬 리서치,7.77,7.91,7.65,7.91,7.91,7700.0,7.4792296550137305,7.05558,7.506526666666667,7.687615000000001,0.002166666666667094,-0.0024999999999995026,0.3861428571428572,0.8287088420273776,0.5058388503559424,1.2698710486291338,0.420964812857806,0.07258163840021346,False
2022-11-15,MDXH,MDxHealth SA ADR,생명과학 및 메디컬 리서치,7.93,8.35,7.93,8.35,8.35,1300.0,11.535057199668408,7.05898,7.511526666666667,7.6870650000000005,0.0024999999999999467,-0.00027500000000024727,0.4175714285714286,1.053711939787888,0.5811039889122201,0.6324427983208974,0.44352988757833883,0.07084251522580357,False
2022-11-16,MDXH,MDxHealth SA ADR,생명과학 및 메디컬 리서치,8.51,8.51,8.0,8.25,8.25,2600.0,10.122627970226915,7.064979999999999,7.51686,7.686315,0.002666666666666817,-0.0003750000000004583,0.4332857142857143,-0.23079459281239614,0.5236518439758631,0.17836088116602258,0.39577821922747125,0.07906626969988885,False
2022-11-17,MDXH,MDxHealth SA ADR,생명과학 및 메디컬 리서치,8.13,8.36,8.1,8.36,8.36,700.0,10.814383402585005,7.08018,7.520326666666667,7.686240000000001,0.0017333333333331424,-3.7499999999468514e-05,0.40614285714285714,0.2708406612733015,0.32714481002475504,0.4291970560149614,0.28697150090217444,0.07174993364941648,False
2022-11-18,MDXH,MDxHealth SA ADR,생명과학 및 메디컬 리서치,8.07,8.07,8.032,8.05,8.05,2400.0,5.232857758460141,7.077180000000001,7.52166,7.68524,0.0006666666666665932,-0.000500000000000167,0.36599999999999994,-0.8469945355191223,0.0827176395072399,-1.0888137911007005,0.0008973628990123059,0.06428244811972247,False
2022-11-21,MDXH,MDxHealth SA ADR,생명과학 및 메디컬 리서치,7.75,7.86,7.445,7.85,7.85,7100.0,2.128506279277609,7.068479999999999,7.521793333333333,7.682865,6.666666666665932e-05,-0.001187500000000341,0.3944999999999999,-0.5069708491761752,0.0316686407424305,-0.301883617443756,-0.04844902031158793,0.06983123421280336,False
2022-11-22,MDXH,MDxHealth SA ADR,생명과학 및 메디컬 리서치,7.85,7.85,7.85,7.85,7.85,300.0,-0.08252277523429496,7.067480000000001,7.521346666666665,7.679614999999999,-0.00022333333333390826,-0.0016250000000002096,0.35449999999999987,0.0,-0.025217586802479756,-0.7730320192552731,-0.24305873652546886,0.06322027668598985,False
2022-11-23,MDXH,MDxHealth SA ADR,생명과학 및 메디컬 리서치,7.87,8.203,7.79,8.203,8.203,1400.0,2.7696283217020667,7.082339999999999,7.523806666666667,7.681355000000001,0.0012300000000009526,0.0008700000000008146,0.34399999999999986,1.026162790697674,-0.005766398455942322,0.6753601310192296,-0.2849215641001436,0.062312290723661574,False
2022-11-25,MDXH,MDxHealth SA ADR,생명과학 및 메디컬 리서치,7.43,7.47,7.42,7.43,7.43,2300.0,-7.273123524740277,7.08494,7.52124,7.678505,-0.001283333333333747,-0.0014250000000002316,0.3420714285714284,-2.2597619544790146,-0.02903179907508275,-2.2414354908460585,-0.2599081912927362,0.03658280105250742,False
2022-11-28,MDXH,MDxHealth SA ADR,생명과학 및 메디컬 리서치,7.81,7.825,7.55,7.825,7.825,1800.0,-1.2509745686489993,7.0944400000000005,7.521273333333333,7.67713,1.6666666666775853e-05,-0.0006875000000001741,0.35099999999999987,1.125356125356127,0.10126397575194226,2.101398384247031,-0.025138932183738496,0.05261541658599914,False
2022-11-29,MDXH,MDxHealth SA ADR,생명과학 및 메디컬 리서치,7.41,7.41,7.17,7.17,7.17,2200.0,-8.993320240312219,7.090839999999999,7.517040000000001,7.669830000000001,-0.0021166666666663225,-0.003649999999999487,0.3792142857142856,-1.7272556036918452,-0.05398562765668239,-1.624281128335155,-0.1528155159090328,0.03198089606200851,False
2022-11-30,MDXH,MDxHealth SA ADR,생명과학 및 메디컬 리서치,7.06,7.74,7.06,7.524,7.524,800.0,-7.004017413767183,7.09332,7.514666666666665,7.66495,-0.0011866666666677794,-0.002440000000000442,0.4249285714285714,0.8330811901159862,0.01411123692941286,-1.039847737329913,-0.29365334751389627,0.024677653794763495,False
2022-12-01,MDXH,MDxHealth SA ADR,생명과학 및 메디컬 리서치,7.01,7.02,7.01,7.02,7.02,1100.0,-12.319709466887463,7.09252,7.5073333333333325,7.6578,-0.003666666666666263,-0.003575000000000106,0.4509285714285714,-1.11769364802788,-0.09522254871775339,-1.0520861611767085,-0.21879924995293015,0.022333516699596066,False
2022-12-02,MDXH,MDxHealth SA ADR,생명과학 및 메디컬 리서치,7.21,7.22,6.9,6.94,6.94,1900.0,-12.151288540105066,7.0913200000000005,7.500073333333333,7.649,-0.0036299999999998,-0.0043999999999999595,0.44449999999999995,-0.17997750281214667,-0.12368479551858758,-0.08938272599695105,-0.20886659800623136,0.012263424970000766,False
2022-12-05,MDXH,MDxHealth SA ADR,생명과학 및 메디컬 리서치,6.8,6.91,6.8,6.91,6.91,700.0,-10.340172374443668,7.096519999999999,7.491666666666666,7.64,-0.004203333333333337,-0.0045000000000001705,0.4316428571428571,-0.06950190302829778,-0.18784270587970725,1.2262123564877714,-0.2119850760163287,0.01924083125513886,False
2022-12-06,MDXH,MDxHealth SA ADR,생명과학 및 메디컬 리서치,7.45,7.47,7.45,7.47,7.47,1400.0,-1.6278514878953043,7.123920000000001,7.4868,7.63235,-0.0024333333333332874,-0.0038249999999999673,0.44021428571428567,1.2721077397371403,-0.1722430058833321,2.2864921548352233,-0.09383869340816256,0.03527035244841034,False
2022-12-07,MDXH,MDxHealth SA ADR,생명과학 및 메디컬 리서치,7.01,7.508,7.01,7.508,7.508,1100.0,-0.8731024262934373,7.14048,7.480186666666666,7.626629999999999,-0.003306666666667013,-0.002860000000000529,0.43935714285714284,0.0864900016257525,-0.14957982056632146,0.21620788227619386,-0.09113533618600747,0.037795028766201944,False
2022-12-08,MDXH,MDxHealth SA ADR,생명과학 및 메디컬 리서치,7.25,7.25,7.05,7.05,7.05,4000.0,-7.1632002584632755,7.14808,7.472586666666667,7.61988,-0.0037999999999991374,-0.0033749999999992397,0.4535,-1.0099228224917314,-0.24106292654953806,-1.5408838754812895,-0.23185540272145394,0.026376705585394053,False
2022-12-09,MDXH,MDxHealth SA ADR,생명과학 및 메디컬 리서치,6.96,6.96,6.85,6.86,6.86,800.0,-8.627702502948765,7.15768,7.465353333333333,7.61428,-0.0036166666666672675,-0.0028000000000001357,0.44435714285714295,-0.4275839897122637,-0.21110503042047676,0.09507663892572155,-0.14729180057670951,0.03189547650291532,False
2022-12-12,MDXH,MDxHealth SA ADR,생명과학 및 메디컬 리서치,6.86,6.86,6.86,6.86,6.86,400.0,-9.482876755972248,7.159879999999999,7.4602200000000005,7.607130000000001,-0.002566666666666162,-0.0035749999999996618,0.4011428571428572,0.0,-0.17489282690789282,-0.9775196938772641,-0.19555152032196008,0.023996302395935795,False
2022-12-13,MDXH,MDxHealth SA ADR,생명과학 및 메디컬 리서치,6.86,6.86,6.86,6.86,6.86,800.0,-9.441168987381143,7.17138,7.456286666666666,7.59818,-0.001966666666667116,-0.004475000000000229,0.4011428571428572,0.0,-0.17489282690789282,-0.474068067287688,-0.17419695232427546,0.024839523535448577,False
2022-12-14,MDXH,MDxHealth SA ADR,생명과학 및 메디컬 리서치,6.86,6.86,6.86,6.86,6.86,200.0,-7.97455625642316,7.182180000000001,7.453353333333333,7.58813,-0.0014666666666665051,-0.005025000000000279,0.3716428571428572,0.0,-0.24819016910058384,0.37345960048155,-0.19576127593410972,0.026073214770032063,False
2022-12-15,MDXH,MDxHealth SA ADR,생명과학 및 메디컬 리서치,6.92,6.92,6.92,6.92,6.92,400.0,-4.005564278688301,7.182040000000001,7.4500866666666665,7.578729999999999,-0.0016333333333333755,-0.0047000000000001485,0.3200000000000001,0.18749999999999872,-0.07338574378065431,1.5613263574413545,0.07586457037213408,0.034499653400061996,False
2022-12-16,MDXH,MDxHealth SA ADR,생명과학 및 메디컬 리서치,7.03,7.03,7.03,7.03,7.03,400.0,-0.5930350430609299,7.18964,7.4438733333333325,7.57163,-0.003106666666667035,-0.00354999999999972,0.2996428571428572,0.367103694874852,-0.12754663167217398,0.9672640074102969,-0.005145027973346943,0.03831075545996765,False
2022-12-19,MDXH,MDxHealth SA ADR,생명과학 및 메디컬 리서치,7.38,7.38,7.25,7.25,7.25,800.0,3.820171607636813,7.2046399999999995,7.440406666666666,7.56943,-0.0017333333333331424,-0.001100000000000101,0.2778571428571429,0.7917737789203074,0.05238403851440838,1.2644087336590506,0.2011899621690963,0.04848931475539792,False
2022-12-20,MDXH,MDxHealth SA ADR,생명과학 및 메디컬 리서치,7.14,7.14,6.9,7.06,7.06,1400.0,1.382541764383749,7.21504,7.435106666666667,7.565229999999999,-0.002649999999999597,-0.002100000000000435,0.2542857142857143,-0.7471910112359567,-0.06049254729644469,-0.8068743724732955,0.21783091680171185,0.046582218418681764,False
2022-12-21,MDXH,MDxHealth SA ADR,생명과학 및 메디컬 리서치,7.0,7.0,6.9,6.9,6.9,2200.0,-1.877532283854244,7.218599999999999,7.42904,7.5607299999999995,-0.0030333333333336654,-0.002249999999999641,0.2289999999999999,-0.6986899563318748,-0.030563712175301454,-1.5382347839176185,0.1831060151773611,0.027729838938254012,False
2022-12-22,MDXH,MDxHealth SA ADR,생명과학 및 메디컬 리서치,6.76,6.777,6.76,6.777,6.777,800.0,-1.4966423247156468,7.22114,7.423546666666666,7.555615,-0.002746666666666897,-0.0025574999999995462,0.21614285714285714,-0.5690680766688708,-0.05835589602221032,0.20970585315430068,0.20446948511673627,0.030363832387471604,False
2022-12-23,MDXH,MDxHealth SA ADR,생명과학 및 메디컬 리서치,6.71,6.71,6.27,6.69,6.69,2500.0,-3.044460198945098,7.22014,7.405946666666667,7.549815,-0.008799999999999475,-0.0029000000000003467,0.24235714285714285,-0.3589743589743579,-0.07903250001835747,-0.682979261342213,0.06809865527173738,0.010259508651306651,False
2022-12-27,MDXH,MDxHealth SA ADR,생명과학 및 메디컬 리서치,6.54,6.54,6.54,6.54,6.54,400.0,-4.12203999283779,7.216139999999999,7.3951,7.54229,-0.0054233333333333356,-0.003762499999999669,0.2130714285714286,-0.7039892725444199,-0.22018228660989747,-0.46692467805788573,-0.12857397564919898,0.0204580891697436,False
2022-12-28,MDXH,MDxHealth SA ADR,생명과학 및 메디컬 리서치,6.57,6.58,6.2,6.2,6.2,2300.0,-7.552035699107407,7.20978,7.3851,7.53294,-0.004999999999999893,-0.004675000000000207,0.20464285714285715,-1.661431064572425,-0.3450337913383388,-0.984625615994774,-0.21434779695426814,0.015350978470082897,False
2022-12-29,MDXH,MDxHealth SA ADR,생명과학 및 메디컬 리서치,6.21,6.58,6.21,6.58,6.58,2800.0,-3.202023011850408,7.20914,7.380233333333334,7.52534,-0.0024333333333332874,-0.0038000000000000256,0.19907142857142857,1.9088625762468598,-0.13654911999986796,0.9716981419030234,-0.03487765285538864,0.026757990445931,False
2022-12-30,MDXH,MDxHealth SA ADR,생명과학 및 메디컬 리서치,6.365,6.61,5.97,6.61,6.61,9600.0,-2.511742524332994,7.21234,7.376033333333333,7.5175399999999994,-0.002100000000000435,-0.0039000000000002366,0.2305,0.1301518438177885,-0.09671084617629279,0.26820288007386794,-0.022511492773378185,0.03403927833809307,False
2023-01-03,MDXH,MDxHealth SA ADR,생명과학 및 메디컬 리서치,6.51,6.99,6.51,6.62,6.62,2200.0,-2.046031958511474,7.217539999999999,7.3707666666666665,7.509675,-0.0026333333333332654,-0.003932499999999894,0.26478571428571435,0.037766387914755055,-0.09401324703952456,0.24867205509719478,0.06507363215336888,0.04110576617840482,False
2023-01-04,MDXH,MDxHealth SA ADR,생명과학 및 메디컬 리서치,6.7,6.75,6.55,6.55,6.55,3800.0,-3.7306947047855643,7.22254,7.363433333333332,7.5016750000000005,-0.003666666666667151,-0.0039999999999995595,0.27907142857142864,-0.25083184028666594,-0.1119298070600007,-0.6683997631271581,0.05119279673626387,0.03322720295225715,False
2023-01-05,MDXH,MDxHealth SA ADR,생명과학 및 메디컬 리서치,7.46,7.6,7.05,7.05,7.05,1900.0,4.969837160152846,7.23814,7.360299999999999,7.4948749999999995,-0.0015666666666667162,-0.0034000000000005137,0.35407142857142865,1.412144442202945,-0.011062346902647497,2.088303017335323,0.1736816122258191,0.04596447256949647,False
2023-01-06,MDXH,MDxHealth SA ADR,생명과학 및 메디컬 리서치,6.75,6.87,6.75,6.87,6.87,700.0,0.417676237560749,7.24954,7.353766666666667,7.4884699999999995,-0.003266666666665863,-0.003202499999999997,0.3712142857142858,-0.48489513180681076,-0.05909057060313389,-1.8211991110207761,-0.06792734980719024,0.036634651149092375,False
2023-01-09,MDXH,MDxHealth SA ADR,생명과학 및 메디컬 리서치,6.64,7.072,6.64,6.86,6.86,3600.0,0.39477216861705244,7.260740000000001,7.345433333333333,7.48302,-0.004166666666666874,-0.0027249999999998664,0.3942142857142858,-0.02536691429606758,-0.08712418554391387,0.020960298474098162,-0.13552047187406158,0.029966500314243614,False
2023-01-10,MDXH,MDxHealth SA ADR,생명과학 및 메디컬 리서치,6.9,6.91,6.86,6.86,6.86,1400.0,-0.3200596027081448,7.26994,7.339566666666668,7.477570000000001,-0.002933333333332566,-0.0027249999999994223,0.3727857142857144,0.0,-0.14367945546679298,-0.4266164337726725,-0.25630798383347037,0.030826175561185363,False
2023-01-11,MDXH,MDxHealth SA ADR,생명과학 및 메디컬 리서치,6.98,6.98,6.95,6.95,6.95,900.0,-0.38352166521524733,7.26874,7.334233333333334,7.47167,-0.002666666666667261,-0.0029500000000006743,0.356357142857143,0.25255562236921175,-0.07226898163785236,-0.5312682113883043,-0.2366218294702567,0.02999985528206414,False
2023-01-12,MDXH,MDxHealth SA ADR,생명과학 및 메디컬 리서치,6.99,7.07,6.99,7.057,7.057,2000.0,0.6194836644702439,7.25668,7.3282799999999995,7.466955,-0.0029766666666670716,-0.0023575000000000124,0.3535000000000002,0.3026874115983031,-0.0007420267856968041,0.08974339098162967,-0.12033767412031042,0.02548210892226517,False
2023-01-13,MDXH,MDxHealth SA ADR,생명과학 및 메디컬 리서치,7.058,7.058,6.99,6.99,6.99,600.0,-0.8195611215957466,7.242279999999999,7.32308,7.4574549999999995,-0.0025999999999997137,-0.004750000000000032,0.348357142857143,-0.19233135124051715,0.026167739316328462,-0.45963409297673324,-0.16814767027252714,0.01635783866852065,False
2023-01-17,MDXH,MDxHealth SA ADR,생명과학 및 메디컬 리서치,7.5,7.5,6.76,6.76,6.76,4200.0,-3.6624426107455865,7.21948,7.317279999999999,7.449755,-0.0029000000000003467,-0.003849999999999909,0.3650000000000001,-0.6301369863013708,0.006798980221541818,-0.49079557194760937,-0.1544202638871983,0.005549490352948659,False
2023-01-18,MDXH,MDxHealth SA ADR,생명과학 및 메디컬 리서치,7.015,7.015,7.015,7.015,7.015,400.0,1.6657733142370068,7.19758,7.313913333333333,7.44333,-0.001683333333333259,-0.0032125000000000625,0.37250000000000005,0.6845637583892613,0.10598133957394762,1.684044898103569,-0.0007795798756658241,0.007287229160520902,False
2023-01-19,MDXH,MDxHealth SA ADR,생명과학 및 메디컬 리서치,6.9,6.9,6.9,6.9,6.9,200.0,1.1411912495364662,7.185779999999999,7.313246666666667,7.43408,-0.00033333333333285253,-0.004624999999999879,0.3535714285714286,-0.32525252525252335,0.20142266381108348,0.17150233773421786,0.08180098824783359,0.01454558117471711,False
2023-01-20,MDXH,MDxHealth SA ADR,생명과학 및 메디컬 리서치,6.98,6.98,6.65,6.65,6.65,2200.0,-3.8567682008024406,7.17358,7.310713333333333,7.4273299999999995,-0.0012666666666669713,-0.003375000000000128,0.35000000000000003,-0.7142857142857142,0.014054928773042454,-1.935045666770467,-0.1258235695145586,0.005030562476773154,False
2023-01-23,MDXH,MDxHealth SA ADR,생명과학 및 메디컬 리서치,6.704,6.704,6.704,6.704,6.704,300.0,-3.9069156764472313,7.159459999999999,7.311073333333332,7.42135,0.00017999999999940286,-0.002989999999999604,0.3081428571428571,0.17524339360222332,0.01727575375764494,-0.589013693736085,-0.1870533247866981,-0.0014523089334403843,False
2023-01-24,MDXH,MDxHealth SA ADR,생명과학 및 메디컬 리서치,7.4,7.45,6.966,7.06,7.06,5900.0,1.312945435433166,7.15326,7.311806666666668,7.416385,0.0003666666666681806,-0.002482500000000165,0.32714285714285707,1.0882096069868994,0.09230741226279811,1.1373626333209976,-0.12357542634214073,0.001941461763982278,False
2023-01-25,MDXH,MDxHealth SA ADR,생명과학 및 메디컬 리서치,7.06,7.06,7.06,7.06,7.06,300.0,1.279200353223242,7.144259999999999,7.313206666666667,7.41261,0.0006999999999992568,-0.001887500000000042,0.3128571428571428,0.0,0.11022397228327423,0.01234668704997164,-0.0749506799009172,0.009751624981138837,False
2023-01-26,MDXH,MDxHealth SA ADR,생명과학 및 메디컬 리서치,6.76,7.576,6.75,7.15,7.15,7100.0,1.2988738197601268,7.13546,7.311606666666666,7.4105099999999995,-0.000800000000000356,-0.0010500000000002174,0.29685714285714276,0.30317613089509404,0.031011950046999165,-0.4466356924474902,-0.2560177305996896,-0.0015246963612478538,False
2023-01-27,MDXH,MDxHealth SA ADR,생명과학 및 메디컬 리서치,6.84,7.0,6.75,6.95,6.95,8800.0,-1.9730336100243329,7.11626,7.312706666666666,7.4089599999999995,0.0005500000000000504,-0.0007749999999999702,0.30399999999999994,-0.657894736842106,0.01865483540162094,-0.8413925627047781,-0.1860315485771183,0.004029936012328305,False
2023-01-30,MDXH,MDxHealth SA ADR,생명과학 및 메디컬 리서치,6.83,6.83,6.81,6.81,6.81,3600.0,-2.6452752456375794,7.08546,7.312173333333332,7.40501,-0.0002666666666670814,-0.001974999999999838,0.2831428571428571,-0.4944500504540889,-0.014851102895380589,0.4681945825098524,-0.15408624257456438,0.013573548713833258,False
2023-01-31,MDXH,MDxHealth SA ADR,생명과학 및 메디컬 리서치,6.85,6.85,6.67,6.67,6.67,5400.0,-5.791670012206751,7.053860000000001,7.307973333333333,7.40111,-0.0020999999999995467,-0.0019499999999998963,0.29242857142857137,-0.4787493893502677,-0.04904748784897114,-1.528497044748385,-0.23279200050140103,-0.003073131946413244,False
2023-02-01,MDXH,MDxHealth SA ADR,생명과학 및 메디컬 리서치,6.67,6.67,6.67,6.67,6.67,2300.0,-6.464945034408709,7.02006,7.299773333333334,7.39526,-0.004099999999999326,-0.0029249999999998444,0.2838571428571428,0.0,-0.0670871751610577,-0.7055282438544918,-0.24523914567755728,-0.02018844151599044,False
2023-02-02,MDXH,MDxHealth SA ADR,생명과학 및 메디컬 리서치,6.68,7.01,6.01,6.01,6.01,15200.0,-16.307629980527683,6.979259999999999,7.2845733333333325,7.38606,-0.007600000000000939,-0.0046000000000003816,0.34671428571428564,-1.903584672435106,-0.22467803830630118,-2.887506050008778,-0.4578998200340149,-0.044159551355333476,False
2023-02-03,MDXH,MDxHealth SA ADR,생명과학 및 메디컬 리서치,3.89,3.99,3.6,3.89,3.89,2481900.0,-43.77237071222336,6.900060000000001,7.254839999999999,7.366359999999999,-0.014866666666666806,-0.009850000000000136,0.514,-4.124513618677042,-0.505548200266053,-3.4234396930037763,-0.6696002200359467,-0.06997051626971443,False
2023-02-06,MDXH,MDxHealth SA ADR,생명과학 및 메디컬 리서치,3.99,4.1,3.89,4.0,4.0,739600.0,-40.416578005486144,6.823060000000001,7.223493333333333,7.346774999999999,-0.015673333333332984,-0.009792500000000093,0.47614285714285703,0.23102310231023082,-0.4440367653652243,0.6367028797707884,-0.5890646163417753,-0.06653867731335754,False
2023-02-07,MDXH,MDxHealth SA ADR,생명과학 및 메디컬 리서치,4.01,4.01,3.7,3.88,3.88,279700.0,-41.44925811150666,6.736600000000001,7.193359999999999,7.327005000000001,-0.015066666666666784,-0.009884999999999255,0.4800714285714284,-0.2499628031542928,-0.5107886626183353,-1.0946250497079746,-0.787541041185457,-0.07050615685095117,False
2023-02-08,MDXH,MDxHealth SA ADR,생명과학 및 메디컬 리서치,3.91,3.99,3.62,3.88,3.88,216800.0,-39.250844430610044,6.6656,7.165826666666665,7.307329999999999,-0.013766666666667149,-0.00983750000000061,0.4982857142857142,0.0,-0.4875563393860122,0.7289611593244009,-0.7477225539290153,-0.06064867457249818,False
2023-02-09,MDXH,MDxHealth SA ADR,생명과학 및 메디컬 리서치,3.85,3.94,3.5,3.75,3.75,186700.0,-39.13059006423188,6.584099999999999,7.140159999999999,7.28698,-0.01283333333333303,-0.010174999999999823,0.506142857142857,-0.25684448207733546,-0.4548819656568423,0.3102653122352592,-0.5873431982857492,-0.04998035044780364,False
2023-02-10,MDXH,MDxHealth SA ADR,생명과학 및 메디컬 리서치,3.75,3.84,3.45,3.55,3.55,215800.0,-40.72862160317929,6.511700000000001,7.113493333333334,7.2657050000000005,-0.013333333333332309,-0.010637499999999633,0.530142857142857,-0.37725680409593143,-0.4943462654924248,-0.5225253432328841,-0.5825940303926634,-0.05322563350623788,False
2023-02-13,MDXH,MDxHealth SA ADR,생명과학 및 메디컬 리서치,3.64,3.79,3.5,3.6,3.6,110300.0,-38.73792403195014,6.43322,7.08796,7.244305,-0.012766666666667259,-0.010700000000000376,0.4975714285714285,0.10048808498420957,-0.5648978027783312,-0.6463941406032826,-0.710005228530112,-0.060277984676240945,False
2023-02-14,MDXH,MDxHealth SA ADR,생명과학 및 메디컬 리서치,3.81,3.95,3.53,3.74,3.74,863800.0,-34.51751402737552,6.36762,7.065426666666667,7.222405,-0.011266666666666314,-0.010949999999999793,0.5275714285714285,0.2653669103709724,-0.5459430234661189,0.2839915474619971,-0.6906020242149673,-0.058383469993379934,False
2023-02-15,MDXH,MDxHealth SA ADR,생명과학 및 메디컬 리서치,3.86,3.95,3.605,3.89,3.89,197700.0,-29.928994917784046,6.306619999999999,7.042693333333333,7.20171,-0.011366666666666969,-0.010347499999999954,0.49321428571428566,0.30412744388124535,-0.5458750725385366,0.1191091441942051,-0.6501916787405605,-0.06126211997893109,False
2023-02-16,MDXH,MDxHealth SA ADR,생명과학 및 메디컬 리서치,3.85,4.0,3.8,3.93,3.93,176700.0,-25.981906540734776,6.24702,7.022226666666666,7.180504999999999,-0.01023333333333376,-0.010602500000000514,0.4789285714285714,0.08351976137211044,-0.49291689409466405,0.9928154534129446,-0.5191768204464375,-0.05216227501098299,False
2023-02-17,MDXH,MDxHealth SA ADR,생명과학 및 메디컬 리서치,3.88,3.946,3.83,3.93,3.93,65500.0,-23.687940131538742,6.17622,7.001093333333333,7.159154999999999,-0.010566666666666169,-0.01067499999999999,0.47721428571428565,0.0,-0.45759903334794344,0.18258191538610277,-0.539577725240991,-0.04518275239175523,False
2023-02-21,MDXH,MDxHealth SA ADR,생명과학 및 메디컬 리서치,4.0,4.04,3.63,3.93,3.93,129000.0,-19.957148622829045,6.10466,6.981426666666668,7.136305,-0.009833333333332916,-0.011424999999999574,0.4936428571428571,0.0,-0.4234026483943528,1.2823662734752397,-0.3388017739393035,-0.036850909473533644,False
2023-02-22,MDXH,MDxHealth SA ADR,생명과학 및 메디컬 리서치,3.98,4.015,3.7,3.84,3.84,182200.0,-19.045754050765463,6.0404599999999995,6.95916,7.114555,-0.011133333333333884,-0.010874999999999968,0.5161428571428571,-0.17437032936617827,-0.43585767192050845,-0.06713774355371817,-0.2932024524892483,-0.031651293374758735,False
2023-02-23,MDXH,MDxHealth SA ADR,생명과학 및 메디컬 리서치,3.94,3.99,3.802,3.94,3.94,89700.0,-14.58999372988602,5.982059999999999,6.939026666666667,7.09453,-0.010066666666666446,-0.010012500000000202,0.45814285714285713,0.2182725288431558,-0.2842964432577755,-0.15205910359607644,-0.09781338488834103,-0.027361901494932686,False
2023-02-24,MDXH,MDxHealth SA ADR,생명과학 및 메디컬 리서치,3.9,3.9,3.72,3.89,3.89,48500.0,-11.779196795854563,5.9226600000000005,6.916759999999999,7.07583,-0.011133333333333884,-0.00934999999999997,0.3017142857142856,-0.16571969696969643,-0.0015254488501079233,0.561159844773297,0.18680086781002134,-0.024137725890781152,False
2023-02-27,MDXH,MDxHealth SA ADR,생명과학 및 메디컬 리서치,3.94,4.01,3.7,3.98,3.98,134100.0,-7.052360228395882,5.86506,6.897159999999999,7.058479999999999,-0.009800000000000253,-0.00867500000000021,0.30885714285714283,0.29139685476410687,0.002786962039454654,0.08291196234500664,0.1472443737081798,-0.022293282644874464,False
2023-02-28,MDXH,MDxHealth SA ADR,생명과학 및 메디컬 리서치,3.9,3.955,3.75,3.91,3.91,138800.0,-5.281382601351369,5.8060599999999996,6.87656,7.04153,-0.010299999999999532,-0.008474999999999788,0.3031428571428571,-0.23091423185673843,0.004147574274994252,-0.008087914440317284,0.22485416908444103,-0.023283985895224714,False
2023-03-01,MDXH,MDxHealth SA ADR,생명과학 및 메디컬 리서치,3.95,3.96,3.62,3.75,3.75,157200.0,-5.607033088289059,5.74266,6.854893333333333,7.02323,-0.01083333333333325,-0.009149999999999991,0.301,-0.5315614617940204,-0.03382110156743578,-0.17662340260450365,0.16016955751809073,-0.02900902205928332,False
2023-03-02,MDXH,MDxHealth SA ADR,생명과학 및 메디컬 리서치,3.68,3.8,3.5,3.6,3.6,188300.0,-6.748729793926378,5.674060000000001,6.833293333333333,7.0014199999999995,-0.010800000000000143,-0.010905000000000165,0.291,-0.5154639175257729,-0.05229391838518131,-1.1012120703788728,0.05934974447422413,-0.0231695510313101,False
2023-03-03,MDXH,MDxHealth SA ADR,생명과학 및 메디컬 리서치,3.75,3.77,3.51,3.7,3.7,120900.0,-3.0657066261824517,5.60306,6.8134266666666665,6.98107,-0.009933333333333128,-0.010174999999999823,0.2817142857142857,0.35496957403651147,7.965767136039867e-06,-0.8459865943247307,0.03624536939623508,-0.020811242601912985,False
2023-03-06,MDXH,MDxHealth SA ADR,생명과학 및 메디컬 리서치,3.72,3.75,3.522,3.68,3.68,69400.0,-3.4952084831348706,5.5354600000000005,6.7919599999999996,6.960195,-0.010733333333333483,-0.0104375000000001,0.2772857142857143,-0.07212776919113865,-0.01232173810253169,-0.12508860103808397,0.07348147936517783,-0.02144141893452341,False
2023-03-07,MDXH,MDxHealth SA ADR,생명과학 및 메디컬 리서치,3.78,3.78,3.56,3.74,3.74,326400.0,-0.21087286058891763,5.47226,6.771293333333333,6.939845,-0.010333333333333083,-0.010174999999999823,0.26299999999999996,0.2281368821292778,-0.014981025834081304,1.4023372299180552,0.15336331382632484,-0.011715607155881184,False
2023-03-08,MDXH,MDxHealth SA ADR,생명과학 및 메디컬 리서치,3.74,3.75,3.5,3.69,3.69,219200.0,-1.6450807734868622,5.410519999999999,6.750953333333333,6.92029,-0.010170000000000012,-0.009777500000000217,0.25621428571428567,-0.19514914970727734,-0.05064363966183293,-0.30385645730491345,0.12315148514781636,-0.013958184113520976,False
2023-03-09,MDXH,MDxHealth SA ADR,생명과학 및 메디컬 리서치,3.72,3.75,3.22,3.3,3.3,236800.0,-9.906593773931082,5.342719999999999,6.722220000000001,6.89014,-0.014366666666666195,-0.01507499999999995,0.2797857142857142,-1.3939239213683952,-0.15617533128615474,-0.06675852906396651,0.047467629256608426,-0.02527706326433547,False
2023-03-10,MDXH,MDxHealth SA ADR,생명과학 및 메디컬 리서치,3.39,3.42,2.51,2.95,2.95,254800.0,-17.59629554835458,5.270920000000001,6.6895533333333335,6.8640550000000005,-0.016333333333333755,-0.013042499999999624,0.3364999999999999,-1.0401188707280824,-0.23046953633816064,-0.07463172714480515,0.029095226218686435,-0.030003321747767597,False
2023-03-13,MDXH,MDxHealth SA ADR,생명과학 및 메디컬 리서치,3.39,3.42,2.51,2.95,2.95,254800.0,-17.011649352095258,5.20592,6.6557200000000005,6.840305,-0.01691666666666647,-0.011875000000000302,0.3722142857142856,0.0,-0.23046953633816064,0.09776150141489666,-0.05551940035705235,-0.0329925361811568,True
2023-03-14,MDXH,MDxHealth SA ADR,생명과학 및 메디컬 리서치,2.87,2.94,2.52,2.75,2.75,288400.0,-23.190152201713808,5.12932,6.618386666666667,6.817505,-0.01866666666666683,-0.011400000000000077,0.3804285714285714,-0.5257228689447996,-0.2555661463080622,-1.5410893749312917,-0.16080165974116475,-0.049344956191816954,False
2023-03-15,MDXH,MDxHealth SA ADR,생명과학 및 메디컬 리서치,2.88,2.8902,2.76,2.77,2.77,107620.0,-20.659918890945438,5.05252,6.5828533333333334,6.795155000000001,-0.01776666666666671,-0.011174999999999269,0.3770142857142857,0.053048387707930786,-0.26736787067486395,0.9558238989778092,-0.08166715955731577,-0.040755733088959634,False
