Date,Symbol,Name,Industry,Open,High,Low,Close,Adj Close,Volume,RS,50MA,150MA,200MA,MA150_Slope,MA200_Slope,ATR,TC,ATC,TRS,ATRS,ATRS150,IsOriginData_NaN
2018-03-19,MITT,AG Mortgage Investment Trust Inc,주택 및 상업용 리츠,53.189999,53.189999,52.169998,52.709999,33.975418,33700.0,,,,,,,,,,,,,False
2018-03-20,MITT,AG Mortgage Investment Trust Inc,주택 및 상업용 리츠,52.740002,52.740002,52.110001,52.259998,33.685364,28633.0,,,,,,,,,,,,,False
2018-03-21,MITT,AG Mortgage Investment Trust Inc,주택 및 상업용 리츠,52.200001,52.619999,52.200001,52.259998,33.685364,21367.0,,,,,,,,,,,,,False
2018-03-22,MITT,AG Mortgage Investment Trust Inc,주택 및 상업용 리츠,52.110001,52.889999,52.110001,52.169998,33.62735,41467.0,,,,,,,,,,,,,False
2018-03-23,MITT,AG Mortgage Investment Trust Inc,주택 및 상업용 리츠,52.349998,52.59,51.689999,51.689999,33.317955,32500.0,,,,,,,,,,,,,False
2018-03-26,MITT,AG Mortgage Investment Trust Inc,주택 및 상업용 리츠,52.349998,52.439999,51.779999,52.290001,33.7047,41467.0,,,,,,,,,,,,,False
2018-03-27,MITT,AG Mortgage Investment Trust Inc,주택 및 상업용 리츠,52.349998,52.860001,52.049999,52.740002,33.994759,50033.0,,,,,,,,,,,,,False
2018-03-28,MITT,AG Mortgage Investment Trust Inc,주택 및 상업용 리츠,51.299999,51.720001,51.119999,51.630001,34.20343,26167.0,,,,,,,,,,,,,False
2018-03-29,MITT,AG Mortgage Investment Trust Inc,주택 및 상업용 리츠,51.869999,52.59,51.869999,52.110001,34.52142,73000.0,,,,,,,,,,,,,False
2018-04-02,MITT,AG Mortgage Investment Trust Inc,주택 및 상업용 리츠,51.810001,52.32,51.0,51.48,34.104061,42900.0,,,,,,,,,,,,,False
2018-04-03,MITT,AG Mortgage Investment Trust Inc,주택 및 상업용 리츠,51.509998,52.290001,51.48,52.169998,34.561169,28633.0,,,,,,,,,,,,,False
2018-04-04,MITT,AG Mortgage Investment Trust Inc,주택 및 상업용 리츠,51.869999,52.5,51.75,52.110001,34.52142,33500.0,,,,,,,,,,,,,False
2018-04-05,MITT,AG Mortgage Investment Trust Inc,주택 및 상업용 리츠,52.259998,52.560001,51.93,52.290001,34.640667,30500.0,,,,,,,,,,,,,False
2018-04-06,MITT,AG Mortgage Investment Trust Inc,주택 및 상업용 리츠,52.110001,52.830002,51.93,52.139999,34.54129,25500.0,,,,,,,,,,,,,False
2018-04-09,MITT,AG Mortgage Investment Trust Inc,주택 및 상업용 리츠,52.290001,52.830002,52.110001,52.23,34.600918,26800.0,,,,,,,0.8571433571428579,0.10500110541601448,,-0.04878958468846853,,,False
2018-04-10,MITT,AG Mortgage Investment Trust Inc,주택 및 상업용 리츠,52.5,52.59,52.139999,52.169998,34.561169,15700.0,,,,,,,0.844286214285715,-0.07106831662620508,,-0.809069153925314,,,False
2018-04-11,MITT,AG Mortgage Investment Trust Inc,주택 및 상업용 리츠,52.23,52.41,51.900002,52.02,34.461796,15033.0,,,,,,,0.8507147857142863,-0.17631996353989968,,0.07370127621049019,,,False
2018-04-12,MITT,AG Mortgage Investment Trust Inc,주택 및 상업용 리츠,51.990002,52.110001,51.57,51.57,34.163689,15233.0,,,,,,,0.8335721428571427,-0.5398452957623894,,-0.929027538537694,,,False
2018-04-13,MITT,AG Mortgage Investment Trust Inc,주택 및 상업용 리츠,51.57,51.720001,51.209999,51.209999,33.925198,15600.0,,,,,,,0.805715071428571,-0.4468093160547414,,-0.30281066106546284,,,False
2018-04-16,MITT,AG Mortgage Investment Trust Inc,주택 및 상업용 리츠,51.299999,51.779999,51.209999,51.599998,34.183559,14067.0,-2.0664855720407216,,,,,,0.7928579285714277,0.4918901431719257,,0.06398079553781527,,,False
2018-04-17,MITT,AG Mortgage Investment Trust Inc,주택 및 상업용 리츠,51.900002,52.110001,51.630001,52.080002,34.501549,30400.0,-2.151958508781382,,,,,,0.7714294285714277,0.6222267160443915,,0.018062033672453404,,,False
2018-04-18,MITT,AG Mortgage Investment Trust Inc,주택 및 상업용 리츠,52.23,52.560001,52.02,52.23,34.600918,29033.0,-1.9635864076209875,,,,,,0.6942864285714277,0.21604627978777324,,0.16650554068284962,,,False
2018-04-19,MITT,AG Mortgage Investment Trust Inc,주택 및 상업용 리츠,52.049999,52.349998,51.84,51.93,34.40218,18267.0,-1.968319292417009,,,,,,0.6621434999999986,-0.45307399377929075,,-0.09623507739981307,,,False
2018-04-20,MITT,AG Mortgage Investment Trust Inc,주택 및 상업용 리츠,51.810001,52.290001,51.810001,52.169998,34.561169,25033.0,-0.6179186701543604,,,,,,0.6021434999999984,0.39857276546205445,,0.9787408492021104,,,False
2018-04-23,MITT,AG Mortgage Investment Trust Inc,주택 및 상업용 리츠,52.380001,52.439999,52.139999,52.439999,34.740032,23467.0,-0.024617304576790566,,,,,,0.5657148571428553,0.4772740128545351,,0.47335221752555995,,,False
2018-04-24,MITT,AG Mortgage Investment Trust Inc,주택 및 상업용 리츠,52.529999,52.98,52.200001,52.830002,34.998402,39600.0,1.985163167373738,,,,,,0.5678576428571408,0.6867971311220256,,1.6378390433507615,,,False
2018-04-25,MITT,AG Mortgage Investment Trust Inc,주택 및 상업용 리츠,52.709999,53.040001,52.380001,52.77,34.958652,36067.0,1.7325817108332808,,,,,,0.5700004285714263,-0.10526658751885205,,-0.23282023998012058,,,False
2018-04-26,MITT,AG Mortgage Investment Trust Inc,주택 및 상업용 리츠,53.009998,53.490002,52.59,53.34,35.336262,26100.0,1.7227610261165038,,,,,,0.5700004285714257,0.9999992481208715,0.15753028062130095,0.21589370709507827,0.08638022912001754,,False
2018-04-27,MITT,AG Mortgage Investment Trust Inc,주택 및 상업용 리츠,53.400002,53.490002,53.189999,53.369999,35.356136,25100.0,1.600272340062947,,,,,,0.5400005714285682,0.055553644916771824,0.15399831915706932,-0.03464457109087066,0.08739058723413166,,False
2018-04-30,MITT,AG Mortgage Investment Trust Inc,주택 및 상업용 리츠,53.400002,53.490002,53.009998,53.040001,35.137524,37900.0,1.7820830807963262,,,,,,0.5421436428571391,-0.6086910809483779,0.11559669313405697,0.08132943479965027,0.15099048642877197,,False
2018-05-01,MITT,AG Mortgage Investment Trust Inc,주택 및 상업용 리츠,53.16,53.189999,52.380001,53.130001,35.197144,27733.0,1.680495935531967,,,,,,0.5635722142857108,0.15969559484772017,0.1395978044474584,-0.04974568980740743,0.14217284599892216,,False
2018-05-02,MITT,AG Mortgage Investment Trust Inc,주택 및 상업용 리츠,53.040001,53.189999,52.529999,53.009998,35.117653,32300.0,2.0811423400694418,,,,,,0.5721435714285684,-0.20974280930984687,0.16317655347978285,0.3882864710963342,0.23626670382992418,,False
2018-05-03,MITT,AG Mortgage Investment Trust Inc,주택 및 상업용 리츠,53.43,54.299999,53.220001,54.09,35.833111,47467.0,4.1499125477122645,,,,,,0.6278577857142825,1.7201379429759494,0.31795850055340363,1.9028449986253702,0.3938135366649837,,False
2018-05-04,MITT,AG Mortgage Investment Trust Inc,주택 및 상업용 리츠,54.0,55.32,54.0,55.200001,36.568455,35600.0,4.7555797125716115,,,,,,0.6814292142857116,1.6289307483881847,0.3991756866402793,0.6474735645419455,0.43549159159385015,,False
2018-05-07,MITT,AG Mortgage Investment Trust Inc,주택 및 상업용 리츠,55.470001,55.560001,55.080002,55.32,36.647964,37067.0,4.433767347793038,,,,,,0.6792860714285689,0.17665458640663237,0.3673491059518678,-0.10063426918728677,0.4270132842467258,,False
2018-05-08,MITT,AG Mortgage Investment Trust Inc,주택 및 상업용 리츠,54.810001,55.32,54.029999,54.360001,36.011986,42533.0,2.4654581183331192,,,,,,0.7328574999999979,-1.3099395175733428,0.2583501204260739,-1.2888938602615514,0.32305618417926857,,False
2018-05-09,MITT,AG Mortgage Investment Trust Inc,주택 및 상업용 리츠,54.360001,54.360001,53.790001,54.27,35.952358,37367.0,1.2057157176574407,,,,,,0.7371433571428554,-0.12209429702905394,0.2819915273368051,-0.8847575644119591,0.2667331493926867,,False
2018-05-10,MITT,AG Mortgage Investment Trust Inc,주택 및 상업용 리츠,54.66,54.779999,54.240002,54.450001,36.071606,40733.0,0.4376188291828953,,,,,,0.7414288571428556,0.24277582166634676,0.2708631742085403,-0.5104372470540406,0.16036328537439024,,False
2018-05-11,MITT,AG Mortgage Investment Trust Inc,주택 및 상업용 리츠,54.720001,54.720001,54.060001,54.209999,35.912613,55067.0,-0.324503598760284,,,,,,0.7671431428571418,-0.3128516525692134,0.2144256266782725,-0.45424106790333624,0.09410662212946908,,False
2018-05-14,MITT,AG Mortgage Investment Trust Inc,주택 및 상업용 리츠,54.299999,54.450001,54.09,54.18,35.892738,37767.0,-0.6111475332534533,,,,,,0.7371432857142847,-0.040696294168826246,0.16246181058606882,-0.12282151206205935,-0.03165484611430384,,False
2018-05-15,MITT,AG Mortgage Investment Trust Inc,주택 및 상업용 리츠,54.09,54.720001,54.09,54.509998,36.111351,38467.0,0.4666653407243482,,,,,,0.7350004999999992,0.4489765653220695,0.2020506072175632,1.092460915253038,0.06300809354520749,,False
2018-05-16,MITT,AG Mortgage Investment Trust Inc,주택 및 상업용 리츠,54.900002,55.439999,54.720001,55.32,36.647964,65400.0,1.2847546960017553,,,,,,0.7371432857142851,1.0988392836205687,0.20911060975325585,0.6991406230491345,0.09752573039906864,,False
2018-05-17,MITT,AG Mortgage Investment Trust Inc,주택 및 상업용 리츠,55.650002,55.650002,55.32,55.560001,36.806953,39267.0,1.5220810983668454,,,,,,0.7392860714285712,0.32463887698604915,0.22833098347248998,0.4087353924447308,0.12919572779446878,,False
2018-05-18,MITT,AG Mortgage Investment Trust Inc,주택 및 상업용 리츠,55.860001,56.099998,55.41,56.07,37.14481,26233.0,2.4369318712137433,,,,,,0.7542856428571432,0.6761351019067335,0.32010428224785503,0.9515008161205716,0.19135082646024884,,False
2018-05-21,MITT,AG Mortgage Investment Trust Inc,주택 및 상업용 리츠,56.16,56.52,55.68,56.490002,37.423058,49267.0,2.1863561597518677,,,,,,0.7564286428571434,0.5552433847739909,0.34835769581401727,-0.22326889563812824,0.17895631175805451,,False
2018-05-22,MITT,AG Mortgage Investment Trust Inc,주택 및 상업용 리츠,56.549999,56.759998,56.189999,56.669998,37.542294,40400.0,2.6446518145091247,,,,,,0.7500000000000006,0.2399946666666701,0.38048180124091135,0.5812662735748643,0.1927405833636638,,False
2018-05-23,MITT,AG Mortgage Investment Trust Inc,주택 및 상업용 리츠,56.099998,56.669998,55.59,56.549999,37.462795,35400.0,1.9205842097311354,,,,,,0.7349997857142861,-0.16326399317706297,0.24595309151569617,-0.5355184013287428,0.01857176908122716,,False
2018-05-24,MITT,AG Mortgage Investment Trust Inc,주택 및 상업용 리츠,56.580002,56.700001,56.25,56.34,37.323681,18833.0,1.584354069472238,,,,,,0.6728570000000005,-0.3121004908918182,0.10730800299569597,-0.05670633616964399,-0.031726795255314945,,False
2018-05-25,MITT,AG Mortgage Investment Trust Inc,주택 및 상업용 리츠,56.130001,56.400002,55.950001,56.25,37.264057,20267.0,1.4918504180851277,,,,,,0.6707142857142863,-0.13418530351438196,0.08510515371562352,0.1699529191677165,-0.012399138944243287,,False
2018-05-29,MITT,AG Mortgage Investment Trust Inc,주택 및 상업용 리츠,56.099998,56.849998,56.099998,56.73,37.582043,43833.0,3.286538645342074,53.395199819999995,,,,,0.632142785714286,0.7593221196974095,0.2329095563778201,2.1388899214169683,0.23244255974707956,,False
2018-05-30,MITT,AG Mortgage Investment Trust Inc,주택 및 상업용 리츠,56.91,57.119999,56.580002,57.060001,37.800663,38733.0,2.3508180119028443,53.48219986,,,,,0.6299997142857146,0.5238113486672826,0.27904567392755847,-0.9272128050565174,0.22941004255818256,,False
2018-05-31,MITT,AG Mortgage Investment Trust Inc,주택 및 상업용 리츠,57.09,57.09,56.43,56.639999,37.522419,38900.0,2.095607826685275,53.56979988,,,,,0.6385713571428576,-0.6577213263670331,0.2147244490680313,0.15078241924212832,0.27664001872219457,,False
2018-06-01,MITT,AG Mortgage Investment Trust Inc,주택 및 상업용 리츠,56.849998,57.0,56.189999,56.669998,37.542294,31167.0,1.0152744766519062,53.65799988,,,,,0.6492857142857146,0.04620308030802548,0.2403712157021198,-1.1596694472550078,0.22625227733993233,,False
2018-06-04,MITT,AG Mortgage Investment Trust Inc,주택 및 상업용 리츠,56.970001,56.970001,56.549999,56.82,37.641663,22700.0,0.8407731847346556,53.750999920000005,,,,,0.6535715000000007,0.22951123174740706,0.25967175326756503,-0.27689650629039164,0.2152469206093372,,False
2018-06-05,MITT,AG Mortgage Investment Trust Inc,주택 및 상업용 리츠,56.700001,56.880001,56.490002,56.669998,37.542294,29700.0,0.5241465067845841,53.8505999,,,,,0.636428500000001,-0.23569340467939512,0.21076675541031756,-0.3192040828848545,0.11441370645663056,,False
2018-06-06,MITT,AG Mortgage Investment Trust Inc,주택 및 상업용 리츠,56.700001,56.82,56.43,56.759998,37.601913,19733.0,-0.20278595658730358,53.93999984,,,,,0.5978570000000012,0.15053767037937707,0.14303092589308958,-0.8450559236773595,0.004113953119023858,,False
2018-06-07,MITT,AG Mortgage Investment Trust Inc,주택 및 상업용 리츠,56.91,57.419998,56.880001,57.119999,37.840401,28267.0,0.37921325734400213,54.02759978,,,,,0.6214282857142867,0.5793122203734288,0.16122187899218815,0.6632351088252106,0.022292504289058133,,False
2018-06-08,MITT,AG Mortgage Investment Trust Inc,주택 및 상업용 리츠,57.119999,57.389999,56.91,56.91,37.701286,28033.0,-0.418448140959804,54.13319976,,,,,0.6064283571428584,-0.34628822601469017,0.088191641283515,-0.7080331277385341,-0.09624563455802083,,False
2018-06-11,MITT,AG Mortgage Investment Trust Inc,주택 및 상업용 리츠,57.029999,57.240002,56.790001,57.150002,37.860275,27333.0,-0.2674821340215461,54.233999780000005,,,,,0.5785712857142867,0.41481837402923444,0.07816128337317527,0.28492673741946273,-0.05994594648247864,,False
2018-06-12,MITT,AG Mortgage Investment Trust Inc,주택 및 상업용 리츠,57.18,57.18,56.759998,56.82,37.641663,24367.0,-1.1463311139985555,54.34079978,,,,,0.5678572142857148,-0.5811355243854688,0.019509126869451048,-0.7996296549086327,-0.15858136994558555,,False
2018-06-13,MITT,AG Mortgage Investment Trust Inc,주택 및 상업용 리츠,56.82,57.029999,56.459999,56.610001,37.502548,35067.0,-1.1834382856721115,54.42959984,,,,,0.531428785714286,-0.39515924926374973,0.0029451800061162776,0.12190167999832352,-0.11162279270793796,,False
2018-06-14,MITT,AG Mortgage Investment Trust Inc,주택 및 상업용 리츠,56.669998,57.060001,56.549999,57.060001,37.800663,30367.0,-0.6884759616034963,54.528599840000005,,,,,0.5357145714285717,0.8399995520002438,0.08523804021269213,0.5103223744503724,-0.07112074194936535,,False
2018-06-15,MITT,AG Mortgage Investment Trust Inc,주택 및 상업용 리츠,57.0,57.0,56.52,56.580002,37.482677,122133.0,-1.4068123437754654,54.61439985999999,,,,,0.5421431428571429,-0.8853731829390328,0.03158176311093136,-0.7531397376670452,-0.1370559317232769,,False
2018-06-18,MITT,AG Mortgage Investment Trust Inc,주택 및 상업용 리츠,56.669998,58.139999,56.669998,58.139999,38.516132,69900.0,1.4553201780045821,54.734399859999996,,,,,0.6000000714285717,2.599994690476826,0.16305837530946113,2.897991697575643,-0.08283437628337158,,False
2018-06-19,MITT,AG Mortgage Investment Trust Inc,주택 및 상업용 리츠,58.139999,58.830002,58.080002,58.830002,38.97324,50700.0,2.9182463596149066,54.8663999,,,,,0.615000285714286,1.1219555763272535,0.20578296299945903,1.7033529630898743,0.10506317858422783,,False
2018-06-20,MITT,AG Mortgage Investment Trust Inc,주택 및 상업용 리츠,57.450001,59.040001,57.450001,58.709999,38.893738,75467.0,2.4300720164803113,54.99719992,,,,,0.6814288571428568,-0.17610495760797987,0.24018413219653426,-0.43309957179774783,0.06335732208137952,,False
2018-06-21,MITT,AG Mortgage Investment Trust Inc,주택 및 상업용 리츠,58.860001,59.07,58.139999,58.5,38.754616,104233.0,2.5705642515578164,55.12679992,,,,,0.6900002857142853,-0.304346250788307,0.21514489426108194,0.6754899630988074,0.19444013710665203,,False
2018-06-22,MITT,AG Mortgage Investment Trust Inc,주택 및 상업용 리츠,58.59,58.950001,58.169998,58.349998,38.655243,99233.0,1.988032659756711,55.26239988,,,,,0.7157146428571421,-0.20958352815193315,0.1837809828397005,-0.4954160280423464,0.17883159983865524,,False
2018-06-25,MITT,AG Mortgage Investment Trust Inc,주택 및 상업용 리츠,58.380001,58.529999,58.23,58.380001,38.675125,38033.0,3.2574910871185025,55.40579992,,,,,0.7092860714285705,0.04230028081556957,0.2036376746607694,1.843503551328627,0.33331071656818967,,False
2018-06-26,MITT,AG Mortgage Investment Trust Inc,주택 및 상업용 리츠,58.5,58.799999,57.93,57.990002,38.416752,78700.0,2.2915438517340903,55.5336,,,,,0.7435717142857133,-0.5244941308379949,0.15542111743095713,-0.8164245841548314,0.3353558122483702,,False
2018-06-27,MITT,AG Mortgage Investment Trust Inc,주택 및 상업용 리츠,57.900002,57.900002,56.849998,56.880001,37.681412,117000.0,1.174589352393518,55.629599979999995,,,,,0.7778577142857134,-1.4269974824628204,0.012113281514082181,-0.38310452892537583,0.2606172666947569,,False
2018-06-28,MITT,AG Mortgage Investment Trust Inc,주택 및 상업용 리츠,55.41,56.849998,55.290001,56.790001,38.640793,60833.0,0.40139937475580645,55.7208,,,,,0.8571434999999988,-0.10499992125006319,0.02934816042584124,-0.810974496064109,0.25326431181435866,,False
2018-06-29,MITT,AG Mortgage Investment Trust Inc,주택 및 상업용 리츠,56.880001,57.0,56.369999,56.369999,38.355022,52133.0,-0.4198966231941492,55.80959998,,,,,0.8700006428571417,-0.482760562820599,-0.03476462077771829,-0.5659831498428463,0.19248503415276522,,False
2018-07-02,MITT,AG Mortgage Investment Trust Inc,주택 및 상업용 리츠,56.310001,57.060001,56.310001,57.029999,38.804104,46433.0,0.3824588618594804,55.906800000000004,,,,,0.8935719285714276,0.7386086994195896,0.059502823779785885,0.41770470552399996,0.2794374884693818,,False
2018-07-03,MITT,AG Mortgage Investment Trust Inc,주택 및 상업용 리츠,57.209999,57.990002,57.209999,57.66,39.232758,32833.0,1.8407317468068785,56.01120002,,,,,0.9214292857142853,0.6837214854872209,0.1365657334048552,1.1908089142070315,0.3557880051985753,,False
2018-07-05,MITT,AG Mortgage Investment Trust Inc,주택 및 상업용 리츠,57.75,58.080002,57.630001,57.720001,39.273582,60733.0,0.9258629341800662,56.10900000000001,,,,,0.9171434999999997,0.06542160523408483,0.08123873720727244,-0.7881876848108718,0.263037286679915,,False
2018-07-06,MITT,AG Mortgage Investment Trust Inc,주택 및 상업용 리츠,57.779999,57.990002,57.119999,57.75,39.293995,51467.0,0.055580154227174994,56.2086,,,,,0.9407150714285711,0.031889570935054797,0.14675750534113585,-0.7940243407925195,0.2601169578852382,,False
2018-07-09,MITT,AG Mortgage Investment Trust Inc,주택 및 상업용 리츠,57.75,57.900002,57.509998,57.869999,39.375645,46033.0,-0.6862939592430006,56.299199980000004,,,,,0.8571441428571421,0.13999862333539842,-0.028956499454680446,-0.7214634521436742,0.0015844471910012989,,False
2018-07-10,MITT,AG Mortgage Investment Trust Inc,주택 및 상업용 리츠,57.900002,58.139999,57.689999,57.720001,39.273582,61333.0,-1.31414657089437,56.386200020000004,,,,,0.8357155714285709,-0.1794845101947666,-0.12191650563482473,-0.5389985780988409,-0.15858352003676407,,False
2018-07-11,MITT,AG Mortgage Investment Trust Inc,주택 및 상업용 리츠,57.66,57.93,57.599998,57.630001,39.212349,55400.0,-0.8554942922017084,56.478000019999996,,,,,0.745715714285714,-0.12068942396662537,-0.11795825323187085,0.5956301021745058,-0.08510282903874596,,False
2018-07-12,MITT,AG Mortgage Investment Trust Inc,주택 및 상업용 리츠,57.869999,57.869999,57.419998,57.48,39.110287,43933.0,-2.0052881900712416,56.565,,,,,0.71143,-0.21084435573422988,-0.11127954644229392,-1.0872891387991503,-0.21101562203145718,,False
2018-07-13,MITT,AG Mortgage Investment Trust Inc,주택 및 상업용 리츠,57.599998,57.869999,57.360001,57.450001,39.089874,41667.0,-2.162360647472372,56.653800059999995,,,,,0.6921439285714287,-0.043342141369229224,-0.09940516167210078,-0.15284524067749447,-0.18654628007682492,,False
2018-07-16,MITT,AG Mortgage Investment Trust Inc,주택 및 상업용 리츠,57.540001,57.599998,57.299999,57.419998,39.069454,27467.0,-2.1510081484859223,56.72040002000001,,,,,0.6921439285714287,-0.043347920514055886,-0.1055228903385026,0.07601064841612262,-0.3127957731420038,,False
2018-07-17,MITT,AG Mortgage Investment Trust Inc,주택 및 상업용 리츠,57.450001,57.689999,57.27,57.360001,39.028645,59533.0,-2.513511275907687,56.763600020000005,,,,,0.6600010714285715,-0.09090439788247512,-0.07455219512739404,-0.5415537528024243,-0.2931621423311176,,False
2018-07-18,MITT,AG Mortgage Investment Trust Inc,주택 및 상업용 리츠,57.360001,57.720001,57.18,57.630001,39.212349,81100.0,-2.0723695709047973,56.80980004,,,,,0.6171437142857147,0.43749939236195984,0.05862615307437598,0.1630313792448484,-0.254152434604673,,False
2018-07-19,MITT,AG Mortgage Investment Trust Inc,주택 및 상업용 리츠,57.689999,58.139999,57.509998,58.049999,39.498123,51500.0,-0.8446938411909133,56.883599999999994,,,,,0.5485723571428573,0.7656200581952131,0.1208132944633243,1.2972161875877237,-0.10356738577239925,,False
2018-07-20,MITT,AG Mortgage Investment Trust Inc,주택 및 상업용 리츠,57.93,58.380001,57.84,58.169998,39.579773,41300.0,-0.4230062285003666,56.961599959999994,,,,,0.5421437857142857,0.22134164987596197,0.17110630965593576,0.3563329061298086,-0.03768766748863818,,False
2018-07-23,MITT,AG Mortgage Investment Trust Inc,주택 및 상업용 리츠,58.049999,58.349998,57.93,57.93,39.416477,24567.0,-0.8867734904615454,57.03119994000001,,,,,0.5185722142857142,-0.46280535938581907,0.08529101974126374,-0.7390233556655691,-0.12031110043075025,,False
2018-07-24,MITT,AG Mortgage Investment Trust Inc,주택 및 상업용 리츠,57.959999,57.990002,57.299999,57.540001,39.151108,21067.0,-1.7665126127640374,57.09779998,,,,,0.4992864999999997,-0.7811126477483435,-0.0193399897755623,-1.507606124086701,-0.3130550317374454,,False
2018-07-25,MITT,AG Mortgage Investment Trust Inc,주택 및 상업용 리츠,57.540001,57.66,57.209999,57.389999,39.049046,26133.0,-2.6411502356089356,57.16199996,,,,,0.4992864999999992,-0.30043271748784267,-0.04547244139855712,-1.6601814798569658,-0.3753403028121664,,False
2018-07-26,MITT,AG Mortgage Investment Trust Inc,주택 및 상업용 리츠,57.450001,58.02,57.330002,57.779999,39.314407,28767.0,-1.513520084008635,57.22739998,,,,,0.4864289999999996,0.8017614081397157,0.009518404116061514,1.2964851477735744,-0.22601819648601684,,False
2018-07-27,MITT,AG Mortgage Investment Trust Inc,주택 및 상업용 리츠,58.080002,58.110001,57.330002,57.84,39.35524,55833.0,-0.6668575070164384,57.27779998,,,,,0.5142857857142852,0.11666859490715305,0.00785197351404399,1.1420698387869848,-0.0929086757052555,,False
2018-07-30,MITT,AG Mortgage Investment Trust Inc,주택 및 상업용 리츠,57.75,58.709999,57.75,58.290001,39.661423,33800.0,0.6702528279170616,57.33239998,,,,,0.5507142857142853,0.8171224383916874,0.07903818412736212,1.6693939294593751,0.0648336462631885,,False
2018-07-31,MITT,AG Mortgage Investment Trust Inc,주택 및 상업용 리츠,58.529999,58.799999,58.02,58.59,39.865547,56633.0,0.7236368459244025,57.38279998,,,,,0.5828569285714279,0.5147043558962215,0.12442345411756549,-0.2079100300314921,0.007437922534188639,,False
2018-08-01,MITT,AG Mortgage Investment Trust Inc,주택 및 상업용 리츠,58.560001,58.560001,57.779999,58.259998,39.64101,42267.0,0.3926334387475139,57.4181999,,,,,0.608571214285714,-0.5422569984473007,0.10075112249520328,-0.38449764918225926,0.05763731464968086,,False
2018-08-02,MITT,AG Mortgage Investment Trust Inc,주택 및 상업용 리츠,58.110001,58.709999,57.93,58.439999,39.763485,41200.0,0.31157478816992157,57.45359992000001,,,,,0.6278569999999998,0.2866910777454058,0.12432492386053437,-0.4044754998180531,0.039663724711069534,,False
2018-08-03,MITT,AG Mortgage Investment Trust Inc,주택 및 상업용 리츠,57.900002,58.110001,57.360001,57.389999,39.049046,52400.0,-1.7745089901159639,57.47039992,,,,,0.6835712142857143,-1.536050638260384,0.017703301164368072,-2.1788296774309615,-0.12139629856372218,,False
2018-08-06,MITT,AG Mortgage Investment Trust Inc,주택 및 상업용 리츠,57.360001,57.360001,56.639999,56.880001,38.702034,56800.0,-2.794459663009352,57.48119994,,,,,0.7071427142857145,-0.7212094386281735,-0.027318487460324673,-1.226696743264533,-0.17033508359672994,,False
2018-08-07,MITT,AG Mortgage Investment Trust Inc,주택 및 상업용 리츠,56.610001,57.18,54.330002,55.68,37.885544,105167.0,-4.83954585475046,57.46979994,,,,,0.8721424999999999,-1.37592308596359,-0.15684866448357823,-1.7777084151585636,-0.3089593546255451,,False
2018-08-08,MITT,AG Mortgage Investment Trust Inc,주택 및 상업용 리츠,55.380001,56.639999,55.380001,56.459999,38.41626,60900.0,-3.2406118996092137,57.464399920000005,,,,,0.9171422857142859,0.8504667292627635,-0.15078818797875324,0.8887879656766533,-0.3381327990477644,,False
2018-08-09,MITT,AG Mortgage Investment Trust Inc,주택 및 상업용 리츠,56.82,56.82,56.130001,56.549999,38.477501,38633.0,-2.774106677370991,57.45419988,,,,,0.927856428571429,0.09699776520227865,-0.15966989402687345,0.3068820942301418,-0.34166499989774063,,False
2018-08-10,MITT,AG Mortgage Investment Trust Inc,주택 및 상업용 리츠,56.34,56.91,56.130001,56.669998,38.559151,53067.0,-1.7475784325477806,57.454799859999994,,,,,0.9535707857142859,0.12584173277719807,-0.11762367315808651,1.108863078878548,-0.20967311171601796,,False
2018-08-13,MITT,AG Mortgage Investment Trust Inc,주택 및 상업용 리츠,56.970001,56.970001,56.490002,56.790001,38.640793,32333.0,-1.0477162427368292,57.45719992,,,,,0.9385705000000009,0.12785720412051824,-0.052697255167453536,0.6765130169809431,-0.053664601639757656,,False
2018-08-14,MITT,AG Mortgage Investment Trust Inc,주택 및 상업용 리츠,56.610001,56.939999,56.549999,56.73,38.599976,40967.0,-1.6733452565194096,57.45539992,,,,,0.9342847142857157,-0.06422132256104825,-0.0358250126726825,-0.9641173933238659,-0.003945738315964802,,False
2018-08-15,MITT,AG Mortgage Investment Trust Inc,주택 및 상업용 리츠,56.700001,56.91,56.400002,56.549999,38.477501,38633.0,-1.1363986560051997,57.45299994,,,,,0.9214275714285723,-0.19535013448851482,-0.1070472657175561,0.7886920089427897,-0.04021667680387799,,False
2018-08-16,MITT,AG Mortgage Investment Trust Inc,주택 및 상업용 리츠,56.790001,56.970001,56.400002,56.759998,38.620384,56900.0,-1.3745127848406313,57.45299994,,,,,0.9064275714285728,0.23167763936067723,-0.0988323339708758,-0.7946915155513807,-0.17855677354233265,,False
2018-08-17,MITT,AG Mortgage Investment Trust Inc,주택 및 상업용 리츠,56.669998,57.029999,56.639999,57.0,38.783688,62100.0,-1.0994525851340864,57.45059996,,,,,0.8657133571428578,0.27723033036256184,-0.1373960559729562,-0.1593427886300655,-0.30918082483443554,,False
2018-08-20,MITT,AG Mortgage Investment Trust Inc,주택 및 상업용 리츠,57.0,57.450001,56.880001,57.0,38.783688,50067.0,-1.1710765258569622,57.45239996,,,,,0.8507134285714295,0.0,-0.17416065282268636,-0.33351374934078387,-0.31815251907081354,,False
2018-08-21,MITT,AG Mortgage Investment Trust Inc,주택 및 상업용 리츠,57.029999,57.57,56.849998,57.18,38.906162,48600.0,-0.9583944157386171,57.452999919999996,,,,,0.844284928571429,0.21319816795091728,-0.1201995695085279,-0.07540225666985795,-0.2960742767484991,,False
2018-08-22,MITT,AG Mortgage Investment Trust Inc,주택 및 상업용 리츠,57.0,57.360001,56.639999,56.73,38.599976,38833.0,-1.6153715561719961,57.45119992,,,,,0.8399994285714284,-0.535714650146024,-0.1789428357864872,-0.47540509902279193,-0.3011406766916948,,False
2018-08-23,MITT,AG Mortgage Investment Trust Inc,주택 및 상업용 리츠,56.669998,56.880001,56.490002,56.549999,38.477501,31467.0,-1.6222874376503715,57.44999988000001,,,,,0.7907137857142855,-0.22764368505020385,-0.08548519627147431,0.02690644540624018,-0.14358809648903756,,False
2018-08-24,MITT,AG Mortgage Investment Trust Inc,주택 및 상업용 리츠,56.549999,56.669998,56.099998,56.369999,38.355022,37667.0,-2.318631175187069,57.43619984,,,,,0.7778566428571426,-0.23140510742293377,-0.050499172613957186,-1.1563113547031436,-0.13856056873465258,,False
2018-08-27,MITT,AG Mortgage Investment Trust Inc,주택 및 상업용 리츠,56.400002,56.549999,56.130001,56.43,38.395851,39400.0,-2.6393838153508375,57.433199800000004,,,,,0.6042852142857141,0.09929251714510835,0.054873370465235556,-1.0087507347945908,-0.08363502013722597,,False
2018-08-28,MITT,AG Mortgage Investment Trust Inc,주택 및 상업용 리츠,56.43,56.52,56.16,56.310001,38.314201,24467.0,-2.538890709906627,57.39659984,,,,,0.5399996428571429,-0.22222051734161194,-0.021747147149362687,-0.2612889892137413,-0.16578337405796842,,False
2018-08-29,MITT,AG Mortgage Investment Trust Inc,주택 및 상업용 리츠,56.279999,56.73,56.279999,56.52,38.457088,53267.0,-2.4088013820734666,57.3503998,,,,,0.5228569285714286,0.40163759629956775,1.2840786157962216e-05,-0.40141888565549155,-0.21637630119265652,,False
2018-08-30,MITT,AG Mortgage Investment Trust Inc,주택 및 상업용 리츠,56.52,56.91,56.310001,56.669998,38.559151,58033.0,-1.4324906016701555,57.30959978,,,,,0.5099997857142858,0.2941138490674367,0.012032277664032151,0.9418191094514048,-0.22830801329459532,,False
2018-08-31,MITT,AG Mortgage Investment Trust Inc,주택 및 상업용 리츠,56.549999,56.549999,56.099998,56.400002,38.375443,46167.0,-1.7250739133519155,57.267599819999994,,,,,0.5164284285714282,-0.5228139758821494,-0.034444235193301254,-0.5430343062324363,-0.3154185363812653,,False
2018-09-04,MITT,AG Mortgage Investment Trust Inc,주택 및 상업용 리츠,56.25,56.700001,56.189999,56.310001,38.314201,39567.0,-1.5909784077002609,57.22679988,,,,,0.5249999999999996,-0.17143047619047802,-0.04210203188111767,0.08184154729540521,-0.24070718347988881,,False
2018-09-05,MITT,AG Mortgage Investment Trust Inc,주택 및 상업용 리츠,56.34,57.09,56.34,57.060001,38.82452,39433.0,-0.06935756858329478,57.200399880000006,,,,,0.5442857857142859,1.3779525750718402,0.07027673308747913,1.8369614983359948,-0.16583079138037413,,False
2018-09-06,MITT,AG Mortgage Investment Trust Inc,주택 및 상업용 리츠,57.060001,57.419998,56.73,57.209999,38.926579,32467.0,0.5298742876607365,57.184799819999995,,,,,0.552857142857143,0.2713142118863114,0.07310791683931014,0.8859646708657725,-0.045783920922006054,,False
2018-09-07,MITT,AG Mortgage Investment Trust Inc,주택 및 상업용 리츠,57.299999,57.299999,56.549999,56.82,38.661209,31500.0,0.07386072326609483,57.1835998,,,,,0.5785714285714292,-0.674072345679017,0.005157725693483083,-0.2995017494003379,-0.05579527526273979,,False
2018-09-10,MITT,AG Mortgage Investment Trust Inc,주택 및 상업용 리츠,56.939999,57.0,56.580002,56.700001,38.579559,31867.0,-0.25238456537489684,57.1817998,,,,,0.5678570000000006,-0.2113190468727159,-0.00993649194028234,-0.5243929851878018,-0.06942950639466963,,False
2018-09-11,MITT,AG Mortgage Investment Trust Inc,주택 및 상업용 리츠,56.700001,56.790001,56.310001,56.43,38.395851,40533.0,-0.9507881663193385,57.18299981999999,,,,,0.5507140000000003,-0.4902744437221507,-0.060184535631215764,-1.0850546458324124,-0.14154753419199495,,False
2018-09-12,MITT,AG Mortgage Investment Trust Inc,주택 및 상업용 리츠,56.43,56.43,55.380001,55.830002,37.987602,44500.0,-1.8772120219929245,57.15899988,,,,,0.574285214285715,-1.0447735464446275,-0.0965458853668303,-1.100833855406685,-0.18622101679084446,,False
2018-09-13,MITT,AG Mortgage Investment Trust Inc,주택 및 상업용 리츠,55.860001,56.099998,55.349998,55.830002,37.987602,42933.0,-2.1840148019019012,57.12239992,,,,,0.5999995714285719,0.0,-0.0802856221489586,-0.8206817819807875,-0.246763033032775,,False
2018-09-14,MITT,AG Mortgage Investment Trust Inc,주택 및 상업용 리츠,55.889999,55.889999,54.630001,55.650002,37.865131,52367.0,-2.3213898458747773,57.08099994,,,,,0.6492851428571436,-0.2772279667572857,-0.08355868352998373,-0.32138239498441723,-0.1871252501957231,,False
2018-09-17,MITT,AG Mortgage Investment Trust Inc,주택 및 상업용 리츠,55.68,56.34,55.560001,55.98,38.089661,65967.0,-1.0352012232402341,57.04559994,,,,,0.674999500000001,0.4888862880639108,-0.055730557035783564,1.3988555601602375,-0.015153371984663964,,False
2018-09-18,MITT,AG Mortgage Investment Trust Inc,주택 및 상업용 리츠,56.220001,56.220001,55.560001,55.68,37.885544,47067.0,-1.8960515915962262,57.00179996,,,,,0.6964280714285722,-0.4307695400396652,-0.07062691579993022,-1.2626276102648826,-0.08667755920260263,,False
2018-09-19,MITT,AG Mortgage Investment Trust Inc,주택 및 상업용 리츠,55.68,55.68,55.110001,55.139999,37.518116,42000.0,-2.7175733477442177,56.950199919999996,,,,,0.7049993571428581,-0.7659595636915922,-0.15402671294215595,-0.9693133299360471,-0.12724144807978516,,False
2018-09-20,MITT,AG Mortgage Investment Trust Inc,주택 및 상업용 리츠,55.32,55.529999,55.080002,55.470001,37.742653,34667.0,-2.6729663160947714,56.90699992,,,,,0.6942849285714294,0.47531206053834,-0.14108398355137713,-0.7589321509277145,-0.24872368096400796,,False
2018-09-21,MITT,AG Mortgage Investment Trust Inc,주택 및 상업용 리츠,55.380001,56.099998,55.259998,56.040001,38.130486,217567.0,-1.4680817239907218,56.878199939999995,,,,,0.7135706428571434,0.798799678357994,-0.046683008248509746,0.8574471876012888,-0.1486892885473133,,False
2018-09-24,MITT,AG Mortgage Investment Trust Inc,주택 및 상업용 리츠,56.009998,56.310001,55.32,55.709999,37.905952,74767.0,-1.5693280317692904,56.8433999,,,,,0.7478562857142863,-0.4412639250398283,-0.06595682602346334,0.1166023703857168,-0.14620637261229108,,False
2018-09-25,MITT,AG Mortgage Investment Trust Inc,주택 및 상업용 리츠,55.889999,55.889999,55.23,55.439999,37.722237,50100.0,-1.8005260105747323,56.80379991999999,,,,,0.7392848571428579,-0.36521781474529635,-0.19046899672468737,-0.15093738909636328,-0.28819915028603094,,False
2018-09-26,MITT,AG Mortgage Investment Trust Inc,주택 및 상업용 리츠,55.5,55.650002,55.139999,55.139999,37.518116,65200.0,-1.8932820715365617,56.75939987999999,,,,,0.7264280714285718,-0.41297963528588055,-0.2393471286655582,0.11971890728871715,-0.34293099054153486,,False
2018-09-27,MITT,AG Mortgage Investment Trust Inc,주택 및 상업용 리츠,53.790001,54.389999,53.790001,54.240002,37.937775,51600.0,-3.5655261484996426,56.69159989999999,,,,,0.7692850714285723,-1.169913512462552,-0.27476435486438217,-1.613211898588595,-0.4367674297692675,,False
2018-09-28,MITT,AG Mortgage Investment Trust Inc,주택 및 상업용 리츠,54.119999,54.689999,54.119999,54.540001,38.147614,59433.0,-2.8258027084170245,56.62139994,,,,,0.7799995000000008,0.3846143491117614,-0.23219768372263377,0.3857293150217385,-0.3717586940400146,,False
2018-10-01,MITT,AG Mortgage Investment Trust Inc,주택 및 상업용 리츠,54.540001,54.599998,53.700001,53.849998,37.664993,68100.0,-4.148154683310179,56.53499994,,,,,0.8099992857142867,-0.8518563067515889,-0.2580249596533079,-1.449080210416317,-0.39776052008172214,,False
2018-10-02,MITT,AG Mortgage Investment Trust Inc,주택 및 상업용 리츠,53.849998,54.48,53.790001,54.27,37.958767,51900.0,-3.141524664308204,56.46179994,,,,,0.7842850000000011,0.5355221634992422,-0.14514669465731725,0.6017303633461107,-0.2761487901708082,,False
2018-10-03,MITT,AG Mortgage Investment Trust Inc,주택 및 상업용 리츠,54.150002,54.57,53.639999,53.669998,37.539101,53933.0,-3.9275948312868847,56.384399880000004,,,,,0.7971422142857152,-0.752691288012691,-0.1989103580867952,-0.8710794624012156,-0.279748624486553,,False
2018-10-04,MITT,AG Mortgage Investment Trust Inc,주택 및 상업용 리츠,53.669998,53.790001,52.470001,52.709999,36.867634,64933.0,-4.440442528788735,56.29079988,,,,,0.8014280714285716,-1.197860462123278,-0.26466982204150885,0.01868582269144725,-0.2554580375097056,,False
2018-10-05,MITT,AG Mortgage Investment Trust Inc,주택 및 상업용 리츠,52.77,52.889999,51.84,51.959999,36.343048,47233.0,-4.831080050895931,56.17439988,,,,,0.8207137857142855,-0.9138386768381845,-0.3648644623916586,-0.15664522333019926,-0.36656523633045107,,False
2018-10-08,MITT,AG Mortgage Investment Trust Inc,주택 및 상업용 리츠,51.93,52.560001,51.93,52.529999,36.741734,31667.0,-3.3671406074650245,56.06819985999999,,,,,0.8185709999999996,0.6963354431075538,-0.28435696359542867,0.7492648662083219,-0.2228586308680793,,False
2018-10-09,MITT,AG Mortgage Investment Trust Inc,주택 및 상업용 리츠,52.529999,53.279999,52.529999,53.040001,37.09845,26633.0,-1.9977152844283697,55.96319986,,,,,0.8314282142857137,0.6134047308439571,-0.18583094255717514,0.7959931069170564,-0.09676531395000047,,False
2018-10-10,MITT,AG Mortgage Investment Trust Inc,주택 및 상업용 리츠,52.799999,53.580002,52.200001,52.290001,36.573868,47000.0,0.047269180383757714,55.83719988,,,,,0.8978570714285711,-0.8353222621576982,-0.2794476798926064,2.631905965276145,0.1454374086359895,,False
2018-10-11,MITT,AG Mortgage Investment Trust Inc,주택 및 상업용 리츠,52.259998,52.439999,51.779999,51.810001,36.23814,56000.0,1.2744259863784357,55.70819994000001,,,,,0.8849999285714288,-0.542372925130983,-0.3752457229989619,1.2285975763259873,0.17194815068775368,,False
2018-10-12,MITT,AG Mortgage Investment Trust Inc,주택 및 상업용 리츠,52.169998,52.169998,50.880001,50.970001,35.650608,44467.0,-1.569686122284164,55.558799979999996,,,,,0.9064282142857145,-0.9267143131262026,-0.40992075071941725,-2.0492342616718515,0.01724553411221311,,False
2018-10-15,MITT,AG Mortgage Investment Trust Inc,주택 및 상업용 리츠,50.91,52.02,50.880001,51.720001,36.175186,45700.0,0.6269312641941083,55.445400019999994,,,,,0.9407139285714285,0.7972668174893005,-0.32688613413123174,1.25467323272991,0.11764629281408975,,False
2018-10-16,MITT,AG Mortgage Investment Trust Inc,주택 및 상업용 리츠,52.5,52.68,51.57,52.529999,36.741734,50300.0,0.18006996977644185,55.358399979999994,,,,,0.9835708571428573,0.8235278568063004,-0.23856417041036165,-0.724029226163481,0.05737856899607559,,False
2018-10-17,MITT,AG Mortgage Investment Trust Inc,주택 및 상업용 리츠,52.380001,52.650002,52.200001,52.439999,36.67878,27333.0,0.11274094728916939,55.29359996,,,,,0.9192853571428569,-0.09790213593711176,-0.1619919292299731,-0.07979086343002696,0.16690864293597332,,False
2018-10-18,MITT,AG Mortgage Investment Trust Inc,주택 및 상업용 리츠,52.23,52.5,51.57,51.66,36.133217,29633.0,0.13595475703289672,55.19759997999999,55.35239990666666,,,,0.9449996428571426,-0.8253960791368443,-0.2484212455334449,0.1342846643393626,0.14894831074437503,,False
2018-10-19,MITT,AG Mortgage Investment Trust Inc,주택 및 상업용 리츠,51.330002,51.93,51.09,51.419998,35.965347,49900.0,-0.14577181898838276,55.094999959999996,55.3437999,,-0.004300003333330693,,0.9407141428571423,-0.25512744952580546,-0.20579775573160328,-0.23195705193441069,0.23588567920736833,,False
2018-10-22,MITT,AG Mortgage Investment Trust Inc,주택 및 상업용 리츠,51.450001,51.959999,51.330002,51.360001,35.923386,22933.0,0.2886986492906418,54.98880002,55.337799919999995,,-0.002999990000002839,,0.9364282857142854,-0.0640700424317474,-0.24862577044095963,0.20382653681274987,0.2074639773121283,,False
2018-10-23,MITT,AG Mortgage Investment Trust Inc,주택 및 상업용 리츠,51.119999,51.48,50.73,51.060001,35.713551,32233.0,0.35941828626711025,54.874200019999996,55.32979994,,-0.003999989999996956,,0.9235710714285713,-0.3248261116883619,-0.218063972132079,-0.006397456042574912,0.2692269777663169,,False
2018-10-24,MITT,AG Mortgage Investment Trust Inc,주택 및 상업용 리츠,51.0,51.900002,50.790001,51.330002,35.902405,37733.0,4.0049839731871595,54.76620005999999,55.32419996666666,,-0.002799986666669696,,0.9085711428571435,0.2971710053996877,-0.11127601016615288,1.9489719547949211,0.40710455863085077,,False
2018-10-25,MITT,AG Mortgage Investment Trust Inc,주택 및 상업용 리츠,51.450001,51.93,51.330002,51.75,36.196163,24833.0,2.7966723280427486,54.670200079999994,55.32459997333334,,0.00020000333334024845,,0.8764282142857149,0.4792155172027365,-0.011772139163229953,-0.4526737216135991,0.38595966589632225,,False
2018-10-26,MITT,AG Mortgage Investment Trust Inc,주택 및 상업용 리츠,51.48,51.869999,50.73,51.27,35.860435,39933.0,3.4812350239084022,54.560400120000004,55.31779996666667,,-0.0034000033333363433,,0.9128566428571437,-0.5258218842529843,-0.0990690911175541,0.30157208202815844,0.35398160988345334,,False
2018-10-29,MITT,AG Mortgage Investment Trust Inc,주택 및 상업용 리츠,51.720001,52.380001,51.599998,51.900002,36.301083,52200.0,5.095680714551953,54.458400160000004,55.31219996666667,,-0.00280000000000058,,0.9385710000000006,0.6712353141104904,-0.09493833516994458,0.9499590952890031,0.36497918048144956,,False
2018-10-30,MITT,AG Mortgage Investment Trust Inc,주택 및 상업용 리츠,51.900002,52.41,51.630001,52.110001,36.447964,30467.0,3.65454003523753,54.36060018,55.31539996666666,,0.001599999999996271,,0.8957137142857147,0.23444879390672232,-0.01852611687962882,-0.46302127039410335,0.1439129493621461,,False
2018-10-31,MITT,AG Mortgage Investment Trust Inc,주택 및 상업용 리츠,52.349998,52.41,51.84,51.900002,36.301083,65967.0,1.9128321503080858,54.25500022,55.31399997333334,,-0.0006999966666612067,,0.8892851428571424,-0.23614360555411998,0.0033474059472899664,-0.7455515134344687,0.002902300093542111,,False
2018-11-01,MITT,AG Mortgage Investment Trust Inc,주택 및 상업용 리츠,51.990002,52.529999,51.75,52.049999,36.40601,64000.0,0.9170825188524745,54.161400199999996,55.31779996666667,,0.0018999966666655155,,0.8528567142857136,0.17587596777686726,0.08210385458322353,-0.3344326821070957,0.12538812720531037,,False
2018-11-02,MITT,AG Mortgage Investment Trust Inc,주택 및 상업용 리츠,51.509998,52.619999,51.509998,52.41,36.657799,45633.0,1.925292469334372,54.07860022,55.31939997999999,,0.0008000066666618011,,0.850713999999999,0.42317512113353883,0.05538301912924055,0.7206718757701909,0.08724517313675902,,False
2018-11-05,MITT,AG Mortgage Investment Trust Inc,주택 및 상업용 리츠,52.68,52.919998,52.110001,52.23,36.531902,21233.0,0.7794607391784059,53.99580024,55.32019997333334,,0.00039999666667256406,,0.8292852142857134,-0.21705439443417396,-0.018944284530793335,-0.49138430706666264,0.10386266735796033,,False
2018-11-06,MITT,AG Mortgage Investment Trust Inc,주택 및 상업용 리츠,52.23,52.650002,52.080002,52.59,36.783695,18833.0,0.664357486994338,53.919000239999995,55.322199966666666,,0.0009999966666640603,,0.8378565714285706,0.42966781222017003,0.018739283194726793,0.1151208363100506,0.11778493162510872,,False
2018-11-07,MITT,AG Mortgage Investment Trust Inc,주택 및 상업용 리츠,52.650002,53.130001,52.139999,52.860001,36.972549,40800.0,-0.923951376312504,53.85000024,55.326999980000004,,0.0024000066666687303,,0.8421424285714275,0.3206120376312247,0.10059700582101745,-0.7439508316359709,0.05505382476972775,-0.018279610805085795,False
2018-11-08,MITT,AG Mortgage Investment Trust Inc,주택 및 상업용 리츠,53.220001,54.240002,52.740002,54.240002,37.937775,50667.0,1.8283652375832071,53.80440028,55.34039999333334,,0.006700006666669367,,0.889285285714285,1.5518091012734638,0.22966390230667955,1.6834518872099946,0.19186874899432813,-0.006731334325762708,False
2018-11-09,MITT,AG Mortgage Investment Trust Inc,주택 및 상업용 리츠,54.299999,54.330002,53.459999,54.029999,37.790894,50900.0,2.1045964629786473,53.7516003,55.3528,,0.006200003333329818,,0.9064285714285703,-0.23168179669030806,0.21769163414535378,0.24166516393981294,0.19457150807483264,0.00027356112667147156,False
2018-11-12,MITT,AG Mortgage Investment Trust Inc,주택 및 상업용 리츠,54.09,54.869999,53.939999,54.299999,37.979748,46600.0,4.371107037592736,53.70960024,55.367999993333335,,0.007599996666666442,,0.919285714285713,0.2937062937062975,0.2618725202449723,1.3053522565139657,0.2882679161145855,0.008484567662027974,False
2018-11-13,MITT,AG Mortgage Investment Trust Inc,주택 및 상업용 리츠,54.419998,54.990002,54.330002,54.779999,38.315475,35300.0,5.0566278073142845,53.6790002,55.38939998666666,,0.01069999666666277,,0.8892858571428555,0.5397589494363109,0.2792002305333025,0.6197427352842914,0.19332297186382627,0.01880970282084121,False
2018-11-14,MITT,AG Mortgage Investment Trust Inc,주택 및 상업용 리츠,54.990002,54.990002,54.330002,54.75,38.294491,29200.0,5.3600383299977405,53.63280018,55.41299999333334,,0.011800003333338083,,0.8935717142857124,-0.03357201164763438,0.24257254990113317,0.37748530676211955,0.2526200453192347,0.023345009273025095,False
2018-11-15,MITT,AG Mortgage Investment Trust Inc,주택 및 상업용 리츠,54.540001,54.540001,53.849998,54.209999,37.916798,42933.0,2.9069322186811464,53.57280018,55.430400000000006,,0.00870000333333465,,0.8764290714285694,-0.6161377088048907,0.236121419575997,-1.1978254947288893,0.14552021840801704,0.014932967337913732,False
2018-11-16,MITT,AG Mortgage Investment Trust Inc,주택 및 상업용 리츠,54.09,54.419998,53.82,54.419998,38.063675,33233.0,2.7275885723377913,53.524800139999996,55.445999973333336,,0.0077999866666651485,,0.8400002857142839,0.24999872449022587,0.20603309174597811,0.11295477626316008,0.08573419562045682,0.015565585621851775,False
2018-11-19,MITT,AG Mortgage Investment Trust Inc,주택 및 상업용 리츠,54.48,54.869999,53.970001,54.240002,37.937775,33000.0,3.713150163471668,53.47560015999999,55.459399986666675,,0.006700006666669367,,0.8485716428571409,-0.2121164447517432,0.17413557469894486,0.8076701293779176,0.176497867032744,0.019840016213152227,False
2018-11-20,MITT,AG Mortgage Investment Trust Inc,주택 및 상업용 리츠,54.299999,54.48,53.549999,54.029999,37.790894,75200.0,4.730908766157982,53.42760014,55.47339998,,0.006999996666664288,,0.8742859999999985,-0.24019943130737625,0.17384587285942657,0.8445502599267651,0.290076565129975,0.02611191846199608,False
2018-11-21,MITT,AG Mortgage Investment Trust Inc,주택 및 상업용 리츠,54.0,54.389999,53.73,53.939999,37.727947,26600.0,3.9650545239821033,53.38980007999999,55.485199986666665,,0.005900003333330517,,0.8657145714285706,-0.1039603617292494,0.15385756360898964,-0.28366609415768707,0.2937027499835042,0.01769587217293077,False
2018-11-23,MITT,AG Mortgage Investment Trust Inc,주택 및 상업용 리츠,53.580002,54.27,53.580002,53.970001,37.748932,16233.0,4.343173324161409,53.35260006000001,55.49540000000001,,0.005100006666673096,,0.8357143571428567,0.03589982599147171,0.1261950425274134,0.44870293801259664,0.27427639728653314,0.017531543642844344,False
2018-11-26,MITT,AG Mortgage Investment Trust Inc,주택 및 상업용 리츠,54.360001,54.509998,53.91,54.330002,38.000729,41633.0,3.160095436317434,53.32620006,55.505399999999995,,0.0049999999999919,,0.8207144285714284,0.43864343974874487,0.17303060211190763,-0.508273178564195,0.27307004932242374,0.0032241288300779674,False
2018-11-27,MITT,AG Mortgage Investment Trust Inc,주택 및 상업용 리츠,54.419998,54.599998,54.119999,54.119999,37.853851,33100.0,2.2902044703000612,53.28900004,55.51439999333333,,0.004499996666666561,,0.8142857857142854,-0.2578983984299656,0.12391872992261223,-0.4575542248542254,0.23216468781068975,0.0017259022642506017,False
2018-11-28,MITT,AG Mortgage Investment Trust Inc,주택 및 상업용 리츠,54.09,54.689999,54.0,54.419998,38.063675,49000.0,0.4431438420026579,53.2638,55.52159997999999,,0.003599993333331497,,0.7928569999999999,0.3783771852931862,0.12804481189846662,-1.027602777017273,0.21190383456916814,-0.006564074296498408,False
2018-11-29,MITT,AG Mortgage Investment Trust Inc,주택 및 상업용 리츠,54.299999,54.93,54.240002,54.720001,38.27351,27000.0,1.0009964802410565,53.255400040000005,55.53059999333333,,0.0045000066666709415,,0.7349997142857144,0.4081675056044776,0.04635612649353903,0.5424226809744254,0.1304017484094846,-0.0027169592827297672,False
2018-11-30,MITT,AG Mortgage Investment Trust Inc,주택 및 상업용 리츠,54.599998,54.869999,54.18,54.48,38.105652,87500.0,-0.44415076193524694,53.23560002,55.540199986666664,,0.004799996666665862,,0.7221422857142861,-0.332345861401284,0.039165836157040744,-0.8456180226861016,0.052738663650490715,-0.008896608999301447,False
2018-12-03,MITT,AG Mortgage Investment Trust Inc,주택 및 상업용 리츠,55.080002,55.080002,54.18,54.48,38.105652,57267.0,-1.5905307048502904,53.20440000000001,55.54919998,,0.004499996666666561,,0.7199995714285718,0.0,0.018186815178019494,-0.7152084349879605,-0.09158710002821831,-0.013333027300505134,False
2018-12-04,MITT,AG Mortgage Investment Trust Inc,주택 및 상업용 리츠,54.509998,54.75,53.669998,53.759998,37.602043,53767.0,0.1457316631969796,53.165399980000004,55.55419998,,0.002500000000001279,,0.7478566428571435,-0.962754034315009,-0.08913554080421764,0.9982845007126876,-0.06454840249761856,-0.009266373769729446,False
2018-12-06,MITT,AG Mortgage Investment Trust Inc,주택 및 상업용 리츠,53.490002,54.299999,53.34,54.299999,37.979748,59433.0,1.0376699107580434,53.14259998000001,55.55559997333334,,0.0006999966666683122,,0.7692851428571436,0.7019516820439556,-0.036598134111961216,0.7888448039747648,-0.03516558126814391,-0.016693041734066816,False
2018-12-07,MITT,AG Mortgage Investment Trust Inc,주택 및 상업용 리츠,54.240002,54.240002,53.759998,53.970001,37.748932,51300.0,2.3819276481809926,53.11920002000001,55.54739997333333,,-0.0041000000000046555,,0.743570785714286,-0.44380172855096084,-0.02428842123668051,0.8449294497595918,0.11074548619531902,-0.015376669165949174,False
2018-12-10,MITT,AG Mortgage Investment Trust Inc,주택 및 상업용 리츠,53.939999,54.119999,53.16,53.34,37.308273,49167.0,0.7828526992885942,53.101199980000004,55.53419997333333,,-0.006599999999998829,,0.7692851428571436,-0.8189434123999342,-0.10064143101454907,-0.9100914398466587,0.037670756473189106,-0.020773050303678316,False
2018-12-11,MITT,AG Mortgage Investment Trust Inc,주택 및 상업용 리츠,53.669998,53.82,53.279999,53.279999,37.266315,57933.0,0.5104423528524471,53.07599994,55.526999960000005,,-0.003600006666662381,,0.7435710714285726,-0.08069302626947415,-0.09125404398010128,-0.06217305799394241,-0.024460899767658032,-0.012594911621894259,False
2018-12-12,MITT,AG Mortgage Investment Trust Inc,주택 및 상업용 리츠,53.610001,53.610001,52.799999,53.25,37.245335,43433.0,-0.12948822307566887,53.063999980000006,55.52019996000001,,-0.0033999999999991815,,0.7349997142857154,-0.04081498185227197,-0.07701229759045099,-0.32661964961233797,-0.1081158933061654,-0.008873992189896785,False
2018-12-13,MITT,AG Mortgage Investment Trust Inc,주택 및 상업용 리츠,53.25,53.369999,52.709999,52.709999,36.867634,45467.0,-1.064184768694043,53.03279995999999,55.50859994666666,,-0.0058000066666714645,,0.7349997857142861,-0.7346954522921579,-0.12206480405923016,-0.7241561554726094,-0.13957946911437416,-0.010298784912687244,False
2018-12-14,MITT,AG Mortgage Investment Trust Inc,주택 및 상업용 리츠,52.709999,53.52,52.709999,53.07,37.119438,43367.0,1.5129119751190245,53.0208,55.50099995333334,,-0.0037999966666610874,,0.7435714285714289,0.4841512007684875,-0.09004684871801474,1.4387706824102007,-0.06886034451454529,0.0023212934227363345,False
2018-12-17,MITT,AG Mortgage Investment Trust Inc,주택 및 상업용 리츠,52.619999,52.950001,50.490002,50.849998,35.566666,116300.0,-0.699067033073919,52.98359998,55.47879994,,-0.01110000666666977,,0.885,-2.5084768361581933,-0.30055543985422467,-1.5274070448689399,-0.14165562067916992,-0.007042610129309536,False
2018-12-18,MITT,AG Mortgage Investment Trust Inc,주택 및 상업용 리츠,50.849998,52.110001,50.849998,51.029999,35.692562,74433.0,-0.39418899440167854,52.96499998,55.45559994666667,,-0.011599996666664225,,0.9407145714285713,0.1913449684601433,-0.26846662793350257,0.18744363759686739,-0.09558434478980615,-0.013076058647017339,False
2018-12-19,MITT,AG Mortgage Investment Trust Inc,주택 및 상업용 리츠,51.240002,51.419998,50.189999,50.189999,35.105038,61500.0,-0.4678562195652658,52.91819998000001,55.42139994000001,,-0.017100003333332836,,0.9792859999999999,-0.8577678022559256,-0.35676269847272485,-0.1916442195747482,-0.03587301925819723,-0.019014624264509894,False
2018-12-20,MITT,AG Mortgage Investment Trust Inc,주택 및 상업용 리츠,50.25,50.369999,47.669998,48.150002,33.678177,134300.0,-2.7567434005576485,52.8204,55.371999946666655,,-0.024699996666676327,,1.1228576428571426,-1.8167904123706815,-0.515688264042379,-1.1742435583387167,-0.15849203635199308,-0.029567817269732875,False
2018-12-21,MITT,AG Mortgage Investment Trust Inc,주택 및 상업용 리츠,48.18,49.59,47.91,47.91,33.510307,249400.0,-1.0768428330212076,52.73279998,55.31759994666667,,-0.02719999999999345,,1.193572,-0.20107877865767967,-0.5063120438464074,0.5642666835595351,-0.057785985905876185,-0.032149378153473115,False
2018-12-24,MITT,AG Mortgage Investment Trust Inc,주택 및 상업용 리츠,47.73,47.880001,46.560001,46.740002,32.691956,67100.0,-0.6492688219626008,52.63139999999999,55.25259994666667,,-0.03249999999999886,,1.2257146428571428,-0.9545435447134191,-0.5744937256116515,0.006200787175271172,-0.006256755751359628,-0.030619580268050454,False
2018-12-26,MITT,AG Mortgage Investment Trust Inc,주택 및 상업용 리츠,46.98,49.080002,46.98,49.02,34.286686,82167.0,-0.6126587472842671,52.59239998,55.201599959999996,,-0.0254999933333373,,1.3157145000000001,1.7328972204836277,-0.3819472074117489,0.07184573337335931,-0.07243095341845451,-0.034015717202727155,False
2018-12-27,MITT,AG Mortgage Investment Trust Inc,주택 및 상업용 리츠,48.540001,49.529999,47.82,49.439999,34.580456,119667.0,-0.5342767576637653,52.54679994,55.15419996000001,,-0.023699999999994503,,1.3692859285714287,0.3067284861666406,-0.41017743568869997,0.00953363287544401,-0.12809603706840597,-0.030382036974699246,False
2018-12-28,MITT,AG Mortgage Investment Trust Inc,주택 및 상업용 리츠,48.360001,48.900002,48.150002,48.630001,35.078175,95567.0,-1.9759150210986842,52.46879998,55.102799966666666,,-0.025699996666670444,,1.4228570714285718,-0.569275731389344,-0.4191398644628702,-0.5240876744507182,-0.2258829745119996,-0.03349791256323974,False
2018-12-31,MITT,AG Mortgage Investment Trust Inc,주택 및 상업용 리츠,48.779999,48.779999,47.669998,47.790001,34.472252,113533.0,-4.258903988170159,52.37580002,55.046399973333344,,-0.028199996666661065,,1.4335714999999998,-0.5859491486821575,-0.4024974170544576,-0.9073646905492654,-0.22568820670504292,-0.04068002996135295,False
2019-01-02,MITT,AG Mortgage Investment Trust Inc,주택 및 상업용 리츠,47.43,48.630001,46.860001,48.599998,35.056534,55233.0,-2.6677294296102882,52.314599980000004,54.99219996,54.592949925,-0.02710000666667156,,1.5214285714285711,0.5323923943661991,-0.35870560129476664,0.4839215163522268,-0.18668145139460224,-0.051713152661784556,False
2019-01-03,MITT,AG Mortgage Investment Trust Inc,주택 및 상업용 리츠,48.48,49.349998,48.299999,49.02,35.359493,58233.0,0.5389356709803117,52.266600020000006,54.93859995333334,54.574499929999995,-0.026800003333331546,-0.009224997500002274,1.5385712142857142,0.2729818393196644,-0.33629154263962835,1.2025476112330789,-0.07745521847707246,-0.037514749886520586,False
2019-01-04,MITT,AG Mortgage Investment Trust Inc,주택 및 상업용 리츠,49.32,50.52,49.110001,50.490002,36.419842,77300.0,0.10863124435589455,52.249200040000005,54.897599973333335,54.565649949999994,-0.020499990000001134,-0.004424990000000406,1.5985712142857145,0.9195724199605527,-0.2181295517644347,-0.26525601515248487,-0.044676637025635006,-0.04028833944915134,False
2019-01-07,MITT,AG Mortgage Investment Trust Inc,주택 및 상업용 리츠,50.490002,51.389999,50.25,50.790001,36.636238,57700.0,0.057960360625397556,52.243800039999996,54.858399993333336,54.558299965,-0.01959998999999968,-0.0036749924999952555,1.6221425000000005,0.18493997907088902,-0.23950178188569174,-0.06913959906400893,-0.15238451427379282,-0.03301814046121134,False
2019-01-08,MITT,AG Mortgage Investment Trust Inc,주택 및 상업용 리츠,50.970001,51.360001,50.669998,51.029999,36.809364,58067.0,-0.2655033443976773,52.23779997999999,54.81979998666667,54.55259996999999,-0.01930000333333126,-0.002849997500007362,1.487142857142857,0.16138194044188275,-0.048797583557114894,-0.20690138058989188,-0.0580626811110037,-0.03255150628987468,False
2019-01-09,MITT,AG Mortgage Investment Trust Inc,주택 및 상업용 리츠,51.18,51.330002,50.669998,51.330002,37.025761,32933.0,0.0031760772793765213,52.22940002,54.78420001333333,54.550799985000005,-0.017799986666670264,-0.0008999924999919529,1.444285785714286,0.2077172004096366,-0.047628138417865375,0.04732297090373197,-0.06807130016051337,-0.030107992597950772,False
2019-01-10,MITT,AG Mortgage Investment Trust Inc,주택 및 상업용 리츠,51.27,51.509998,51.0,51.029999,36.809364,32300.0,-0.890202099029036,52.22459999999999,54.746000020000004,54.544499975,-0.01909999666666451,-0.003150005000001954,1.3928571428571435,-0.21538676923077185,-0.0017437789160686748,-0.40545219477584726,-0.0833432983891633,-0.027177301071940694,False
2019-01-11,MITT,AG Mortgage Investment Trust Inc,주택 및 상업용 리츠,51.029999,51.360001,50.939999,51.299999,37.004116,32000.0,-0.2689899888673075,52.21259994,54.707200019999995,54.53729996,-0.019400000000004525,-0.0036000075000011122,1.2300000714285717,0.21951218237444023,0.14370640642286858,0.22606899228254623,0.01667902665521263,-0.03009174184889179,False
2019-01-14,MITT,AG Mortgage Investment Trust Inc,주택 및 상업용 리츠,51.27,51.959999,51.09,51.450001,37.112312,38800.0,0.5423460801675661,52.19939993999999,54.67080002666667,54.53639996,-0.018199996666663054,-0.0004500000000007276,1.172142857142857,0.12797245581962274,0.16721006602839017,0.3858268756659735,0.003933326091386802,-0.02279934182619507,False
2019-01-15,MITT,AG Mortgage Investment Trust Inc,주택 및 상업용 리츠,51.419998,51.48,51.09,51.299999,37.004116,47600.0,-0.6238845953385974,52.18739988,54.63180000666666,54.53234995,-0.01950001000000512,-0.002025005000000135,1.1035714999999995,-0.1359241335971441,0.22568288110812412,-0.6849693829673659,-0.04543597177594442,-0.02926531596210726,False
2019-01-16,MITT,AG Mortgage Investment Trust Inc,주택 및 상업용 리츠,51.389999,51.84,51.389999,51.810001,37.372002,38467.0,0.18428347798078448,52.18259992,54.59840001333333,54.533999955000006,-0.016699996666662997,0.0008250025000045014,0.9750001428571424,0.5230788977173779,0.13926728662482055,0.38782119647794905,-0.022866295839902292,-0.021348976952863384,False
2019-01-17,MITT,AG Mortgage Investment Trust Inc,주택 및 상업용 리츠,51.75,51.93,51.419998,51.57,37.198872,33167.0,-0.9113351868085706,52.16579992,54.564800006666665,54.530999965,-0.016800003333333535,-0.0014999950000031959,0.8892860714285712,-0.2698805341845239,0.09808092802830881,-0.7773600821513207,-0.07907298977038549,-0.027344055367194347,False
2019-01-18,MITT,AG Mortgage Investment Trust Inc,주택 및 상업용 리츠,51.720001,51.779999,51.209999,51.330002,37.025761,40333.0,-2.4579956740065745,52.14779995999999,54.526600013333336,54.52709997,-0.01909999666666451,-0.0019499974999988012,0.8378577142857137,-0.2864424303887944,0.11828330667120521,-1.1873512523938996,-0.1264489596234699,-0.038661879546156165,False
2019-01-22,MITT,AG Mortgage Investment Trust Inc,주택 및 상업용 리츠,51.299999,51.540001,50.849998,51.299999,37.004116,46967.0,-1.1075142053322828,52.12199994,54.49139999333333,54.52214996,-0.017600010000002442,-0.0024750050000008628,0.8078578571428565,-0.03713895920516513,0.15748403449099038,0.8963929050927795,0.0023908686366761783,-0.027664995261090657,False
2019-01-23,MITT,AG Mortgage Investment Trust Inc,주택 및 상업용 리츠,51.299999,52.169998,51.299999,52.080002,37.56675,34367.0,0.19787382760805272,52.10639996,54.45100001333333,54.521849975,-0.020199990000001833,-0.00014999249999902986,0.7435720714285706,1.0489944821373374,0.19438418361750026,0.9027765374093222,0.0323090844264687,-0.04096642966219946,False
2019-01-24,MITT,AG Mortgage Investment Trust Inc,주택 및 상업용 리츠,52.259998,52.529999,52.049999,52.470001,37.848068,30200.0,0.8152941548989601,52.07099994,54.40860000666667,54.52304998,-0.021200003333330386,0.0006000025000005849,0.7028578571428561,0.5548760621178283,0.2145194852459405,0.45511988481244237,-0.021078610317862474,-0.049287983517382346,False
2019-01-25,MITT,AG Mortgage Investment Trust Inc,주택 및 상업용 리츠,52.349998,52.950001,52.349998,52.650002,37.977909,22267.0,0.336843822894628,52.0434,54.36820002666666,54.52545,-0.020199990000001833,0.0012000099999980307,0.6385723571428562,0.2818803507332668,0.16897005172970583,-0.41698092100906636,-0.03191610359333258,-0.0491805258454578,False
2019-01-28,MITT,AG Mortgage Investment Trust Inc,주택 및 상업용 리츠,52.68,53.040001,52.560001,52.950001,38.194305,30767.0,1.6645960903344692,52.01640004,54.33120003333333,54.530100005,-0.018499996666665908,0.0023250025000010055,0.59142957142857,0.5072438283316919,0.1919917552483346,1.1600524547150761,0.05588332881945921,-0.04595010923468267,False
2019-01-29,MITT,AG Mortgage Investment Trust Inc,주택 및 상업용 리츠,53.099998,53.52,52.860001,53.279999,38.43235,39233.0,2.2868834386822634,51.98640004,54.29740004,54.53865,-0.016899996666666084,0.0042749974999978235,0.5892864285714278,0.5599959272776582,0.2204641828794614,0.6836088759442857,0.11949120428618618,-0.038089943208105125,False
2019-01-30,MITT,AG Mortgage Investment Trust Inc,주택 및 상업용 리츠,53.400002,53.880001,53.130001,53.73,38.756943,44933.0,1.3206076925684096,51.96600004,54.26640003333333,54.551250005,-0.015500003333333012,0.006300002500001511,0.5957147142857134,0.7553968186593647,0.2595841556115848,-0.4937913887563252,0.08084017859618209,-0.05367190947533814,False
2019-01-31,MITT,AG Mortgage Investment Trust Inc,주택 및 상업용 리츠,53.91,54.09,53.52,54.060001,38.994991,76533.0,0.9133348514635209,51.96300008,54.24020002666666,54.56355002,-0.013100003333335053,0.006150007500000498,0.6000005714285704,0.5500011428560602,0.31425472076064426,-0.15991869845450912,0.09837828547627768,-0.049295203570669334,False
2019-02-01,MITT,AG Mortgage Investment Trust Inc,주택 및 상업용 리츠,54.119999,54.720001,53.759998,54.630001,39.406139,51733.0,1.8448962720474915,51.96720014,54.22520002666667,54.576300014999994,-0.0074999999999967315,0.006374997499996482,0.6385720714285706,0.8926165510571649,0.3623336042379817,0.8178657679501593,0.14064948373825006,-0.041288734924832426,False
2019-02-04,MITT,AG Mortgage Investment Trust Inc,주택 및 상업용 리츠,54.630001,55.169998,54.360001,55.169998,39.795647,30100.0,2.080635576747558,51.98580006,54.214400006666665,54.591000005000005,-0.005400010000002453,0.007349995000005549,0.6342862142857137,0.8513459505155797,0.41400313957340723,0.2876416973628113,0.1336362567165956,-0.03396462696865296,False
2019-02-05,MITT,AG Mortgage Investment Trust Inc,주택 및 상업용 리츠,55.32,55.470001,54.66,54.959999,39.644176,32700.0,1.1759324254091652,52.004400059999995,54.205000006666666,54.60615,-0.004699999999999704,0.007574997499997238,0.664286285714286,-0.31612725494429106,0.40113148804861104,-0.7243777881327078,0.1308213706333569,-0.0350205912239187,False
2019-02-06,MITT,AG Mortgage Investment Trust Inc,주택 및 상업용 리츠,55.049999,55.049999,54.360001,54.630001,39.406139,35967.0,0.7476648706398636,52.0182001,54.189000019999995,54.618450015,-0.007999993333335453,0.006150007500000498,0.6750003571428574,-0.4888856672562654,0.32884830483620797,-0.2944282218401908,0.08208926932491832,-0.03976814407301331,False
2019-02-07,MITT,AG Mortgage Investment Trust Inc,주택 및 상업용 리츠,54.810001,54.810001,54.209999,54.240002,39.124817,38533.0,0.9257697210194538,52.02360012,54.16620003333333,54.62745003,-0.011399993333331082,0.004500007499999015,0.6814289285714287,-0.5723252765590838,0.3072451089523108,0.23345989294628244,0.15429069611760426,-0.0461504708814183,False
2019-02-08,MITT,AG Mortgage Investment Trust Inc,주택 및 상업용 리츠,54.419998,54.509998,54.09,54.48,39.297939,41200.0,1.184939058445944,52.02660008,54.144600026666666,54.63570002,-0.010800003333333308,0.004124995000001519,0.6707145000000005,0.3578243798218165,0.35326416682449724,0.29836172466829036,0.2604130516220464,-0.03890680815155722,False
2019-02-11,MITT,AG Mortgage Investment Trust Inc,주택 및 상업용 리츠,54.48,54.48,53.34,53.400002,38.518909,85267.0,-0.8780087650683499,52.01220014,54.115600040000004,54.63885003,-0.014499993333330963,0.0015750049999994076,0.7028571428571431,-1.5365825203251975,0.24616105531592355,-1.60522297643305,0.08172620294163002,-0.04431479905582742,False
2019-02-12,MITT,AG Mortgage Investment Trust Inc,주택 및 상업용 리츠,51.689999,52.139999,51.360001,51.419998,37.090679,1050600.0,-5.485696422759368,51.952200139999995,54.07260003333334,54.62925002,-0.02150000333333324,-0.004800004999999885,0.7864287142857148,-2.5177158005965845,-0.008603964879356583,-3.772576986596202,-0.2522276202016217,-0.0646555559521776,False
2019-02-13,MITT,AG Mortgage Investment Trust Inc,주택 및 상업용 리츠,51.57,51.720001,51.419998,51.540001,37.177235,190467.0,-5.328228790682587,51.88860014,54.031400033333334,54.620100029999996,-0.020600000000001728,-0.004574995000002247,0.7735717857142868,0.15512846023616383,-0.037157365013761164,-0.145419147204068,-0.2951232653456582,-0.06203169307954579,False
2019-02-14,MITT,AG Mortgage Investment Trust Inc,주택 및 상업용 리츠,51.630001,52.169998,51.599998,51.84,37.393635,207833.0,-4.300405969779431,51.83580013999999,53.992800026666664,54.614100025,-0.019300003333334814,-0.003000002499998544,0.7757142142857154,0.38673907796861573,-0.029667455925521957,0.6534075352854263,-0.2186669470389087,-0.06164651019213965,False
2019-02-15,MITT,AG Mortgage Investment Trust Inc,주택 및 상업용 리츠,51.990002,52.110001,51.75,51.84,37.393635,161567.0,-5.117000098903368,51.78300013999999,53.95520002666667,54.60765002,-0.018799999999998818,-0.003225002499998908,0.7671428571428583,0.0,-0.06589915794921423,-1.1226956466223967,-0.3817203828487282,-0.061882553577627966,False
2019-02-19,MITT,AG Mortgage Investment Trust Inc,주택 및 상업용 리츠,52.02,52.200001,51.779999,52.169998,37.631672,138500.0,-4.54635471767344,51.751200139999995,53.92000000666667,54.60345002,-0.01760000999999889,-0.002100000000002211,0.7500002142857153,0.43999720761983985,-0.07447049506762982,0.2837103174712138,-0.41028456559680476,-0.05897218318996991,False
2019-02-20,MITT,AG Mortgage Investment Trust Inc,주택 및 상업용 리츠,51.900002,52.41,51.75,52.02,37.523472,128667.0,-4.795094159222135,51.705600159999996,53.884000019999995,54.59310002,-0.017999993333337017,-0.005174999999997709,0.7435716428571436,-0.20172635877241815,-0.1428364363127572,-0.4063271815420342,-0.40403712222435534,-0.06218776872302428,False
2019-02-21,MITT,AG Mortgage Investment Trust Inc,주택 및 상업용 리츠,51.93,52.860001,51.810001,52.77,38.064468,133200.0,-2.902559481680156,51.68160014,53.853400013333335,54.580950015,-0.015300003333329926,-0.006075002500001148,0.7778573571428576,0.9641870622074202,-0.11325172778766004,1.3835026619036308,-0.29379273934163114,-0.049354059291650584,False
2019-02-22,MITT,AG Mortgage Investment Trust Inc,주택 및 상업용 리츠,52.709999,53.16,52.709999,52.98,38.215942,155167.0,-2.9174714893259512,51.674400139999996,53.82240000666667,54.569250014999994,-0.015500003333333012,-0.005850000000002353,0.7414286428571428,0.2832369669328464,-0.15677884093939706,-0.4774625037682698,-0.3863161873215189,-0.053624018511738036,False
2019-02-25,MITT,AG Mortgage Investment Trust Inc,주택 및 상업용 리츠,52.98,53.310001,52.740002,53.07,38.280865,152900.0,-2.6784809688761624,51.67020015999999,53.789200013333335,54.562800010000004,-0.016599996666666783,-0.0032250024999953553,0.7242859285714286,0.12426031826618274,-0.20871352895721113,-0.025317592989930818,-0.4086704223467148,-0.06244091038225573,False
2019-02-26,MITT,AG Mortgage Investment Trust Inc,주택 및 상업용 리츠,53.099998,53.099998,52.049999,52.59,37.934631,138700.0,-3.1834589825061044,51.657000159999996,53.752000026666664,54.55440001,-0.018599993333335618,-0.00420000000000087,0.7414286428571424,-0.6473987815608072,-0.23237578085839086,-0.5509104213183932,-0.39627989614569226,-0.06848919923191042,False
2019-02-27,MITT,AG Mortgage Investment Trust Inc,주택 및 상업용 리츠,52.200001,53.310001,51.599998,53.16,38.345779,146900.0,-1.7918243925632904,51.66600018,53.72020002666667,54.54795000499999,-0.01589999999999847,-0.0032250025000060134,0.8142861428571422,0.6999996315791335,-0.14745540237014806,0.7649993482016293,-0.3206064982855623,-0.058462381206129094,False
2019-02-28,MITT,AG Mortgage Investment Trust Inc,주택 및 상업용 리츠,53.130001,53.549999,53.040001,53.34,38.475624,137367.0,-0.9540980816504119,51.67140018,53.69220002,54.54360001,-0.014000003333332955,-0.0021749974999956123,0.8078572857142855,0.2228116316867226,-0.09065990892401905,0.5981888457048787,-0.29455443023137684,-0.044423748074185226,False
2019-03-01,MITT,AG Mortgage Investment Trust Inc,주택 및 상업용 리츠,53.369999,53.639999,52.02,52.59,37.934631,200133.0,-2.7049975567883133,51.70620021999999,53.660200026666665,54.53565001,-0.01599999666666818,-0.003975000000000506,0.8935716428571426,-0.8393283358924856,-0.17617081718932634,-1.7612946186762932,-0.4416727404702757,-0.045097835666314076,False
2019-03-04,MITT,AG Mortgage Investment Trust Inc,주택 및 상업용 리츠,52.650002,52.799999,52.200001,52.439999,37.826435,224733.0,-2.2476711584607845,51.73440022,53.62460002666667,54.525300015,-0.017799999999997596,-0.005174997499999279,0.8550000714285717,-0.17543975142525414,-0.07894633369647323,0.29106462455546034,-0.30622362611395354,-0.05180063915443483,False
2019-03-05,MITT,AG Mortgage Investment Trust Inc,주택 및 상업용 리츠,52.380001,52.619999,51.93,52.32,37.739872,150467.0,-1.9802510225645387,51.77700024000001,53.58780002666666,54.510300015000006,-0.018400000000003303,-0.0074999999999967315,0.7585713571428572,-0.15819078702361455,0.08959116727302462,-0.011494327467909127,-0.037574864747646874,-0.05949106692946746,False
2019-03-06,MITT,AG Mortgage Investment Trust Inc,주택 및 상업용 리츠,52.259998,52.560001,52.049999,52.049999,37.545116,86267.0,-1.5125734857515116,51.85500018,53.54620001333333,54.492750005,-0.020800006666664927,-0.008775005000003944,0.7735712857142855,-0.3490318280760541,0.0535797181078662,0.4835095018962278,0.007348610188088542,-0.06739696311322178,False
2019-03-07,MITT,AG Mortgage Investment Trust Inc,주택 및 상업용 리츠,52.049999,52.380001,51.540001,51.630001,37.242157,154633.0,-1.1915678358058845,51.9294002,53.49980002,54.47055001,-0.023199996666665612,-0.011099997500000569,0.7885714999999998,-0.5326061111769824,-0.012087795402533673,0.47875039464492697,-0.005126899857661412,-0.06281922694871232,False
2019-03-08,MITT,AG Mortgage Investment Trust Inc,주택 및 상업용 리츠,51.48,52.59,51.48,52.080002,37.56675,143900.0,0.16128752009982872,52.0362002,53.45860004666667,54.448500010000004,-0.02059998666666729,-0.01102499999999651,0.8421428571428576,0.534352332485157,0.026080228346406113,0.8003039784944972,0.13223021622211673,-0.054920549430867285,False
2019-03-11,MITT,AG Mortgage Investment Trust Inc,주택 및 상업용 리츠,52.259998,52.98,52.23,52.799999,38.086113,148100.0,0.3824264818548251,52.11180018,53.42100004666667,54.429150015,-0.018799999999998818,-0.009674997500003002,0.8764282857142857,0.8215127372494654,0.05333133760566507,-0.8885308927785277,0.04849870120427804,-0.0581475853839371,False
2019-03-12,MITT,AG Mortgage Investment Trust Inc,주택 및 상업용 리츠,52.889999,53.07,52.709999,52.860001,38.129387,113067.0,0.40521566620230764,52.180200219999996,53.390800060000004,54.410700025000004,-0.015099993333333117,-0.009224994999996738,0.8549997857142857,0.07017779536619442,0.07275306290128027,-0.2800765692414906,0.0575166020828883,-0.045489231329340636,False
2019-03-13,MITT,AG Mortgage Investment Trust Inc,주택 및 상업용 리츠,52.860001,53.34,52.59,52.740002,38.042831,108667.0,-0.5216083219454881,52.26240024,53.36320006666667,54.392700035000004,-0.013799996666666203,-0.008999994999999927,0.8335712142857145,-0.14395770624448312,-0.006400134845284255,-0.9471947085671879,-0.10896178152217018,-0.043625884431358335,False
2019-03-14,MITT,AG Mortgage Investment Trust Inc,주택 및 상업용 리츠,52.650002,53.220001,52.619999,53.07,38.280865,112867.0,0.14130240263430238,52.368000220000006,53.34580006666666,54.376800035,-0.008700000000004593,-0.007950000000001012,0.8442855714285723,0.39086064143158417,0.0012872704760541556,0.4942636324208758,-0.03955277179437406,-0.028479404114162065,False
2019-03-15,MITT,AG Mortgage Investment Trust Inc,주택 및 상업용 리츠,53.130001,53.130001,52.619999,52.740002,38.042831,177933.0,-0.9239533700694302,52.4508003,53.32100008666667,54.356850044999995,-0.012399989999995142,-0.009974995000003872,0.8400000714285721,-0.39285472849875125,-0.035649518578583984,-0.9836075871970449,-0.10800205709488221,-0.04096204113332006,False
2019-03-18,MITT,AG Mortgage Investment Trust Inc,주택 및 상업용 리츠,52.799999,53.16,52.77,53.130001,38.32415,57767.0,-0.580212339228714,52.53300032,53.298200099999995,54.337200045,-0.011399993333338188,-0.009824999999995754,0.7950000000000007,0.4905647798742173,0.04563359295248919,0.04888316150716138,-0.0651596583216283,-0.04268203401813993,False
2019-03-19,MITT,AG Mortgage Investment Trust Inc,주택 및 상업용 리츠,53.189999,53.189999,52.799999,52.950001,38.194305,95000.0,-0.8845187929405696,52.5822003,53.27340012,54.318750055,-0.012399989999998695,-0.009224995000000291,0.7007140714285721,-0.25688081250177686,-0.022715010196147255,-0.2416538639013513,-0.13706345918612692,-0.051685480303339255,False
2019-03-20,MITT,AG Mortgage Investment Trust Inc,주택 및 상업용 리츠,53.009998,53.009998,52.529999,52.619999,37.956268,157067.0,-1.1985304540931052,52.61880026,53.245600106666664,54.29850006000001,-0.013900006666666798,-0.010124997499996624,0.6985712857142866,-0.47239559762691147,-0.07237266943283541,-0.14802254472673965,-0.19036427278838536,-0.05718238404805714,False
2019-03-21,MITT,AG Mortgage Investment Trust Inc,주택 및 상업용 리츠,52.68,53.099998,52.59,52.709999,38.021194,125767.0,-1.9480798306088731,52.65240026000001,53.2188001,54.277950055,-0.013400003333330801,-0.01027500250000557,0.6192855000000007,0.14532877000996036,-0.0020400190112321265,-0.9857836247957918,-0.13497063036834958,-0.057326825591203306,False
2019-03-22,MITT,AG Mortgage Investment Trust Inc,주택 및 상업용 리츠,52.650002,52.709999,51.990002,52.049999,37.545116,95267.0,-1.2016961510942115,52.6668002,53.1888001,54.254850059999995,-0.015000000000000568,-0.011549997500001297,0.6278568571428583,-1.0511950176086582,-0.06459396659576098,0.9209264139553046,-0.08998050255407498,-0.05644526289111989,False
2019-03-25,MITT,AG Mortgage Investment Trust Inc,주택 및 상업용 리츠,52.139999,52.5,51.810001,52.349998,37.761505,110167.0,-0.47671201993695345,52.693200180000005,53.1594001,54.23280006,-0.014700000000001268,-0.01102499999999651,0.6278568571428583,0.4778143243751178,-0.0191650300672801,0.5609214818839217,-0.0490936590289442,-0.04740784290821787,False
2019-03-26,MITT,AG Mortgage Investment Trust Inc,주택 및 상업용 리츠,52.59,52.68,52.139999,52.200001,37.653309,123800.0,-1.3902707101666856,52.71120022,53.12740010666666,54.208200070000004,-0.01599999666666818,-0.012299994999999342,0.6299996428571438,-0.2380906111624761,-0.01124065743059596,-0.9315651699972627,-0.15017042130705066,-0.05255599211733251,False
2019-03-27,MITT,AG Mortgage Investment Trust Inc,주택 및 상업용 리츠,52.259998,52.59,51.779999,52.049999,37.545116,116067.0,-1.0874454925859256,52.723200180000006,53.0944001,54.183900064999996,-0.01650000333333068,-0.012150002500003865,0.6278568571428583,-0.23891114398686927,0.00973755451155498,0.20668972270377453,-0.16960332644570442,-0.04895463563703546,False
2019-03-28,MITT,AG Mortgage Investment Trust Inc,주택 및 상업용 리츠,50.700001,50.790001,49.68,50.73,37.678806,94533.0,-3.6485164521116498,52.7118002,53.051400099999995,54.151800055,-0.021500000000003183,-0.01605000499999676,0.7178567857142865,-1.8388054919430328,-0.15977371866188714,-2.1864346361402114,-0.3829417989196121,-0.06302818483350447,False
2019-03-29,MITT,AG Mortgage Investment Trust Inc,주택 및 상업용 리츠,50.849998,50.849998,49.860001,50.52,37.522831,131700.0,-4.450727676236421,52.68600018,53.010000100000006,54.120300055,-0.02069999999999439,-0.015750000000000597,0.7242852857142869,-0.28994099996507966,-0.23916327132006893,-0.9790358104653438,-0.3894064358972419,-0.06638572290978816,False
2019-04-01,MITT,AG Mortgage Investment Trust Inc,주택 및 상업용 리츠,50.669998,50.880001,50.490002,50.790001,37.723366,125533.0,-4.767408083801206,52.670400199999996,52.97160011333333,54.091200055,-0.019199993333337773,-0.01454999999999984,0.7264280000000015,0.37168308490310525,-0.21762717921028957,-0.7612957118333799,-0.42377923179666255,-0.0716404039580523,False
2019-04-02,MITT,AG Mortgage Investment Trust Inc,주택 및 상업용 리츠,50.82,50.82,50.25,50.369999,37.411419,73067.0,-5.2541075406026145,52.65120014,52.93160011333333,54.05775004499999,-0.019999999999999574,-0.016725005000004955,0.7135708571428587,-0.5885918627362204,-0.24938676181684225,-0.5903902914453546,-0.3982932020022459,-0.06786759686966702,False
2019-04-03,MITT,AG Mortgage Investment Trust Inc,주택 및 상업용 리츠,50.459999,50.639999,50.400002,50.490002,37.500549,50300.0,-4.921935248580089,52.63500019999999,52.892000126666666,54.027300045000004,-0.01979999333333282,-0.015224999999993827,0.6899992857142873,0.1739175713432368,-0.26488269539458137,-0.042681038711271824,-0.43664639279739925,-0.06142713222911157,False
2019-04-04,MITT,AG Mortgage Investment Trust Inc,주택 및 상업용 리츠,50.490002,50.82,50.369999,50.82,37.745651,55100.0,-4.206147904363389,52.609800160000006,52.85540012,53.990700049999994,-0.018300003333333592,-0.018299997500005105,0.6857135000000015,0.48124763476291865,-0.2024468123044621,0.26624452332787474,-0.3473712420456193,-0.0579102421455008,False
2019-04-05,MITT,AG Mortgage Investment Trust Inc,주택 및 상업용 리츠,51.0,51.09,50.790001,50.880001,37.790218,40900.0,-4.172322802421402,52.57800016,52.81780012666667,53.950950045000006,-0.01879999666666521,-0.019875002499993855,0.6771421428571449,0.08860916519954071,-0.23115792763836754,-0.3900476835531856,-0.37872344526421553,-0.05783443413148543,False
2019-04-08,MITT,AG Mortgage Investment Trust Inc,주택 및 상업용 리츠,50.790001,51.240002,50.759998,51.209999,38.035313,56700.0,-3.313044424736189,52.54920010000001,52.78140013333333,53.913450045,-0.01819999666667016,-0.018750000000004263,0.6835710000000016,0.4827559975481736,-0.17832672692051393,0.3700827091009021,-0.3350279757640546,-0.061646010133822114,False
2019-04-09,MITT,AG Mortgage Investment Trust Inc,주택 및 상업용 리츠,51.18,51.18,50.700001,50.790001,37.723366,64300.0,-3.179339556773564,52.5060001,52.74400012666666,53.87490005000001,-0.01870000333333266,-0.01927499749999484,0.6857137857142871,-0.6124975299461242,-0.1883340078004577,0.056255550413264466,-0.3204366832540543,-0.05765074442285078,False
2019-04-10,MITT,AG Mortgage Investment Trust Inc,주택 및 상업용 리츠,50.82,51.09,50.73,50.849998,37.767925,44900.0,-3.093478239982883,52.457400080000006,52.70760010666666,53.83740005000001,-0.018200010000001043,-0.01875000000000071,0.674999642857145,0.08888449147327969,-0.19236574198164919,-0.3277031410915026,-0.2734309344180336,-0.060381042345430166,False
2019-04-11,MITT,AG Mortgage Investment Trust Inc,주택 및 상업용 리츠,50.91,51.029999,50.700001,50.91,37.812496,40833.0,-2.6425027983139615,52.40100008,52.666600100000004,53.800050045,-0.020500003333328465,-0.018675002500003757,0.6471425714285728,0.09271836323106096,-0.11065764335024067,0.0874648115537262,-0.3329639060181463,-0.07204435359064529,False
2019-04-12,MITT,AG Mortgage Investment Trust Inc,주택 및 상업용 리츠,51.119999,51.150002,50.759998,50.82,37.745651,36800.0,-3.1300272499993675,52.33620006,52.62400010666667,53.764200035,-0.021299996666666487,-0.017925004999998606,0.6257143571428584,-0.14383560001876092,-0.1550612093783749,-1.062657439664809,-0.4489338289859128,-0.08503516766084916,False
2019-04-15,MITT,AG Mortgage Investment Trust Inc,주택 및 상업용 리츠,50.759998,50.880001,50.459999,50.580002,37.567394,41467.0,-3.165484126309226,52.255200079999995,52.582400119999996,53.73270004,-0.020799993333337596,-0.015749997500002166,0.6171430000000012,-0.38888555812834213,-0.16583227701879388,-0.2948689152692074,-0.403455525076766,-0.08500428209997496,False
2019-04-16,MITT,AG Mortgage Investment Trust Inc,주택 및 상업용 리츠,50.580002,51.0,50.459999,50.82,37.745651,48933.0,-2.4267098549775823,52.16820012,52.543200113333334,53.702850035000004,-0.019600003333330562,-0.01492500249999651,0.5978572857142862,0.4014302505543005,-0.12009360598013888,0.31854807717661093,-0.3954656426144206,-0.07938467501754554,False
2019-04-17,MITT,AG Mortgage Investment Trust Inc,주택 및 상업용 리츠,50.970001,50.970001,50.639999,50.880001,37.790218,37400.0,-1.79026366938706,52.086600159999996,52.50620012,53.675400044999996,-0.018499996666665908,-0.013724995000004014,0.4521432142857148,0.13270352867019783,0.02072846692080616,0.5005150781162894,-0.20354066302467053,-0.06881421019122086,False
2019-04-18,MITT,AG Mortgage Investment Trust Inc,주택 및 상업용 리츠,50.82,50.939999,50.639999,50.73,37.678806,32967.0,-1.95965534650262,52.00860014,52.47220010666667,53.64390005,-0.017000006666666678,-0.015749997499998614,0.40285771428571443,-0.37234237965620676,0.01484265408572566,-0.6314067646854229,-0.1787100168975333,-0.06568469625307911,False
2019-04-22,MITT,AG Mortgage Investment Trust Inc,주택 및 상업용 리츠,50.880001,51.27,50.639999,51.27,38.07988,59100.0,-0.7505192121710524,51.9492001,52.441800093333335,53.61195005,-0.01520000666666732,-0.01597500000000096,0.42000071428571417,1.2857120991290985,0.08013044081615374,1.1033256164709824,-0.04552277916150744,-0.052857980263400654,False
2019-04-23,MITT,AG Mortgage Investment Trust Inc,주택 및 상업용 리츠,51.150002,51.630001,51.060001,51.599998,38.324982,48133.0,-0.674385028257174,51.89160006,52.414800066666665,53.58135003499999,-0.013500013333334948,-0.015300007500002266,0.42000071428571417,0.7857081875711008,0.17829473012381955,-0.714912692445702,-0.05441723637581797,-0.0554815155798092,False
2019-04-24,MITT,AG Mortgage Investment Trust Inc,주택 및 상업용 리츠,51.599998,51.959999,51.540001,51.869999,38.52552,38033.0,0.29150138376894397,51.861000000000004,52.38740006,53.55195003,-0.013700003333333655,-0.014700002499996145,0.4307148571428573,0.6268671617019426,0.21064827229229852,1.017303184027799,0.021295922391258524,-0.0580251980873588,False
2019-04-25,MITT,AG Mortgage Investment Trust Inc,주택 및 상업용 리츠,51.75,51.75,50.939999,51.360001,38.146725,49267.0,-0.375509451012368,51.859800060000005,52.35860006666667,53.51940004,-0.014399996666664805,-0.016274994999999848,0.4650005000000001,-1.0967687131519277,0.0979328188698095,-1.032880422515272,-0.07149871659753766,-0.05649355016902806,False
2019-04-26,MITT,AG Mortgage Investment Trust Inc,주택 및 상업용 리츠,51.48,51.869999,51.450001,51.689999,38.391827,63633.0,-0.07930084162548479,51.862800019999995,52.335600066666665,53.489250029999994,-0.01150000000000162,-0.015075005000003472,0.48000042857142844,0.687495219498323,0.14071039417686537,-0.09545207146636436,-0.05045617287705044,-0.05066780844589684,False
2019-04-29,MITT,AG Mortgage Investment Trust Inc,주택 및 상업용 리츠,51.630001,51.84,51.450001,51.509998,38.258137,48067.0,-0.4428841368368408,51.85619998,52.30920004666667,53.458650015,-0.013200009999998485,-0.01530000749999516,0.47357150000000053,-0.38009255202223313,0.07907835492183632,-0.5637363639987539,-0.11715753524131158,-0.049366503199703766,False
2019-04-30,MITT,AG Mortgage Investment Trust Inc,주택 및 상업용 리츠,51.66,51.66,51.150002,51.330002,38.124447,74933.0,-0.8033778502099187,51.84600002,52.27780005333333,53.427900025,-0.01569999666666888,-0.015374995000001945,0.4735715,-0.38008199395445613,0.09567946463552689,-0.5421889910783902,-0.15990357391928692,-0.05869741105756829,False
2019-05-01,MITT,AG Mortgage Investment Trust Inc,주택 및 상업용 리츠,51.419998,51.75,51.240002,51.299999,38.102158,83867.0,-0.10591626841649493,51.82860004,52.248400053333334,53.397150014999994,-0.014699999999997715,-0.015375005000002773,0.4842856428571426,-0.06195310648276048,0.08490535049580974,1.1231313669712737,-0.05627253762908862,-0.05198721774699791,False
2019-05-02,MITT,AG Mortgage Investment Trust Inc,주택 및 상업용 리츠,51.060001,51.330002,50.790001,51.0,37.879341,69567.0,-0.45294436967036056,51.80820004,52.21880006,53.365050025,-0.014799996666667425,-0.01604999499999593,0.49928585714285745,-0.6008561943186844,0.03536431067082794,-0.2912754301575444,-0.08332541203703651,-0.052922804687405796,False
2019-05-03,MITT,AG Mortgage Investment Trust Inc,주택 및 상업용 리츠,51.0,51.209999,49.98,50.040001,37.166325,88400.0,-3.0765568414055644,51.75360006,52.18480007333333,53.328450025,-0.016999993333335794,-0.018299999999999983,0.5592855000000009,-1.716473965443413,-0.07696700114521864,-3.0789666308680728,-0.22734749712298394,-0.07424737494178439,False
2019-05-06,MITT,AG Mortgage Investment Trust Inc,주택 및 상업용 리츠,49.799999,50.669998,49.5,50.130001,37.233162,78933.0,-2.328502180038672,51.69660008000001,52.15740006666667,53.290950024999994,-0.013700003333330102,-0.018750000000004263,0.612856642857144,0.14685326666350956,-0.03869994223151495,0.7172451776007693,-0.15505363334655706,-0.058710994433855294,False
2019-05-07,MITT,AG Mortgage Investment Trust Inc,주택 및 상업용 리츠,49.919998,50.580002,49.860001,50.130001,37.233162,64367.0,-0.6027819590445849,51.63780010000001,52.128000066666665,53.251350035,-0.014700000000001268,-0.019799994999996073,0.6257137857142874,0.0,-0.06737353155682213,1.7944256659783693,-0.04963380557500287,-0.049319685427477764,False
2019-05-08,MITT,AG Mortgage Investment Trust Inc,주택 및 상업용 리츠,50.220001,50.490002,49.919998,49.919998,37.07719,51367.0,-0.772167311910088,51.58440006,52.10180006666667,53.210100034999996,-0.013099999999997891,-0.020625000000002558,0.6428567857142872,-0.3266715148175081,-0.10018603466308684,-0.15604261436810526,-0.0965307836096025,-0.04069943478715635,False
2019-05-09,MITT,AG Mortgage Investment Trust Inc,주택 및 상업용 리츠,49.799999,49.919998,49.139999,49.619999,36.85437,100433.0,-0.978555809295345,51.51360004,52.070800059999996,53.168550030000006,-0.015500003333336565,-0.02077500249999531,0.6771424285714299,-0.4430367782933182,-0.10523563456573766,-0.1433478945065489,-0.06166943573968292,-0.04566662317284075,False
2019-05-10,MITT,AG Mortgage Investment Trust Inc,주택 및 상업용 리츠,49.470001,50.009998,49.349998,49.860001,37.032627,46433.0,-0.7768698662079854,51.44400006,52.04540008,53.130150029999996,-0.012699989999997996,-0.01920000000000499,0.6792852142857159,0.35331550717229226,-0.17183539113408094,0.027693279734869625,-0.13850031693511955,-0.03967480489193351,False
2019-05-13,MITT,AG Mortgage Investment Trust Inc,주택 및 상업용 리츠,49.889999,50.009998,49.439999,49.529999,36.787521,68433.0,0.9645722853059535,51.38280004,52.02420008,53.09085003,-0.010600000000000165,-0.019649999999998613,0.6792851428571447,-0.4858077693440744,-0.2626579594851649,1.4198289068914112,0.013981225874674255,-0.030333850997267084,False
2019-05-14,MITT,AG Mortgage Investment Trust Inc,주택 및 상업용 리츠,49.619999,49.919998,49.41,49.830002,37.010345,42300.0,0.7185695077097876,51.3306001,52.0100001,53.051100045000005,-0.007099990000000389,-0.01987499249999658,0.6857137142857158,0.43750473958728753,-0.2761838467790688,-0.1461046272181471,-0.06911933207146474,-0.030263580356520072,False
2019-05-15,MITT,AG Mortgage Investment Trust Inc,주택 및 상업용 리츠,49.889999,49.950001,49.59,49.740002,36.943504,48500.0,-0.036994204494789074,51.27900014,51.99140012,53.010600055,-0.009299989999998814,-0.020249995000003906,0.6449995000000014,-0.1395349918875956,-0.20781000954590226,-0.5503233581153835,-0.03465097032861557,-0.03892750185201144,False
2019-05-16,MITT,AG Mortgage Investment Trust Inc,주택 및 상업용 리츠,49.68,49.889999,49.439999,49.560001,36.809811,48533.0,-1.1886638837046104,51.22920018,51.96820012,52.966950055000005,-0.011600000000001387,-0.02182499999999621,0.64071392857143,-0.28093817220633405,-0.27698382323909204,-0.8900236163261686,-0.09140608067574443,-0.05016761334029961,False
2019-05-17,MITT,AG Mortgage Investment Trust Inc,주택 및 상업용 리츠,49.200001,49.200001,48.450001,48.630001,36.119068,109367.0,-2.3457464233052727,51.16920018,51.94380012,52.917150060000004,-0.012199999999999989,-0.02489999750000038,0.6921425714285725,-1.343653805429845,-0.34580962705392143,-0.9544737958382844,-0.1193158972357109,-0.07407681174772913,False
2019-05-20,MITT,AG Mortgage Investment Trust Inc,주택 및 상업용 리츠,48.599998,48.779999,48.299999,48.360001,35.918526,56167.0,-2.0581704531455802,51.09480016,51.92080012,52.867650075,-0.011499999999998067,-0.024749992500002094,0.6899998571428583,-0.3913044288415005,-0.3466112295458532,0.05301734780384898,-0.07680115874412238,-0.08191401327121005,False
2019-05-21,MITT,AG Mortgage Investment Trust Inc,주택 및 상업용 리츠,48.57,48.66,48.18,48.240002,35.829403,66900.0,-2.9155555785847165,51.003600219999996,51.90260012666666,52.81665009,-0.009099996666670052,-0.02549999249999857,0.6878571428571435,-0.17445337487019708,-0.3546469630020987,-0.7319155027316736,-0.20930450658004718,-0.07313188821160888,False
2019-05-22,MITT,AG Mortgage Investment Trust Inc,주택 및 상업용 리츠,48.209999,48.240002,47.459999,47.549999,35.316914,83267.0,-3.735685908300024,50.897400180000005,51.87480011333333,52.767450090000004,-0.013900006666666798,-0.02459999999999951,0.7050001428571429,-0.9787274612507638,-0.38163776778296155,-0.7864919395244407,-0.24467711439196835,-0.08673965602663788,False
2019-05-23,MITT,AG Mortgage Investment Trust Inc,주택 및 상업용 리츠,47.43,47.700001,47.25,47.639999,35.383759,76100.0,-2.200604582802912,50.795400120000004,51.84220011333333,52.72125008,-0.01630000000000109,-0.02310000500000342,0.6492859999999995,0.1386138003899722,-0.24913149879486257,0.9201056745424886,0.04097090742307175,-0.07577875668859808,False
2019-05-24,MITT,AG Mortgage Investment Trust Inc,주택 및 상업용 리츠,47.82,48.389999,47.82,48.150002,35.762558,55367.0,-1.131292499528258,50.697000159999995,51.81360013333334,52.68360009,-0.014299989999994267,-0.018824994999999234,0.6192861428571425,0.8235336861358539,-0.20079718311826653,0.7318577346326495,0.042014661496777475,-0.0703677660348469,False
2019-05-28,MITT,AG Mortgage Investment Trust Inc,주택 및 상업용 리츠,48.330002,48.450001,47.73,47.82,35.517452,75100.0,-0.853435171749739,50.59860012,51.78800013333333,52.640400095,-0.012800000000005696,-0.021599997500000967,0.6192861428571425,-0.5328748330739342,-0.23885967119497614,0.06698851605199418,-0.08137370635510645,-0.07081640702342935,False
2019-05-29,MITT,AG Mortgage Investment Trust Inc,주택 및 상업용 리츠,47.759998,47.970001,47.310001,47.459999,35.250065,56433.0,-0.8079968454031028,50.48520008,51.761600140000006,52.594950095,-0.013199996666660496,-0.022724999999997664,0.6257144285714286,-0.5753439325698735,-0.2566219867487165,-0.09459932516702074,-0.0769848999836004,-0.06990068884498009,False
2019-05-30,MITT,AG Mortgage Investment Trust Inc,주택 및 상업용 리츠,47.459999,47.669998,46.439999,46.709999,34.693024,77967.0,-2.3535197533303798,50.36040004,51.730600126666666,52.545150099999994,-0.015500006666670174,-0.024899997500003934,0.6578572857142859,-1.1400648990087079,-0.3064097096569586,-1.2905494769785122,-0.15892787016016924,-0.07986319560358851,False
2019-05-31,MITT,AG Mortgage Investment Trust Inc,주택 및 상업용 리츠,46.5,46.560001,45.75,46.259998,34.358791,99900.0,-1.8089398986522398,50.233200020000005,51.69860010666667,52.492500085,-0.016000009999999065,-0.026325007499995223,0.6792857857142859,-0.6624619702984261,-0.37896524376200996,0.3364932561349475,-0.13687072898873512,-0.07757725752240502,False
2019-06-03,MITT,AG Mortgage Investment Trust Inc,주택 및 상업용 리츠,46.349998,47.490002,46.349998,47.459999,35.250065,70467.0,0.9275228801754132,50.12820002,51.67280008666667,52.446150079999995,-0.012900009999999185,-0.023175002500003927,0.7264289999999995,1.6519178061448552,-0.226270559798515,1.8785876268260369,-0.1041022489934047,-0.07804648637553092,False
2019-06-04,MITT,AG Mortgage Investment Trust Inc,주택 및 상업용 리츠,47.700001,48.0,47.040001,47.639999,35.383759,70733.0,-0.7863945048851906,50.04000002000001,51.64540008,52.40160008,-0.013700003333333655,-0.022274999999996936,0.7585719285714282,0.23728797918871403,-0.24057175696984165,-1.4453469611024845,-0.19690527284228596,-0.08466430797212349,False
2019-06-05,MITT,AG Mortgage Investment Trust Inc,주택 및 상업용 리츠,47.790001,47.790001,46.919998,47.369999,35.18322,44033.0,-1.969794407510339,49.94040004000001,51.61940007333333,52.354650085,-0.013000003333335286,-0.02347499749999926,0.7950006428571424,-0.3396223668821872,-0.2548637123265982,-1.0180330914250248,-0.23031311093583176,-0.09346167579514471,False
2019-06-06,MITT,AG Mortgage Investment Trust Inc,주택 및 상업용 리츠,47.490002,47.639999,46.950001,47.490002,35.272354,60100.0,-2.138903648988999,49.84620006,51.590000073333336,52.307100094999996,-0.014699999999997715,-0.023774995000003685,0.8121433571428567,0.14776085889832422,-0.22424235296197975,-0.3792704680312542,-0.19383074320048072,-0.10232320621727976,False
2019-06-07,MITT,AG Mortgage Investment Trust Inc,주택 및 상업용 리츠,47.549999,47.639999,47.040001,47.34,35.160942,45633.0,-3.232010099755722,49.752000079999995,51.55820006666667,52.258800095,-0.01590000333333208,-0.024149999999998784,0.775714642857143,-0.1933726549849571,-0.14207941364448778,-1.0809191860094702,-0.20286255678413687,-0.10644252565471554,False
2019-06-10,MITT,AG Mortgage Investment Trust Inc,주택 및 상업용 리츠,47.34,47.52,47.16,47.310001,35.138653,46600.0,-3.4824614757736794,49.68360010000001,51.52760006,52.2094501,-0.015300003333337031,-0.024674997500000018,0.7671432142857151,-0.039104823508001235,-0.11692229897780926,-0.43455346030364717,-0.23768904307752944,-0.10436920530051005,False
2019-06-11,MITT,AG Mortgage Investment Trust Inc,주택 및 상업용 리츠,47.369999,47.549999,47.099998,47.279999,35.116375,47833.0,-3.1590236282157957,49.61880008,51.49580005999999,52.162200094999996,-0.015900000000002024,-0.023625002500001102,0.7650004285714296,-0.03921827868257442,-0.10726264925012192,-0.009603602151627925,-0.18609533589324048,-0.10220367810080694,False
2019-06-12,MITT,AG Mortgage Investment Trust Inc,주택 및 상업용 리츠,47.130001,47.549999,47.130001,47.34,35.160942,53933.0,-2.509131214033855,49.54980006000001,51.462000059999994,52.1161501,-0.016899999999999693,-0.023024997499998534,0.7392857857142872,0.0811607651052492,-0.03155634736754956,0.2537357709404653,-0.11179335657431862,-0.10531658546633844,False
2019-06-13,MITT,AG Mortgage Investment Trust Inc,주택 및 상업용 리츠,47.34,47.700001,47.279999,47.580002,35.339203,46833.0,-2.126692393865115,49.49400012,51.43100007333334,52.07220011500001,-0.015499993333328632,-0.02197499249999524,0.7371430000000017,0.3255840454294437,-0.018201329864730168,-0.048486728843738613,-0.1809785282447634,-0.10236393494485228,False
2019-06-14,MITT,AG Mortgage Investment Trust Inc,주택 및 상업용 리츠,47.459999,48.029999,47.279999,47.700001,35.428329,43100.0,-1.514128201689624,49.4382001,51.398400079999995,52.02855012,-0.016299996666671035,-0.021824997500004883,0.7371430000000017,0.1627893095369551,-0.0653973567646515,0.312667038363051,-0.21092072083544902,-0.10104696026449896,False
2019-06-17,MITT,AG Mortgage Investment Trust Inc,주택 및 상업용 리츠,47.790001,48.029999,47.639999,47.849998,35.539738,69467.0,-1.1646361540180838,49.37880006,51.36500006,51.986250104999996,-0.016700009999997434,-0.021150007500001067,0.713571500000001,0.21020598496436424,-0.01232015547620162,0.11759538245364791,-0.20730594466390231,-0.09530331883723482,False
2019-06-18,MITT,AG Mortgage Investment Trust Inc,주택 및 상업용 리츠,48.09,48.389999,47.82,47.939999,35.606579,68400.0,-1.7568692667667363,49.320000019999995,51.323000040000004,51.943350099999996,-0.02100000999999807,-0.021450002499999954,0.7071428571428581,0.1272741414141425,0.03786684980837095,-0.8282242219676851,-0.2597077230068069,-0.11204782623175269,False
2019-06-19,MITT,AG Mortgage Investment Trust Inc,주택 및 상업용 리츠,48.09,48.599998,47.880001,48.540001,36.052219,64100.0,-0.7477211613991064,49.26660006,51.28640005333333,51.90270011500001,-0.018299993333336317,-0.020324992499993755,0.6707141428571438,0.8945718625286115,0.18319804706103662,0.5967812135792923,-0.12489838796696374,-0.10968038590082285,False
2019-06-20,MITT,AG Mortgage Investment Trust Inc,주택 및 상업용 리츠,48.689999,48.869999,48.240002,48.299999,35.873959,85033.0,-2.0779060361554524,49.21680002,51.246400053333325,51.8622001,-0.020000000000003126,-0.020250007500003164,0.6471425714285723,-0.37086418139698435,0.20402646055399676,-1.334461374128131,-0.2442522901286122,-0.1272791434384368,False
2019-06-21,MITT,AG Mortgage Investment Trust Inc,주택 및 상업용 리츠,48.150002,48.389999,48.060001,48.360001,35.918526,100467.0,-1.688521202731652,49.16700008,51.20360006666667,51.822450100000005,-0.021399993333329093,-0.019874999999998977,0.5828564285714302,0.10294473400089446,0.09338552682942813,0.23794981412508953,-0.36144070532153705,-0.12982442957949814,False
2019-06-24,MITT,AG Mortgage Investment Trust Inc,주택 및 상업용 리츠,48.599998,48.720001,48.299999,48.450001,35.985371,92767.0,-1.1603281554122935,49.117800100000004,51.16160007333333,51.779400100000004,-0.020999996666667187,-0.02152500000000046,0.5442852142857159,0.16535448260911054,0.08824741993088504,0.37789217920343765,-0.2312093381568283,-0.12982171709655602,False
2019-06-25,MITT,AG Mortgage Investment Trust Inc,주택 및 상업용 리츠,48.689999,48.75,48.209999,48.389999,35.940811,76633.0,-0.19319772090278242,49.06920008,51.12280007333333,51.7353001,-0.019400000000000972,-0.022050000000000125,0.5207136428571444,-0.115230320586124,0.1042754232377467,1.033983215667088,-0.08463674479310591,-0.11494299236058285,False
2019-06-26,MITT,AG Mortgage Investment Trust Inc,주택 및 상업용 리츠,48.419998,48.630001,48.18,48.360001,35.918526,114167.0,0.005487158434736017,49.024800060000004,51.082400093333334,51.693000105,-0.02019998999999828,-0.02114999750000024,0.5035710000000014,-0.059570547152250825,0.08946603709127705,0.09283189876187592,-0.050915147165025196,-0.11507714487725806,False
2019-06-27,MITT,AG Mortgage Investment Trust Inc,주택 및 상업용 리츠,46.950001,47.400002,46.740002,47.34,36.286449,92000.0,-2.3107499795746334,48.955200059999996,51.03640008,51.646200099999994,-0.023000006666666906,-0.02340000250000429,0.5764282142857152,-1.769519559801448,-0.02311588468132943,-2.2813120046675817,-0.1366574913548903,-0.13567035910422806,False
2019-06-28,MITT,AG Mortgage Investment Trust Inc,주택 및 상업용 리츠,47.400002,48.18,47.400002,47.700001,36.562393,291433.0,-1.9554503276451918,48.89160006,50.99420009333333,51.60255010499999,-0.021099993333333344,-0.02182499750000133,0.6107139285714288,0.5894756663600335,0.0217827217378159,-0.21693131720287429,-0.12111305256197794,-0.142746902951759,False
2019-07-01,MITT,AG Mortgage Investment Trust Inc,주택 및 상업용 리츠,47.700001,48.0,47.400002,47.52,36.424423,71700.0,-2.6977253911221855,48.82740006,50.9514001,51.561000095,-0.021399996666666254,-0.020775004999997293,0.6214280000000001,-0.2896570479604993,0.003894238217964125,-1.3555400104441055,-0.21725136744001206,-0.14989272906033513,False
2019-07-02,MITT,AG Mortgage Investment Trust Inc,주택 및 상업용 리츠,47.43,47.639999,46.860001,47.099998,36.102489,69867.0,-3.501945689486108,48.74400002,50.905600080000006,51.517350074999996,-0.022900009999997195,-0.02182501000000059,0.6471422857142863,-0.6490102861018031,-0.048260836868253894,-1.0542766098266099,-0.31068082320908885,-0.1599125927125965,False
2019-07-03,MITT,AG Mortgage Investment Trust Inc,주택 및 상업용 리츠,46.98,47.43,46.98,47.369999,36.309448,23867.0,-3.4084592868746655,48.65940004,50.85920006,51.475950059999995,-0.0232000100000036,-0.02070000750000034,0.6492850000000006,0.41584358178611913,-0.041813727128491365,-0.623406551065015,-0.35174652479632285,-0.16068014852926865,False
2019-07-05,MITT,AG Mortgage Investment Trust Inc,주택 및 상업용 리츠,47.310001,47.639999,47.040001,47.610001,36.493412,66367.0,-2.5110571230220313,48.57420008,50.815800073333335,51.434100065,-0.021699993333331946,-0.020924997499996323,0.6385705714285724,0.375842562652204,-0.026595637620259297,0.612314978242529,-0.33034310051921734,-0.15354768717529027,False
2019-07-08,MITT,AG Mortgage Investment Trust Inc,주택 및 상업용 리츠,47.549999,47.880001,47.310001,47.459999,36.378441,46733.0,-2.187964897652972,48.49620003999999,50.769400080000004,51.39300005999999,-0.023199996666665612,-0.020550002500005604,0.6514277142857158,-0.23026653105244269,-0.05805796019288836,0.38257337695266536,-0.31141610091214467,-0.1441465128154907,False
2019-07-09,MITT,AG Mortgage Investment Trust Inc,주택 및 상업용 리츠,47.34,47.43,47.130001,47.310001,36.263462,34000.0,-2.464685569738423,48.40860008000001,50.720000080000005,51.35385007,-0.024699999999999278,-0.01957499499999571,0.6342847857142873,-0.2364836795369234,-0.08404066168939307,-0.4039327685884335,-0.28110956852791236,-0.15045554914590975,False
2019-07-10,MITT,AG Mortgage Investment Trust Inc,주택 및 상업용 리츠,47.43,47.700001,47.220001,47.310001,36.263462,46500.0,-2.73009499015171,48.32460014,50.67220008666666,51.31305007000001,-0.023899996666671086,-0.02039999999999509,0.6171421428571442,0.0,-0.14793865187000815,-0.6055891803404014,-0.36699316809360477,-0.14885535686360504,False
2019-07-11,MITT,AG Mortgage Investment Trust Inc,주택 및 상업용 리츠,47.310001,47.459999,47.16,47.43,36.355434,53467.0,-2.5173691766793516,48.246600099999995,50.62520008666667,51.270000065,-0.02349999999999497,-0.021525002500005996,0.5935708571428587,0.20216457488767678,-0.10700802642110381,-0.12505607733707783,-0.2806070754656724,-0.14492100781259917,False
2019-07-12,MITT,AG Mortgage Investment Trust Inc,주택 및 상업용 리츠,47.43,47.849998,47.34,47.580002,36.470413,61767.0,-2.4582943739229535,48.17220016,50.58400011333333,51.22935008,-0.020599986666670844,-0.020324992499997308,0.6064280000000011,0.24735335439656542,-0.09669312496427017,-0.42321178440304,-0.3278329039319674,-0.1543976497133707,False
2019-07-15,MITT,AG Mortgage Investment Trust Inc,주택 및 상업용 리츠,47.580002,48.299999,47.580002,48.27,36.999306,49667.0,-0.9054077105074332,48.11760016,50.54380012,51.193500085000004,-0.02009999666666573,-0.017924997499999762,0.627856214285715,1.09897454910912,-0.03000597735712664,1.07316715864416,-0.2781704054004872,-0.15250216734890806,False
2019-07-16,MITT,AG Mortgage Investment Trust Inc,주택 및 상업용 리츠,48.18,48.509998,47.880001,48.119999,36.884327,50733.0,-0.7098877595361763,48.079200119999996,50.50480010666667,51.158400085000004,-0.019500006666664405,-0.017549999999999955,0.6342845000000013,-0.23648851580009106,-0.03866727701526714,0.2937633890479128,-0.33104325015899977,-0.1561766077536526,False
2019-07-17,MITT,AG Mortgage Investment Trust Inc,주택 및 상업용 리츠,48.060001,48.389999,47.82,48.330002,37.0453,60700.0,0.4526164652418174,48.043200139999996,50.47140012,51.128850084999996,-0.016699993333336494,-0.014775000000003757,0.6428557857142871,0.3266720229742706,-0.011078522006229894,1.3354173165709415,-0.24228714888692363,-0.14120654937753527,False
2019-07-18,MITT,AG Mortgage Investment Trust Inc,주택 및 상업용 리츠,48.240002,48.389999,48.0,48.119999,36.884327,39400.0,-0.17973313114590939,48.0030001,50.43700012,51.096750075,-0.017199999999998994,-0.01605000499999676,0.5549986428571445,-0.37838470904883764,0.08828825304752798,-0.909159177769046,-0.14427623267988535,-0.1468531235093693,False
2019-07-19,MITT,AG Mortgage Investment Trust Inc,주택 및 상업용 리츠,48.060001,48.060001,47.73,47.73,36.585392,46633.0,-0.2758895361774094,47.95920014,50.400200119999994,51.066150085,-0.018400000000003303,-0.015299995000003008,0.5228557142857164,-0.745901764758923,-0.007095849175254624,0.13784594024382746,-0.11893500000512093,-0.1437566862436615,False
2019-07-22,MITT,AG Mortgage Investment Trust Inc,주택 및 상업용 리츠,47.939999,48.27,47.669998,48.27,36.999306,31900.0,0.6367150975599589,47.93220016,50.370600126666666,51.036150085,-0.014799996666663873,-0.014999999999997016,0.5228560000000024,1.0327891427085159,0.08736459301538932,0.5978116224133108,0.020590116627551662,-0.13494356772442204,False
2019-07-23,MITT,AG Mortgage Investment Trust Inc,주택 및 상업용 리츠,48.299999,48.419998,48.0,48.360001,37.068291,36233.0,0.2506465915749656,47.90220016,50.339200133333335,51.0096001,-0.015699996666665328,-0.013274992500001304,0.49714171428571624,0.18103691042966594,0.14665367848192282,-0.8611342637287375,0.0343859984916854,-0.1502762673653483,False
2019-07-24,MITT,AG Mortgage Investment Trust Inc,주택 및 상업용 리츠,48.240002,48.66,48.060001,48.599998,37.252254,50167.0,0.43189187093704007,47.88360014,50.32420013333333,50.989050095,-0.007500000000003837,-0.010275002499998465,0.50785592857143,0.4725690624014185,0.15070549852587276,-0.24599932226752008,0.061343657691506466,-0.14173354921467216,False
2019-07-25,MITT,AG Mortgage Investment Trust Inc,주택 및 상업용 리츠,48.450001,48.689999,48.029999,48.150002,36.907326,66900.0,0.20550710569882114,47.85000014,50.30500015333334,50.970000109999994,-0.009599989999994563,-0.009524992500004714,0.512141785714287,-0.8786551157359417,0.06109852149814809,-0.05162761876234634,0.013919186476872514,-0.14332735759040025,False
2019-07-26,MITT,AG Mortgage Investment Trust Inc,주택 및 상업용 리츠,48.27,48.720001,48.119999,48.66,37.298244,51067.0,0.5568133551259624,47.828400099999996,50.29480016,50.95065011500001,-0.005099996666668716,-0.009674997499992344,0.5142847857142873,0.9916645682832375,0.14837931430783952,-0.146377084895563,-0.023862989369429512,-0.14302557669253904,False
2019-07-29,MITT,AG Mortgage Investment Trust Inc,주택 및 상업용 리츠,48.689999,48.990002,48.689999,48.93,37.505199,73267.0,1.2841505736324255,47.81580008,50.30000014666667,50.93010010999999,0.0025999933333338276,-0.010275002500009123,0.5142850714285727,0.525000656250825,0.20277105257839298,0.7822987758894615,0.06086783523613442,-0.12998196113101784,False
2019-07-30,MITT,AG Mortgage Investment Trust Inc,주택 및 상업용 리츠,48.869999,49.32,48.75,49.290001,37.781143,49033.0,2.18847501433328,47.82900008000001,50.30920015333333,50.915100110000004,0.004600003333329994,-0.007499999999993179,0.5207136428571444,0.6913607986621577,0.2521539667685471,1.1064184216615045,0.18315409252198483,-0.12636761621033804,False
2019-07-31,MITT,AG Mortgage Investment Trust Inc,주택 및 상업용 리츠,49.439999,49.529999,48.900002,49.080002,37.620174,89000.0,2.6724400605087073,47.8434001,50.324800153333335,50.901450114999996,0.007800000000003138,-0.006824997500004315,0.5442849285714294,-0.385825491349127,0.21015467632306112,1.102429161812913,0.27083160960412705,-0.1190594270460871,False
2019-08-01,MITT,AG Mortgage Investment Trust Inc,주택 및 상업용 리츠,49.049999,49.41,48.689999,49.02,37.574181,73833.0,3.2255248033874695,47.85900006,50.324800153333335,50.89170011,0.0,-0.004875002499996839,0.5592851428571437,-0.10728337908901565,0.18482348107409102,0.9273752990387795,0.36730211556425696,-0.11335589660831763,False
2019-08-02,MITT,AG Mortgage Investment Trust Inc,주택 및 상업용 리츠,48.84,49.139999,48.540001,49.049999,37.597172,69933.0,3.785652266719386,47.88900006,50.32220015333333,50.878350100000006,-0.0013000000000040757,-0.00667500499999818,0.5507137857142871,0.05447294180422093,0.11021622340945539,0.8201097558221497,0.3492265867912563,-0.10795205578867292,False
2019-08-05,MITT,AG Mortgage Investment Trust Inc,주택 및 상업용 리츠,49.080002,49.080002,47.880001,48.360001,37.068291,118900.0,5.12319887135011,47.9034001,50.32040015333333,50.857500110000004,-0.0008999999999979025,-0.010424995000001047,0.5914283571428582,-1.166663707728399,0.04377513827171912,1.3310716312500028,0.4233200326628341,-0.09558432708400146,False
2019-08-06,MITT,AG Mortgage Investment Trust Inc,주택 및 상업용 리츠,48.240002,48.75,47.73,47.880001,36.700367,85567.0,2.508810365718328,47.89800008,50.32100015333334,50.83470012,0.00030000000000285354,-0.01139999500000144,0.6235712857142869,-0.7697596265199538,-0.03454140812072549,-1.7902129173230543,0.2000607302418344,-0.10146998192916004,False
2019-08-07,MITT,AG Mortgage Investment Trust Inc,주택 및 상업용 리츠,47.52,48.029999,47.099998,47.880001,36.700367,81700.0,2.1794954655095955,47.8992001,50.316200173333335,50.815800125,-0.0023999900000006846,-0.009449997499999085,0.6621428571428579,0.0,-0.007513928902951371,-0.056325258616083534,0.2609774387527603,-0.10507162709561545,False
2019-08-08,MITT,AG Mortgage Investment Trust Inc,주택 및 상업용 리츠,47.91,48.509998,47.759998,48.419998,37.114281,73267.0,1.2202733681211608,47.91840008,50.312200159999996,50.800800124999995,-0.0020000066666696625,-0.007500000000003837,0.6878572142857148,0.7850422860807583,0.1018392175855973,-0.5349932345380374,0.21291749769691282,-0.11665523273408955,False
2019-08-09,MITT,AG Mortgage Investment Trust Inc,주택 및 상업용 리츠,48.299999,48.66,47.91,48.18,36.930317,48133.0,1.1657014855614323,47.947800099999995,50.29680014666667,50.78490012,-0.007700006666663484,-0.00795000249999589,0.6985713571428575,-0.3435554543512732,0.003528889224183786,0.1117791769789449,0.17820089445160095,-0.11414166478654669,False
2019-08-12,MITT,AG Mortgage Investment Trust Inc,주택 및 상업용 리츠,48.09,48.330002,47.91,48.299999,37.022293,43100.0,2.4496777247057677,47.98860012,50.28020013333333,50.77110011,-0.00830000666666919,-0.006900005000002096,0.6985716428571435,0.17177765691891894,0.0028675139734161436,0.9804723433441158,0.3097442235282334,-0.10714425183715917,False
2019-08-13,MITT,AG Mortgage Investment Trust Inc,주택 및 상업용 리츠,48.48,48.509998,48.09,48.18,36.930317,41000.0,0.5347484215417975,48.00300014,50.26120014,50.755350099999994,-0.009499996666665567,-0.007875005000002488,0.6857144285714293,-0.17499850520864452,-0.04338731228444549,-1.0921443282700203,0.24930529452805475,-0.11304587148836007,False
2019-08-14,MITT,AG Mortgage Investment Trust Inc,주택 및 상업용 리츠,48.029999,48.029999,46.709999,46.77,35.849545,88533.0,0.45456445103631005,47.98560016,50.230800126666665,50.7304501,-0.01520000666666732,-0.01244999999999763,0.7435716428571431,-1.8962530558348492,-0.11607287943436746,-0.2527816689120512,0.23493714808879013,-0.11504656908713194,False
2019-08-15,MITT,AG Mortgage Investment Trust Inc,주택 및 상업용 리츠,46.709999,46.98,46.439999,46.77,35.849545,47233.0,0.09825608209983461,47.97360017999999,50.202400133333335,50.7079501,-0.014199996666665271,-0.011250000000000426,0.7392858571428569,0.0,-0.1869060628831701,-0.13296067080340784,0.23589546338108697,-0.11322995892731567,False
2019-08-16,MITT,AG Mortgage Investment Trust Inc,주택 및 상업용 리츠,46.830002,47.43,46.799999,47.220001,36.194469,29933.0,-0.47032187444643325,47.968200159999995,50.17520014666667,50.684550095000006,-0.01359999333333306,-0.011700002499996032,0.7628571428571423,0.5898889513108623,-0.18227118466459605,-0.15553615824489064,0.1689072538000618,-0.11577399326416525,False
2019-08-19,MITT,AG Mortgage Investment Trust Inc,주택 및 상업용 리츠,47.400002,48.0,46.439999,47.43,36.355434,57400.0,-1.23915319976462,47.97000016,50.14840014,50.66115009,-0.013400003333334354,-0.011700002500003137,0.8335714999999995,0.2519267993207498,-0.2136593274746966,-0.36481211873285435,0.06381935805760759,-0.1207782532268241,False
2019-08-20,MITT,AG Mortgage Investment Trust Inc,주택 및 상업용 리츠,47.43,47.610001,47.099998,47.099998,36.102489,44233.0,-1.188350944227623,47.965800099999996,50.120400133333334,50.63715007,-0.014000003333332955,-0.012000010000001282,0.8250004999999996,-0.40000218181686015,-0.21467194822239183,0.027073912415346513,-0.012991731185075727,-0.11603129792427268,False
2019-08-21,MITT,AG Mortgage Investment Trust Inc,주택 및 상업용 리츠,46.889999,47.009998,45.93,46.080002,35.320656,62233.0,-4.020180842177668,47.94180016,50.08220014,50.607300085000006,-0.019099996666668062,-0.014924992499995682,0.8571431428571427,-1.1899949366683535,-0.29200848804948737,-1.65613413743721,-0.19752811950478927,-0.1296576668170404,False
2019-08-22,MITT,AG Mortgage Investment Trust Inc,주택 및 상업용 리츠,45.959999,46.290001,45.810001,45.93,35.205669,46633.0,-4.191734577536755,47.913600159999994,50.04460014,50.57490008500001,-0.018799999999998818,-0.016199999999997772,0.8485718571428562,-0.1767699443922849,-0.3085258370635235,-0.14773158538660439,-0.2666596438768431,-0.12546014350527565,False
2019-08-23,MITT,AG Mortgage Investment Trust Inc,주택 및 상업용 리츠,46.02,46.5,45.66,45.779999,35.090698,79867.0,-1.9603022813752924,47.8776001,50.00760012,50.542650079999994,-0.018500010000000344,-0.016125002500007923,0.8228574999999994,-0.18229280282430832,-0.2382136295703742,1.344011009339196,-0.2657354025847579,-0.10858439509372166,False
2019-08-26,MITT,AG Mortgage Investment Trust Inc,주택 및 상업용 리츠,45.84,46.5,45.84,46.259998,35.458622,42400.0,-1.9711741792139081,47.84880003999999,49.97400011333333,50.51100007,-0.016800003333333535,-0.015825004999996395,0.8014289999999994,0.5989289132287537,-0.14045016244546651,-0.0372453148977786,-0.14052343098295253,-0.11480864989365872,False
2019-08-27,MITT,AG Mortgage Investment Trust Inc,주택 및 상업용 리츠,46.439999,46.470001,45.0,45.029999,34.51582,82600.0,-4.0768635876499815,47.79240006,49.92700009333333,50.471850059999994,-0.02350000999999935,-0.019575005000003642,0.8400004285714283,-1.4642837767259724,-0.24504186078303597,-1.2686730334428327,-0.2271197006134346,-0.1292849803660064,False
2019-08-28,MITT,AG Mortgage Investment Trust Inc,주택 및 상업용 리츠,45.060001,45.75,44.759998,45.0,34.492828,60500.0,-4.5056740215889235,47.73360008,49.87720008666667,50.425650049999994,-0.02490000333333242,-0.023100004999999868,0.8571434285714281,-0.03499881000078933,-0.30361622478886074,-0.44445570159332015,-0.22065273397452626,-0.13528215094204485,False
2019-08-29,MITT,AG Mortgage Investment Trust Inc,주택 및 상업용 리츠,45.299999,45.299999,44.580002,44.700001,34.262875,55100.0,-5.952417822145939,47.65680008,49.824200080000004,50.379000059999996,-0.026500003333332245,-0.023324994999999404,0.8550003571428567,-0.3508758768271189,-0.30413911210856404,-1.1440263265281785,-0.3103531270821779,-0.14012912031217226,False
2019-08-30,MITT,AG Mortgage Investment Trust Inc,주택 및 상업용 리츠,45.119999,45.299999,44.759998,44.970001,34.469822,202300.0,-5.047173661458759,47.59020012,49.77100008,50.332350070000004,-0.026600000000001955,-0.02332499499999585,0.8678572142857135,0.31111108550526434,-0.2941867243523965,0.2692255158487092,-0.3611564719032784,-0.14606796657128135,False
2019-09-03,MITT,AG Mortgage Investment Trust Inc,주택 및 상업용 리츠,44.880001,45.150002,44.639999,45.060001,34.538815,73333.0,-3.751503716986593,47.524200119999996,49.71620009333333,50.28375008,-0.027399993333336425,-0.02429999500000335,0.8742861428571419,0.10294112600924785,-0.27433389355111854,0.5766534960306863,-0.24195662731037076,-0.14678100243737202,False
2019-09-04,MITT,AG Mortgage Investment Trust Inc,주택 및 상업용 리츠,45.27,45.450001,45.119999,45.119999,34.584801,63300.0,-4.2838377085463115,47.45760007999999,49.65880008666667,50.235600075,-0.028700003333327118,-0.024075002499998277,0.7971432142857137,0.07526627452227877,-0.13351108423989508,-0.7377763355185498,-0.27659910349654926,-0.1484075687491202,False
2019-09-05,MITT,AG Mortgage Investment Trust Inc,주택 및 상업용 리츠,45.389999,46.049999,45.240002,45.57,34.929733,79700.0,-4.185722671625913,47.4012001,49.60220008,50.19240008,-0.028300003333335155,-0.021599997500000967,0.8250002857142853,0.5454555686733968,-0.09454997219179531,-0.4108984306357344,-0.29645180062742965,-0.1500807669636617,False
2019-09-06,MITT,AG Mortgage Investment Trust Inc,주택 및 상업용 리츠,45.299999,45.630001,45.18,45.419998,34.814758,58733.0,-4.218845195075516,47.342400039999994,49.54080006,50.14740008,-0.030700010000000333,-0.022500000000000853,0.810000357142857,-0.18518757266861957,-0.1499125810474726,-0.2573172186033134,-0.303721876367317,-0.15724865354068485,False
2019-09-09,MITT,AG Mortgage Investment Trust Inc,주택 및 상업용 리츠,45.299999,46.349998,45.209999,46.139999,35.366646,70167.0,-2.379786391330163,47.31840002,49.48060006666667,50.106900065,-0.030099996666667295,-0.02025000749999961,0.7800002142857139,0.9230779515353662,-0.10197321303214282,0.9308610176213562,-0.21117379519915916,-0.1529605247389612,False
2019-09-10,MITT,AG Mortgage Investment Trust Inc,주택 및 상업용 리츠,45.959999,46.709999,45.869999,46.41,35.573597,69400.0,-1.4744470686238742,47.2926,49.42360007333333,50.068800069999995,-0.02849999666666747,-0.01904999750000158,0.8035714285714286,0.33600124444443635,-0.04940153972776452,0.309231545785847,-0.19101967852983767,-0.14606979584617086,False
2019-09-11,MITT,AG Mortgage Investment Trust Inc,주택 및 상업용 리츠,46.619999,46.919998,46.32,46.830002,35.895535,81667.0,-1.027471386673462,47.27880003999999,49.37160008,50.033250085,-0.025999996666666192,-0.01777499249999792,0.7628571428571428,0.5505644194756604,0.07492412856823648,-0.053233291862450516,-0.07652676098878342,-0.14446182964631926,False
2019-09-12,MITT,AG Mortgage Investment Trust Inc,주택 및 상업용 리츠,46.830002,47.099998,46.529999,46.830002,35.895535,101800.0,-1.027738007853074,47.27340012,49.32220008,49.99755009,-0.024699999999999278,-0.017849997500000825,0.7692856428571433,0.0,0.08755055316768541,-0.24956565973796577,-0.0838006234424521,-0.14768199999754755,False
2019-09-13,MITT,AG Mortgage Investment Trust Inc,주택 및 상업용 리츠,47.099998,47.73,46.77,47.52,36.424423,103000.0,0.7029483837234007,47.27640013999999,49.27580008,49.96350008,-0.02319999999999922,-0.01702500499999715,0.7778570714285712,0.8870498518870426,0.16393217136135332,0.9620288792195522,-0.11108506130814091,-0.14325755230053916,False
2019-09-16,MITT,AG Mortgage Investment Trust Inc,주택 및 상업용 리츠,47.52,47.549999,46.860001,47.220001,36.194469,64067.0,0.5729183985368147,47.26860014,49.23460007333333,49.92900009,-0.020600003333335337,-0.01724999500000024,0.7757139999999997,-0.3867391848026461,0.09352730721625332,-0.049646231054206014,-0.11197084103360003,-0.1328870406646802,False
2019-09-17,MITT,AG Mortgage Investment Trust Inc,주택 및 상업용 리츠,47.16,47.16,46.650002,46.919998,35.964512,38367.0,-0.1280826068224883,47.25780012,49.20460007333333,49.89150009000001,-0.015000000000000568,-0.018749999999997158,0.7114281428571425,-0.4216912178862814,0.16799820427623122,-0.7178212001177502,-0.07262428151037985,-0.11252200208815717,False
2019-09-18,MITT,AG Mortgage Investment Trust Inc,주택 및 상업용 리츠,46.98,47.07,46.709999,46.799999,35.872536,46133.0,-0.2026428703778005,47.24760007999999,49.17300006,49.85190007999999,-0.015800006666665922,-0.01980000500000756,0.6664280714285711,-0.18006294324122218,0.1576364804733432,-0.2203209218352567,-0.05661465438480389,-0.11302134725236511,False
2019-09-19,MITT,AG Mortgage Investment Trust Inc,주택 및 상업용 리츠,46.919998,47.25,46.799999,46.799999,35.872536,83100.0,-0.14312590922124224,47.237400040000004,49.13940005333333,49.813500075,-0.016800003333333535,-0.019200002499996316,0.6471426428571425,0.0,0.1826990431038517,-0.002513905799928276,0.024921947095785407,-0.1173941568596008,False
2019-09-20,MITT,AG Mortgage Investment Trust Inc,주택 및 상업용 리츠,46.799999,47.279999,46.619999,46.740002,35.826546,189000.0,0.24916776091927773,47.223600080000004,49.10540006666667,49.774800084999995,-0.01699999333333224,-0.01934999500000245,0.6514284999999995,-0.09210066799349857,0.15389820356822576,0.5157135674238238,0.04252823649400788,-0.10647142876595933,False
2019-09-23,MITT,AG Mortgage Investment Trust Inc,주택 및 상업용 리츠,46.889999,47.189999,46.799999,47.040001,36.056503,66900.0,1.017911567421037,47.21280006,49.071200086666664,49.74120010000001,-0.017099990000001952,-0.016799992499993976,0.6471423571428571,0.46357497185704183,0.17965776398592534,0.47621046340839285,0.03535373416384406,-0.10518809445971149,False
2019-09-24,MITT,AG Mortgage Investment Trust Inc,주택 및 상업용 리츠,47.130001,47.43,46.740002,46.77,35.849545,75200.0,1.3902585417975732,47.18280006,49.03620008666667,49.703550105000005,-0.017499999999998295,-0.018824997500001217,0.6685707857142857,-0.4038480378880609,0.1454353130994725,0.6359075654306219,0.1334740128030706,-0.09823986281322711,False
2019-09-25,MITT,AG Mortgage Investment Trust Inc,주택 및 상업용 리츠,46.77,47.220001,46.77,47.130001,36.125488,66067.0,1.5142548225451913,47.1630001,48.99860009333334,49.66935010500001,-0.01879999666666521,-0.017099999999999227,0.634285142857143,0.5675696554681531,0.14701489072766938,-0.2124380797072456,0.14764975215510553,-0.1088794677572996,False
2019-09-26,MITT,AG Mortgage Investment Trust Inc,주택 및 상업용 리츠,47.189999,47.639999,47.130001,47.400002,36.332447,79867.0,2.2337444967370557,47.14440009999999,48.961400106666666,49.639650115,-0.018599993333335618,-0.01484999500000228,0.6385706428571432,0.42282087819123787,0.19044406578908776,0.7222572165727681,0.21761935466768279,-0.10088133628835937,False
2019-09-27,MITT,AG Mortgage Investment Trust Inc,주택 및 상업용 리츠,46.02,46.139999,45.419998,45.540001,35.930065,81733.0,-1.2820213451106177,47.09280014,48.91120011333333,49.600950125,-0.02509999666666829,-0.01934999500000245,0.6985710000000006,-2.662579752093921,-0.06567434161300419,-2.048177696611189,0.004830875079643844,-0.11436707031250108,False
2019-09-30,MITT,AG Mortgage Investment Trust Inc,주택 및 상업용 리츠,45.75,45.84,45.240002,45.450001,35.859055,84500.0,-1.9409773479583614,47.047200159999996,48.86360012,49.56195012999999,-0.023799996666664214,-0.01949999750000231,0.6814280000000009,-0.13207558245331302,-0.09910840067712913,-0.7128327958908265,-0.06817372075440427,-0.11544655280965065,False
2019-10-01,MITT,AG Mortgage Investment Trust Inc,주택 및 상업용 리츠,45.450001,45.689999,44.82,44.970001,35.480339,58600.0,-1.7062561348059946,46.981200179999995,48.80900012666666,49.52325014,-0.027299996666670268,-0.019349994999995346,0.7007137857142867,-0.6850157793180838,-0.1873641291623966,0.6295984469337186,-0.01940002512610647,-0.11634922548477003,False
2019-10-02,MITT,AG Mortgage Investment Trust Inc,주택 및 상업용 리츠,44.790001,45.119999,44.099998,44.669998,35.243652,77533.0,-0.6175415125941552,46.90740011999999,48.75120011333334,49.48125013,-0.02890000666666026,-0.02100000500000121,0.7328567857142865,-0.4093610182071286,-0.2166042018914772,1.2883065825049647,0.09044799217696,-0.11174844057276945,False
2019-10-03,MITT,AG Mortgage Investment Trust Inc,주택 및 상업용 리츠,44.459999,44.82,44.009998,44.310001,34.959621,103167.0,-2.1701707518893887,46.821600180000004,48.69600012,49.448550145,-0.02759999666666957,-0.016349992500000354,0.7221426428571439,-0.49851231409860863,-0.3155729280333094,-1.1771894493110353,-0.06235331700379625,-0.10785440611033441,False
2019-10-04,MITT,AG Mortgage Investment Trust Inc,주택 및 상업용 리츠,44.279999,44.639999,44.220001,44.490002,35.101635,59567.0,-3.094516222789545,46.74840018,48.64300014,49.41585016,-0.02649999000000136,-0.016349992500000354,0.7028569285714293,0.25609906181881537,-0.26965591041749076,-0.8996539812470422,-0.12306815630328456,-0.11579253014901776,False
2019-10-07,MITT,AG Mortgage Investment Trust Inc,주택 및 상업용 리츠,44.310001,44.939999,44.279999,44.580002,35.172646,72433.0,-2.3606402276956873,46.666800220000006,48.59140015333334,49.387800174999995,-0.025799993333329496,-0.014024992500001332,0.7092855714285723,0.12688824307920768,-0.23047166320567009,0.48777933216495106,-0.03695383256880589,-0.1124640390847987,False
2019-10-08,MITT,AG Mortgage Investment Trust Inc,주택 및 상업용 리츠,44.43,44.669998,44.220001,44.369999,35.006958,49933.0,-1.2080907854146505,46.57560020000001,48.54020015333333,49.36890016,-0.025600000000004286,-0.00945000749999636,0.715713857142858,-0.29341754096858763,-0.2385684201861962,0.9152039357362475,0.04415508582915869,-0.10958607619253188,False
2019-10-09,MITT,AG Mortgage Investment Trust Inc,주택 및 상업용 리츠,44.369999,44.52,44.189999,44.189999,34.864941,51533.0,-2.3492429870185405,46.47360016,48.49060014,49.35030015499999,-0.024800006666666263,-0.009300002500005178,0.7071424285714295,-0.25454560881551974,-0.25675024938730473,-0.9285182327163233,-0.021988080379155228,-0.11896786704160689,False
2019-10-10,MITT,AG Mortgage Investment Trust Inc,주택 및 상업용 리츠,44.099998,44.610001,44.099998,44.459999,35.077965,47333.0,-2.243855652047222,46.38120010000001,48.43980012,49.33890014000001,-0.025400009999998474,-0.005700007499992665,0.6964283571428582,0.3876924269822891,-0.22247931403189133,-0.09186937605728579,-0.06538686205637734,-0.12491568940528545,False
2019-10-11,MITT,AG Mortgage Investment Trust Inc,주택 및 상업용 리츠,44.639999,44.970001,44.610001,44.73,35.290993,61000.0,-2.480720372889622,46.29540010000001,48.386000126666666,49.31745014,-0.026899996666667647,-0.010725000000004314,0.7007144285714294,0.38532244947553573,-0.22806877991628463,-0.38381626039194305,-0.1268173423278299,-0.1215509251893749,False
2019-10-14,MITT,AG Mortgage Investment Trust Inc,주택 및 상업용 리츠,44.639999,44.73,44.43,44.549999,35.148975,30467.0,-2.507411949801963,46.2054001,48.33060011333333,49.293000140000004,-0.02770000666666661,-0.012224999999997266,0.6728574285714289,-0.2675172961709952,-0.21833086979363708,-0.16161540559475435,-0.18378326882964252,-0.12076118409839666,False
2019-10-15,MITT,AG Mortgage Investment Trust Inc,주택 및 상업용 리츠,44.549999,44.970001,44.549999,44.700001,35.267319,38400.0,-2.926395222225653,46.1322001,48.27700010666667,49.273350140000005,-0.026800003333331546,-0.009824999999999307,0.6707146428571436,0.22364503533278277,-0.2428969140890207,-0.5351461653705694,-0.20683384637702276,-0.1180141938104192,False
2019-10-16,MITT,AG Mortgage Investment Trust Inc,주택 및 상업용 리츠,44.700001,45.09,44.700001,45.0,35.504017,49667.0,-1.9153134792907478,46.07460008,48.22320010666667,49.25940013499999,-0.026900000000001256,-0.0069750025000061555,0.6621432857142864,0.4530726301579515,-0.24073607466282684,0.610228121976669,-0.21483592456245842,-0.11724109721338055,False
2019-10-17,MITT,AG Mortgage Investment Trust Inc,주택 및 상업용 리츠,45.150002,45.509998,45.060001,45.419998,35.835388,52467.0,-1.1391378609504454,46.02540002,48.174400080000005,49.243500135,-0.02440001333333086,-0.007949999999997459,0.5571428571428579,0.7538425641025625,0.0032940907797791097,0.5272886109865421,-0.03087404544833475,-0.10716845589215666,False
2019-10-18,MITT,AG Mortgage Investment Trust Inc,주택 및 상업용 리츠,45.240002,45.66,45.240002,45.48,35.882725,46500.0,-0.4920113086322009,45.96660006,48.123400073333336,49.22580013500001,-0.025500003333334575,-0.008849999999995362,0.5442857142857146,0.11023989501311819,0.020602339170238484,0.4314908152407735,0.050863355346779535,-0.10461773820059923,False
2019-10-21,MITT,AG Mortgage Investment Trust Inc,주택 및 상업용 리츠,45.48,45.84,45.48,45.779999,36.119415,36000.0,-0.3573798563494712,45.91860004,48.075600060000006,49.20225012,-0.023900006666664808,-0.011775007500002488,0.5078572142857151,0.590715247438079,0.11172598393853583,-0.008583353172054164,0.005278941053510051,-0.10306393479573726,False
2019-10-22,MITT,AG Mortgage Investment Trust Inc,주택 및 상업용 리츠,45.630001,46.02,45.540001,45.959999,36.261436,28467.0,0.5324800784427097,45.87180004,48.031200059999996,49.178100109999995,-0.022200000000005105,-0.012075005000003358,0.4692856428571441,0.38356170221640656,0.16836332111164548,0.7300327606917456,-0.03459776050457702,-0.09721023275961403,False
2019-10-23,MITT,AG Mortgage Investment Trust Inc,주택 및 상업용 리츠,45.959999,46.259998,45.869999,46.259998,36.498123,30200.0,1.031460318947075,45.833400000000005,47.98820005333334,49.154250105,-0.021500003333329687,-0.011925002499996395,0.4392854285714302,0.682924997024385,0.2527517004775736,0.37824292567752793,0.07650455199460607,-0.08811672242312522,False
2019-10-24,MITT,AG Mortgage Investment Trust Inc,주택 및 상업용 리츠,46.200001,46.200001,45.630001,45.720001,36.072079,48467.0,-0.09973518548579419,45.812400020000005,47.94600006666667,49.1262001,-0.021099993333333344,-0.01402500250000216,0.454285357142859,-1.1886735760012332,0.1495536549189987,-1.410298454960855,0.040029946729333736,-0.10365822154923296,False
2019-10-25,MITT,AG Mortgage Investment Trust Inc,주택 및 상업용 리츠,45.630001,45.720001,45.27,45.27,35.717049,26100.0,-1.3549763901796186,45.782400020000004,47.898800079999994,49.097400105,-0.023599993333338176,-0.014399997499999984,0.4392854285714302,-1.0243931865971914,0.0673192670849702,-1.4935208595701202,-0.10149149553745707,-0.11735450382559323,False
2019-10-28,MITT,AG Mortgage Investment Trust Inc,주택 및 상업용 리츠,45.299999,45.540001,45.150002,45.299999,35.740704,32167.0,-1.7196053509636267,45.74399998,47.852800066666674,49.067400105000004,-0.0230000066666598,-0.014999999999997016,0.43499985714285877,0.06896324103882304,0.0932036086569281,-0.6230920297628686,-0.2113697787873939,-0.1152980162240306,False
2019-10-29,MITT,AG Mortgage Investment Trust Inc,주택 및 상업용 리츠,45.299999,46.02,45.240002,45.990002,36.285095,49900.0,-0.08980141954907372,45.715200020000005,47.81240008666666,49.040100110000004,-0.020199990000005386,-0.013649997499999955,0.46714250000000185,1.4770717714615873,0.2168905643910072,1.588431902602202,-0.031587626264642114,-0.10608640169137441,False
2019-10-30,MITT,AG Mortgage Investment Trust Inc,주택 및 상업용 리츠,45.93,46.110001,45.66,46.02,36.308773,36467.0,-0.2287007802004859,45.69360006,47.78100008666667,49.013700115,-0.015699999999995384,-0.01319999750000278,0.4628566428571449,0.06481056383858513,0.19382757416645688,-0.3801384234254026,-0.05217827250522189,-0.09404442693994237,False
2019-10-31,MITT,AG Mortgage Investment Trust Inc,주택 및 상업용 리츠,46.290001,46.950001,45.630001,46.919998,37.018848,86333.0,1.9557952774838405,45.71039997999999,47.75700007333333,48.9892501,-0.012000006666671226,-0.012225007499999663,0.5207136428571449,1.7283933546694228,0.28976121025173457,2.189829259963051,0.1316535503772777,-0.07291865980375307,False
2019-11-01,MITT,AG Mortgage Investment Trust Inc,주택 및 상업용 리츠,46.860001,47.369999,46.77,46.830002,36.947849,81133.0,0.7204731968659672,45.72840002,47.73060008,48.965550109999995,-0.013199996666664049,-0.011849995000002167,0.5421421428571449,-0.16600074571903065,0.2970123924268749,-1.5406061397464643,0.03315421222358412,-0.07811406265650696,False
2019-11-04,MITT,AG Mortgage Investment Trust Inc,주택 및 상업용 리츠,47.040001,47.040001,46.709999,46.950001,37.042522,63933.0,0.5785217272210819,45.75180006000001,47.707800093333326,48.943650105,-0.011399993333338188,-0.010950002499996003,0.5357135714285727,0.22399843199790875,0.29703763504581243,-0.34384358160270695,0.046818682492717145,-0.07647041792422264,False
2019-11-05,MITT,AG Mortgage Investment Trust Inc,주택 및 상업용 리츠,46.650002,46.709999,45.240002,45.57,35.953735,88700.0,-2.095530345808627,45.7380001,47.675000080000004,48.91500011,-0.01640000666666097,-0.014324997500001047,0.629999285714287,-2.190480261315485,0.10821242851199557,-2.0076851484523144,-0.14017512253792452,-0.08957044532249625,False
2019-11-06,MITT,AG Mortgage Investment Trust Inc,주택 및 상업용 리츠,45.540001,46.139999,45.360001,45.990002,36.285095,62967.0,-1.200795846413405,45.75720016,47.642800093333335,48.88455011,-0.01609999333333434,-0.015225000000000932,0.6492850000000016,0.6468684784031599,0.10057142239060966,0.5362620220873516,-0.1395341646021524,-0.08777032866409976,False
2019-11-07,MITT,AG Mortgage Investment Trust Inc,주택 및 상업용 리츠,46.169998,46.23,45.810001,45.990002,36.285095,43500.0,-1.39636509397284,45.777000199999996,47.6102001,48.85215011499999,-0.016299996666667482,-0.016199997500002894,0.6492850714285728,0.0,0.09269714417538692,-0.4344392095105549,-0.2013863092272473,-0.08806627217048221,False
2019-11-08,MITT,AG Mortgage Investment Trust Inc,주택 및 상업용 리츠,45.810001,46.59,45.75,46.200001,36.45079,72533.0,-1.1590187234241878,45.807000200000004,47.57680011333334,48.81990011,-0.016699993333329388,-0.016125002499997265,0.6835707857142869,0.3072088573542067,0.07244668774082463,-0.10384334264942141,-0.2081905941899164,-0.09122577918215104,False
2019-11-11,MITT,AG Mortgage Investment Trust Inc,주택 및 상업용 리츠,46.200001,46.889999,46.200001,46.5,36.687489,44067.0,-0.33597442980045633,45.83760018,47.54820010666667,48.787650105000004,-0.014300003333335809,-0.016125002499997265,0.6985707142857152,0.42944686037511187,0.075724199037875,0.7479655296235175,-0.20690968212336128,-0.08661437932074936,False
2019-11-12,MITT,AG Mortgage Investment Trust Inc,주택 및 상업용 리츠,46.529999,46.860001,46.5,46.560001,36.734825,38800.0,-0.40857391028424894,45.86760018,47.51960012666667,48.754050115,-0.014299990000001372,-0.016799995000003065,0.6964280000000004,0.08615535274285313,0.03309779587490846,-0.16326718181569846,-0.24558897551573458,-0.085518139592244,False
2019-11-13,MITT,AG Mortgage Investment Trust Inc,주택 및 상업용 리츠,46.380001,46.740002,46.200001,46.41,36.616474,46233.0,-0.7829742041974508,45.8934002,47.489600126666666,48.717450115,-0.015000000000000568,-0.018299999999999983,0.6899997142857143,-0.21739284364093361,0.1024749910435013,-0.32950431142167635,-0.16838939383436463,-0.08829793374541334,False
2019-11-14,MITT,AG Mortgage Investment Trust Inc,주택 및 상업용 리츠,46.41,46.560001,46.139999,46.259998,36.498123,38100.0,-1.117187455458768,45.90720016,47.45920011333333,48.6784501,-0.01520000666666732,-0.019500007499999583,0.6878569285714283,-0.21807151134106378,0.16006939641893897,-0.35530232918809457,-0.08708807023564856,-0.08358223300890191,False
2019-11-15,MITT,AG Mortgage Investment Trust Inc,주택 및 상업용 리츠,46.41,46.560001,45.990002,46.139999,36.40345,38333.0,-1.9829123581048824,45.921600180000006,47.429600093333335,48.63600009000001,-0.01480000999999831,-0.021225004999994468,0.7007140714285717,-0.1712524478855599,0.14291113292434018,-1.4230646447919642,-0.14422897130915535,-0.09110353787238697,False
2019-11-18,MITT,AG Mortgage Investment Trust Inc,주택 및 상업용 리츠,46.049999,46.349998,46.02,46.139999,36.40345,31833.0,-1.8868284438338212,45.921600180000006,47.39840008666667,48.59085009499999,-0.01560000333333278,-0.022574997500008465,0.6685712142857138,0.0,0.03740600639136966,-0.08277197966595146,-0.26360067718545205,-0.09377900491800403,False
2019-11-19,MITT,AG Mortgage Investment Trust Inc,주택 및 상업용 리츠,46.110001,46.290001,45.900002,45.959999,36.261436,39733.0,-2.0130393506844313,45.912600160000004,47.36560007333333,48.545850095000006,-0.016400006666668077,-0.022499999999993747,0.6642853571428563,-0.2709678876171438,0.013421831287389024,-0.16962844130809884,-0.24856424989135892,-0.0982466283808333,False
2019-11-20,MITT,AG Mortgage Investment Trust Inc,주택 및 상업용 리츠,45.990002,45.990002,45.57,45.66,36.024742,46367.0,-2.0550025961229346,45.889200120000005,47.33180007333333,48.50100009,-0.016899999999999693,-0.0224250025000039,0.5999997857142846,-0.4999985119042427,-0.14574901632501566,0.12950274059265277,-0.3957304298463874,-0.09317389834564613,False
2019-11-21,MITT,AG Mortgage Investment Trust Inc,주택 및 상업용 리츠,45.810001,45.810001,45.299999,45.57,35.953735,40333.0,-1.9280863488977396,45.86400008,47.29380007333333,48.45765008,-0.019000000000001904,-0.021675004999998748,0.5935714285714278,-0.1516245487364561,-0.14472214511197462,0.1274404405377479,-0.27658424554037225,-0.09967979951853435,False
2019-11-22,MITT,AG Mortgage Investment Trust Inc,주택 및 상업용 리츠,45.48,45.720001,45.299999,45.599998,35.977398,43167.0,-1.9729219638575213,45.82560004,47.25380007333334,48.41325007,-0.01999999999999602,-0.022200005000001966,0.5999999999999999,0.04999666666666515,-0.1571508426356349,-0.3402728109385597,-0.27632919049293314,-0.09718220030848673,False
2019-11-25,MITT,AG Mortgage Investment Trust Inc,주택 및 상업용 리츠,45.779999,46.23,45.689999,46.169998,36.427116,51567.0,-1.4309651586083882,45.80459997999999,47.21580006666667,48.377100049999996,-0.019000003333335513,-0.018075010000000447,0.5228573571428566,1.0901634876379165,0.0771808537181795,-0.19744277633749352,-0.14702616391330306,-0.10528050671092203,False
2019-11-26,MITT,AG Mortgage Investment Trust Inc,주택 및 상업용 리츠,46.200001,46.470001,46.02,46.169998,36.427116,66000.0,-1.501144758949735,45.789599980000006,47.18120004666667,48.35085005,-0.017300009999999588,-0.013124999999998721,0.4992861428571419,0.0,0.030975962403668074,-0.38053782189109314,-0.21251186705462058,-0.10093155604009416,False
2019-11-27,MITT,AG Mortgage Investment Trust Inc,주택 및 상업용 리츠,46.200001,46.5,46.110001,46.41,36.616474,32167.0,-1.2723471185361102,45.781800000000004,47.14600005333333,48.325200045,-0.017599996666668005,-0.01282500249999785,0.4971432857142852,0.48276222750382125,0.06545897865394103,-0.26372166808274855,-0.2003177569526344,-0.10205335335087005,False
2019-11-29,MITT,AG Mortgage Investment Trust Inc,주택 및 상업용 리츠,46.23,46.77,46.23,46.709999,36.853165,22133.0,-0.04103033781914789,45.78,47.114000059999995,48.29955004000001,-0.01599999666666818,-0.01282500249999785,0.475714714285714,0.6306279603952455,0.08856034315687235,1.3665461605028772,-0.09528993529889876,-0.08918480318752585,False
2019-12-02,MITT,AG Mortgage Investment Trust Inc,주택 및 상업용 리츠,46.860001,46.950001,46.5,46.709999,36.853165,75633.0,0.9204050615175596,45.77939993999999,47.08320004,48.273900035,-0.015400009999996911,-0.012825002500004956,0.4585720714285709,0.0,0.05788556741579294,1.4772621777351456,-0.04319731757663963,-0.07572179539543562,False
2019-12-03,MITT,AG Mortgage Investment Trust Inc,주택 및 상업용 리츠,46.59,47.130001,46.5,47.07,37.137199,69167.0,2.3898012875767316,45.77999992,47.05500004666666,48.24840004500001,-0.014099996666669057,-0.012749994999992964,0.47785778571428544,0.7533643078805962,0.10554334992563173,1.7774371191912253,0.09542441820956922,-0.07135975704730259,False
2019-12-04,MITT,AG Mortgage Investment Trust Inc,주택 및 상업용 리츠,47.130001,47.220001,46.560001,46.650002,36.805828,74900.0,0.78246845071821,45.777599959999996,47.02600006,48.221550054999994,-0.014499993333330963,-0.013424995000008266,0.4864291428571431,-0.8634309974378873,0.05939776751156361,-1.8093413868957247,-0.010278230038577085,-0.08148019675889047,False
2019-12-05,MITT,AG Mortgage Investment Trust Inc,주택 및 상업용 리츠,46.860001,46.919998,46.560001,46.619999,36.782162,53933.0,0.5643466658337593,45.767399919999995,47.00320004666667,48.19080005,-0.011400006666665519,-0.015375002499997237,0.4821430714285719,-0.06222841678737164,0.07052941712254161,-0.2874789359480184,-0.005433701950000223,-0.06287027879275678,False
2019-12-06,MITT,AG Mortgage Investment Trust Inc,주택 및 상업용 리츠,46.709999,47.099998,46.709999,46.919998,37.018848,50533.0,0.2925587432689225,45.757799840000004,46.98180002666667,48.160500039999995,-0.01070001000000076,-0.015150005000002409,0.4757145000000002,0.6306282444617508,0.12780660943306382,-0.700257061953663,0.046195411109878425,-0.07232029372311964,False
2019-12-09,MITT,AG Mortgage Investment Trust Inc,주택 및 상업용 리츠,46.650002,46.98,46.650002,46.860001,36.971516,58800.0,0.48001772061756487,45.78419984,46.96000002666667,48.129450045000006,-0.010899999999999466,-0.015524997499994697,0.4757145000000002,-0.12611976300912148,0.11879805493241227,0.3368376335071963,0.07616752633653183,-0.08203754727292747,False
2019-12-10,MITT,AG Mortgage Investment Trust Inc,주택 및 상업용 리츠,46.830002,47.07,46.709999,46.919998,37.018848,39067.0,0.7478612258726924,45.813599780000004,46.94000002666667,48.101100035,-0.010000000000001563,-0.014175005000002017,0.473571785714286,0.12669040219427255,0.14720221849037057,0.28576269070107735,0.10869546433718727,-0.07909217857246627,False
2019-12-11,MITT,AG Mortgage Investment Trust Inc,주택 및 상업용 리츠,46.740002,47.16,46.740002,47.099998,37.160866,49467.0,0.8637518434153169,45.856199720000006,46.92320002,48.070800025,-0.008400003333331796,-0.015150005000002409,0.47357150000000053,0.3800904404086807,0.2100657150841508,-0.06672149987094628,0.09467944716121592,-0.07858133594156223,False
2019-12-12,MITT,AG Mortgage Investment Trust Inc,주택 및 상업용 리츠,47.07,47.400002,46.889999,47.099998,37.160866,50900.0,0.05163124362597138,45.90479972,46.9048,48.039600015000005,-0.009200010000000702,-0.015600004999996031,0.47357157142857176,0.0,0.2208960399938977,-1.225786881864862,-0.001979647296113361,-0.08693787035222712,False
2019-12-13,MITT,AG Mortgage Investment Trust Inc,주택 및 상업용 리츠,47.099998,47.25,46.740002,46.919998,37.018848,65333.0,-0.2936878502765139,45.95699966,46.88739999333333,48.011250005,-0.00870000333333465,-0.014175005000002017,0.4799998571428574,-0.3750001116071753,0.19053912726005198,-0.3850539258776108,-0.005178298363188437,-0.09897042257068726,False
2019-12-16,MITT,AG Mortgage Investment Trust Inc,주택 및 상업용 리츠,46.919998,46.950001,45.509998,46.259998,36.498123,273533.0,-2.29804923388246,45.992399580000004,46.86359996666667,47.98035,-0.011900013333331572,-0.015450002499999727,0.5378570714285716,-1.2270917964265267,0.0250208926840203,-2.2009224997744843,-0.14828399289440206,-0.11266920838772952,False
2019-12-17,MITT,AG Mortgage Investment Trust Inc,주택 및 상업용 리츠,46.23,46.830002,46.23,46.740002,36.876842,91367.0,-1.2713181619414038,46.035599579999996,46.843599966666666,47.95245001,-0.010000000000001563,-0.013949995000000825,0.548571428571429,0.8750072916666548,0.08752141351735279,0.8283550371465788,-0.06193450296313979,-0.10347801908598311,False
2019-12-18,MITT,AG Mortgage Investment Trust Inc,주택 및 상업용 리츠,46.68,47.400002,46.650002,47.400002,37.397568,90100.0,0.12433521929657854,46.09619964,46.82919997333334,47.929200025,-0.0071999966666638215,-0.01162499249999982,0.574285785714286,1.1492535884013009,0.1351279392957442,1.2106471442706415,0.043377555062102356,-0.08947354734867104,False
2019-12-19,MITT,AG Mortgage Investment Trust Inc,주택 및 상업용 리츠,47.549999,47.549999,47.279999,47.549999,37.515907,75333.0,-0.05375404982925769,46.163399639999994,46.82199996,47.908800015,-0.0036000066666694863,-0.01020000500000151,0.5550000714285714,0.27026483008174473,0.10938771570192271,-0.36265117464844365,-0.08013654030584913,-0.08552806320740543,False
2019-12-20,MITT,AG Mortgage Investment Trust Inc,주택 및 상업용 리츠,47.52,47.669998,46.98,47.43,37.421227,413900.0,-0.8102223951913068,46.22279966,46.81579995333333,47.885550005,-0.0031000033333334898,-0.011625004999999078,0.5721427142857145,-0.20973613226869706,0.09440656339701578,-0.9456672287966317,-0.25320292648669035,-0.09218596038474196,False
2019-12-23,MITT,AG Mortgage Investment Trust Inc,주택 및 상업용 리츠,47.459999,47.700001,47.220001,47.52,37.492241,88167.0,-0.7342197494347835,46.27859966,46.81099994,47.85915001,-0.0024000066666651776,-0.013199997499999228,0.5614283571428571,0.16030540469672544,0.05204521316959644,0.012650831353981151,-0.3792590899036364,-0.08722218482417093,False
2019-12-24,MITT,AG Mortgage Investment Trust Inc,주택 및 상업용 리츠,47.549999,47.82,47.34,47.669998,37.610588,38700.0,-0.4199149158080395,46.34099964,46.81179993333334,47.833199994999994,0.00039999666666901135,-0.012975007500003244,0.5485712142857138,0.2734339609768016,0.13324985305635995,0.3095473435589371,-0.2279098948711605,-0.07991525627028175,False
2019-12-26,MITT,AG Mortgage Investment Trust Inc,주택 및 상업용 리츠,47.669998,48.150002,47.610001,47.880001,37.776276,77733.0,-0.5172495523961262,46.404599639999994,46.81339994666667,47.80889999,0.0008000066666653538,-0.01215000249999676,0.5614286428571427,0.3740510974489706,0.16441267550181296,-0.5694041709108486,-0.2480474116542198,-0.08984532190663733,False
2019-12-27,MITT,AG Mortgage Investment Trust Inc,주택 및 상업용 리츠,48.0,48.060001,47.700001,47.970001,37.847282,128600.0,-0.36351632229205677,46.46399966,46.81219994,47.783399994999996,-0.0006000033333357635,-0.012749997500002053,0.5528572857142855,0.16279065560965594,0.13099570486952047,0.1559601323386721,-0.18688904063333878,-0.09368463925526385,False
2019-12-30,MITT,AG Mortgage Investment Trust Inc,주택 및 상업용 리츠,46.709999,46.889999,46.290001,46.290001,37.57938,121300.0,-3.130587739431423,46.48139972,46.80199994666667,47.75114999,-0.005099996666665163,-0.016125002499997265,0.6492860000000006,-2.587457607279389,-0.04481414114978436,-1.479266632452987,-0.316610773916209,-0.10399300691196373,False
2019-12-31,MITT,AG Mortgage Investment Trust Inc,주택 및 상업용 리츠,46.32,46.59,46.139999,46.259998,37.555019,71033.0,-3.255309503735848,46.49699968,46.79399994,47.716799974999994,-0.004000003333334945,-0.017175007500004114,0.6557145714285723,-0.045756189212979574,-0.05713175482173094,-0.5986949061463434,-0.3797863165481677,-0.10735364411849253,False
2020-01-02,MITT,AG Mortgage Investment Trust Inc,주택 및 상업용 리츠,46.259998,46.41,45.779999,46.290001,37.57938,99233.0,-3.6687535041938446,46.50719972000001,46.79119995333333,47.683499975000004,-0.0013999933333330716,-0.016649999999994947,0.6707147857142866,0.04473287400104274,-0.0810858667079908,-1.4346245699918292,-0.4774936786996592,-0.10831414473858132,False
2020-01-03,MITT,AG Mortgage Investment Trust Inc,주택 및 상업용 리츠,46.139999,46.59,46.049999,46.5,37.749866,74100.0,-2.3411064166658613,46.51799973999999,46.79279996666667,47.65289998,0.0008000066666689065,-0.015299997500001439,0.6728575000000012,0.312100258970143,-0.0587929910672663,1.5804190211130869,-0.2770503999155201,-0.10002130630539371,False
2020-01-06,MITT,AG Mortgage Investment Trust Inc,주택 및 상업용 리츠,46.32,46.860001,46.290001,46.560001,37.798573,59833.0,-2.356376769142876,46.5239998,46.78679998,47.62214999,-0.002999993333336448,-0.015374995000001945,0.6771433571428582,0.08860900630136614,-0.025678054073799052,-0.5270627200770523,-0.28719388521548017,-0.11605897528474764,False
2020-01-07,MITT,AG Mortgage Investment Trust Inc,주택 및 상업용 리츠,46.560001,47.009998,46.529999,46.799999,37.993408,51367.0,-1.4236202003344078,46.545599759999995,46.781199980000004,47.59589999,-0.002799999999997027,-0.013124999999998721,0.6085716428571446,0.39436277193798985,0.09014012938080927,0.9146871929618406,-0.0646503357343141,-0.10032541425765215,False
2020-01-08,MITT,AG Mortgage Investment Trust Inc,주택 및 상업용 리츠,46.740002,46.919998,46.619999,46.619999,37.847282,34933.0,-2.0776295376589426,46.572599739999994,46.77619998,47.567249995000005,-0.002500000000001279,-0.014324997499997494,0.5871428571428586,-0.30656934306569217,0.005741798328498772,-1.1354195659842041,-0.20491995024365575,-0.10110799075471334,False
2020-01-09,MITT,AG Mortgage Investment Trust Inc,주택 및 상업용 리츠,46.650002,46.950001,46.619999,46.860001,38.042118,48067.0,-2.000375914127339,46.60379978,46.77199997333333,47.540549995,-0.0021000033333358203,-0.013350000000002638,0.5571430000000015,0.43077271005827283,-0.045578264410288956,-0.6393018850699743,-0.3370591666251283,-0.10284153353497147,False
2020-01-10,MITT,AG Mortgage Investment Trust Inc,주택 및 상업용 리츠,46.709999,47.220001,46.709999,47.189999,38.310017,49867.0,-0.8441491919638278,46.627799720000006,46.770999966666665,47.516249994999995,-0.0005000033333324438,-0.012150000000001882,0.5742860000000013,0.5746230972024438,-0.023838388187381883,1.0243826979470851,-0.2379853185825905,-0.08880618764192777,False
2020-01-13,MITT,AG Mortgage Investment Trust Inc,주택 및 상업용 리츠,47.16,47.279999,47.009998,47.25,38.35873,42433.0,-1.2382184574849964,46.652399720000005,46.77059996,47.49884999499999,-0.00020000333333314302,-0.00870000000000104,0.5442862142857149,0.11023795647431761,-0.0009830961343094077,-0.9762143591308026,-0.24016725646360274,-0.09241726030077548,False
2020-01-14,MITT,AG Mortgage Investment Trust Inc,주택 및 상업용 리츠,47.099998,47.369999,47.07,47.16,38.28566,62167.0,-1.126429970084164,46.657199760000005,46.76979996666667,47.482049995000004,-0.00039999666666545863,-0.008399999999994634,0.5314290000000008,-0.16935470213331089,-0.024530246622169145,0.059956509481892684,-0.2367882794544662,-0.09195352622321867,False
2020-01-15,MITT,AG Mortgage Investment Trust Inc,주택 및 상업용 리츠,47.16,47.549999,47.16,47.25,38.35873,63033.0,-1.078340965297031,46.66559972,46.76919996666667,47.46434999,-0.0002999999999993008,-0.008850002500000897,0.5250003571428584,0.17142845481058103,-0.03181635420547062,-0.10052560938910296,-0.2660792046650405,-0.09431526875874913,False
2020-01-16,MITT,AG Mortgage Investment Trust Inc,주택 및 상업용 리츠,47.34,47.549999,47.279999,47.369999,38.45615,43100.0,-1.5283517825091963,46.673999679999994,46.76779994666667,47.44934999,-0.000700009999999196,-0.007500000000000284,0.5078573571428581,0.23628485107530847,-0.041656800375017906,-0.9411871456457638,-0.2926351314318202,-0.10026660487076264,False
2020-01-17,MITT,AG Mortgage Investment Trust Inc,주택 및 상업용 리츠,47.490002,47.52,47.279999,47.34,38.431789,47133.0,-1.7539825487095984,46.709399680000004,46.76539994,47.43359998,-0.0012000033333343652,-0.007875005000002488,0.49928600000000145,-0.060083799665915864,-0.05757640432327304,-0.6089971256127151,-0.3472749355712049,-0.10641103263060107,False
2020-01-21,MITT,AG Mortgage Investment Trust Inc,주택 및 상업용 리츠,47.34,47.669998,47.34,47.580002,38.626629,44233.0,-0.8197519081501903,46.74119968,46.76359996666667,47.41739999000001,-0.0008999866666670187,-0.00809999499999492,0.4028572857142864,0.5957494341313977,0.16979552720606889,0.987513555170862,-0.17107635074093003,-0.10061157814581963,False
2020-01-22,MITT,AG Mortgage Investment Trust Inc,주택 및 상업용 리츠,47.639999,47.700001,47.459999,47.490002,38.55357,92000.0,-0.8893006701139128,46.77119968,46.76059998666666,47.400449995,-0.0014999900000027822,-0.008474997500002246,0.3878573571428576,-0.23204407069389213,0.15648924995743224,-0.27490086040548845,-0.14794820461658323,-0.096922755735405,False
2020-01-23,MITT,AG Mortgage Investment Trust Inc,주택 및 상업용 리츠,47.400002,47.639999,47.279999,47.490002,38.55357,44600.0,-0.8444921695808572,46.79699969999999,46.75359999333334,47.38185001,-0.0034999966666617865,-0.009299992500000798,0.36857157142857233,0.0,0.1532940446716435,-0.17048126623262205,-0.05765225434806843,-0.1020378389341511,False
2020-01-24,MITT,AG Mortgage Investment Trust Inc,주택 및 상업용 리츠,47.580002,47.669998,47.220001,47.310001,38.40744,43600.0,-0.1690022420024695,46.81319972,46.74700000666667,47.36445000999999,-0.003299993333335749,-0.008700000000004593,0.36214271428571465,-0.4970443775322906,0.09549799920718396,0.7888662346423401,-0.1141917390959789,-0.08788232154234796,False
2020-01-27,MITT,AG Mortgage Investment Trust Inc,주택 및 상업용 리츠,46.98,47.25,46.889999,47.07,38.212601,32800.0,1.0056300748689573,46.8233997,46.7384,47.34555002,-0.004300003333334246,-0.009449994999997102,0.35142857142857153,-0.6829296747967463,0.040388093414461645,1.3548701963612575,0.020232040649614653,-0.0804361856607735,False
2020-01-28,MITT,AG Mortgage Investment Trust Inc,주택 및 상업용 리츠,47.130001,47.43,47.099998,47.279999,38.383087,39733.0,0.5774232450822314,46.84079968,46.73059998666667,47.327400014999995,-0.0039000066666652344,-0.009075002500001261,0.3428572142857139,0.6124969557297907,0.055969106542447425,-0.5750232276772002,-0.08617584653888825,-0.08678895503997774,False
2020-01-29,MITT,AG Mortgage Investment Trust Inc,주택 및 상업용 리츠,47.279999,47.580002,47.189999,47.490002,38.55357,56800.0,1.0632663927901298,46.86539976,46.72460000666667,47.310750025,-0.0029999899999992863,-0.008324994999998836,0.3492860714285711,0.6012349680624065,0.1208122716230259,0.7070872587068769,0.04543178379618896,-0.08896826141971248,False
2020-01-30,MITT,AG Mortgage Investment Trust Inc,주택 및 상업용 리츠,47.369999,47.610001,47.279999,47.580002,38.626629,44800.0,0.8781915062421097,46.89419982,46.719400013333335,47.295750025,-0.002599996666667437,-0.007500000000000284,0.3492860714285711,0.25766844819178075,0.10844768148970504,-0.10486762902176466,0.08360565922820394,-0.09028625827160343,False
2020-01-31,MITT,AG Mortgage Investment Trust Inc,주택 및 상업용 리츠,47.490002,47.82,47.25,47.549999,38.602276,85033.0,2.4416746508985954,46.92239982,46.72080000666667,47.27940002,0.0006999966666683122,-0.008175002499999806,0.35357164285714254,-0.08485691826853635,0.061341966098920744,1.752275127932584,0.13559797565573958,-0.06339567738760232,False
2020-02-03,MITT,AG Mortgage Investment Trust Inc,주택 및 상업용 리츠,47.73,47.849998,47.369999,47.639999,38.675343,78133.0,1.7942656870472806,46.955999819999995,46.72039999333333,47.26320001,-0.00020000666667030487,-0.0081000049999993,0.3685715000000001,0.24418599918876904,0.07090968343566727,-0.46306574475377804,0.17225144811124135,-0.06503657357127501,False
2020-02-04,MITT,AG Mortgage Investment Trust Inc,주택 및 상업용 리츠,47.700001,47.880001,47.310001,47.610001,38.650986,86867.0,0.19557538034322697,46.99499984,46.721000000000004,47.247600014999996,0.0003000033333364627,-0.0077999975000011545,0.38785728571428585,-0.07734288127335616,0.07748195635423548,-1.4289180975601548,0.06590326189395224,-0.06552576081871535,False
2020-02-05,MITT,AG Mortgage Investment Trust Inc,주택 및 상업용 리츠,47.610001,48.450001,47.610001,48.299999,39.21114,75900.0,0.507363669069516,47.049599820000005,46.729000006666666,47.23275001,0.004000003333331392,-0.007425002499999778,0.42000021428571443,1.6428515427628243,0.1825836054936814,0.6557021745379739,0.11991953217445772,-0.05412590225628479,False
2020-02-06,MITT,AG Mortgage Investment Trust Inc,주택 및 상업용 리츠,48.299999,49.080002,48.299999,48.810001,39.625179,69100.0,1.1416486045869423,47.113799879999995,46.73860002,47.218800025,0.00480000666666669,-0.006974992499998223,0.45428621428571453,1.1226446763344753,0.24589502158362192,0.8193464266361126,0.24567193019459174,-0.0445075490716106,False
2020-02-07,MITT,AG Mortgage Investment Trust Inc,주택 및 상업용 리츠,48.779999,49.169998,48.450001,48.450001,39.33292,64500.0,0.8534906196965064,47.15939994,46.74420002,47.201700035,0.00280000000000058,-0.0085499949999992,0.48857164285714255,-0.736841782086937,0.1975551656964061,-0.25266725814178503,0.27112406358537244,-0.05027409731417269,False
2020-02-10,MITT,AG Mortgage Investment Trust Inc,주택 및 상업용 리츠,48.57,48.689999,48.389999,48.48,39.357273,44067.0,0.17819004148273976,47.205599979999995,46.75100002666667,47.18730003,0.0034000033333327906,-0.007200002499999414,0.48642892857142833,0.0616719077298698,0.15940677095343983,-0.56597754431572,0.16016041362204517,-0.0565977701226286,False
2020-02-11,MITT,AG Mortgage Investment Trust Inc,주택 및 상업용 리츠,48.599998,48.84,48.419998,48.419998,39.308567,47833.0,-0.13191780045628265,47.24579994,46.75840000666666,47.170950025,0.003699989999997655,-0.008175002499999806,0.4992860714285717,-0.12017559357968424,0.16739737646159752,-0.26434585112680753,0.16091434285623668,-0.05566719067288442,False
2020-02-12,MITT,AG Mortgage Investment Trust Inc,주택 및 상업용 리츠,48.509998,48.779999,48.419998,48.509998,39.381626,47933.0,-0.585359046960443,47.28179992,46.76639998666667,47.155950024999996,0.003999990000004061,-0.007500000000003837,0.4992861428571424,0.18025735600227652,0.18027290189033154,-0.3737877304722481,0.14639245255340622,-0.05412184767376341,False
2020-02-13,MITT,AG Mortgage Investment Trust Inc,주택 및 상업용 리츠,48.509998,48.959999,48.419998,48.810001,39.625179,36900.0,0.15745077107349736,47.32379996,46.77559999333333,47.14335002,0.004600003333329994,-0.006300002499997959,0.5057150000000001,0.5932254332974038,0.2581493169495955,0.7412161796834256,0.14298887719919806,-0.04834669929362671,False
2020-02-14,MITT,AG Mortgage Investment Trust Inc,주택 및 상업용 리츠,48.779999,49.169998,48.630001,49.02,39.795658,35767.0,0.3266981260545476,47.362799960000004,46.785199979999994,47.131950024999995,0.004799993333332253,-0.005699997500002496,0.5142860714285717,0.4083311053256276,0.33609651552976505,0.22493607809907942,0.0622792973233282,-0.04402571354361259,False
2020-02-18,MITT,AG Mortgage Investment Trust Inc,주택 및 상업용 리츠,49.200001,49.41,49.049999,49.349998,40.06356,34200.0,1.1492387044428565,47.416799880000006,46.792399966666665,47.123700015,0.00359999333333505,-0.004125004999998794,0.5164289285714284,0.6389998347165664,0.33798957831453474,0.9412140404630083,0.1705819593333431,-0.04490540099815359,False
2020-02-19,MITT,AG Mortgage Investment Trust Inc,주택 및 상업용 리츠,49.439999,49.68,49.32,49.5,40.185333,57133.0,0.8802856654089863,47.47439990000001,46.80159997333333,47.121000009999996,0.004600003333333547,-0.0013500025000006133,0.514285857142857,0.2916704745359806,0.3158778287769328,-0.19221032079701617,0.10634641794020785,-0.04814522573045312,False
2020-02-20,MITT,AG Mortgage Investment Trust Inc,주택 및 상업용 리츠,49.41,50.07,49.41,49.98,40.575012,39567.0,2.065528169415365,47.53559993999999,46.81259996,47.12025000500001,0.005499993333334174,-0.00037500249999311563,0.5378571428571429,0.8924302788844563,0.3612179595406954,1.282348451664787,0.20543328084639015,-0.04849901816316082,False
2020-02-21,MITT,AG Mortgage Investment Trust Inc,주택 및 상업용 리츠,50.099998,50.099998,49.259998,49.560001,40.234047,69800.0,2.0839762773693593,47.58959994,46.82219997333333,47.117400005,0.00480000666666669,-0.0014250000000046725,0.5571428571428569,-0.7538443589743541,0.3134331423474227,0.37586143421739615,0.10711801700959099,-0.039932214083251205,False
2020-02-24,MITT,AG Mortgage Investment Trust Inc,주택 및 상업용 리츠,49.139999,49.439999,48.599998,49.290001,40.014854,79467.0,4.715974889656116,47.637,46.832599980000005,47.11425002,0.005200003333335701,-0.0015749925000001497,0.591428857142857,-0.45652151858864376,0.2633826053633218,2.5558519951800784,0.3227549984334379,-0.02381217371700953,False
2020-02-25,MITT,AG Mortgage Investment Trust Inc,주택 및 상업용 리츠,49.290001,49.650002,47.310001,47.82,38.821465,165733.0,4.487719181811212,47.65140004,46.82959998,47.105250025,-0.0015000000000036096,-0.00449999750000174,0.7178574999999999,-2.0477615682778216,0.12263841343443138,0.2697153922294522,0.4440859619898384,-0.025999481918235253,False
2020-02-26,MITT,AG Mortgage Investment Trust Inc,주택 및 상업용 리츠,47.73,48.959999,47.73,48.330002,39.235504,158767.0,5.613825520056714,47.67600012,46.829399986666665,47.09760003,-9.999666666615781e-05,-0.003824997499997096,0.7457145714285716,0.6839104659346873,0.05414262223242161,0.9492660522088252,0.46505481039489915,-0.013930146478651503,False
2020-02-27,MITT,AG Mortgage Investment Trust Inc,주택 및 상업용 리츠,48.0,48.09,46.110001,46.349998,37.62809,245767.0,5.588488130728297,47.664600119999996,46.814399986666665,47.081700025,-0.007500000000000284,-0.007950002499999442,0.8485715714285718,-2.3333376543202604,-0.19271325852863092,0.23901331535389536,0.42360244530331226,-0.010696728894508734,False
2020-02-28,MITT,AG Mortgage Investment Trust Inc,주택 및 상업용 리츠,45.389999,45.93,43.950001,44.91,36.459057,278100.0,2.909301902866157,47.63760015999999,46.79279997333333,47.057100014999996,-0.010800006666666917,-0.012300005000003722,0.9685715714285718,-1.4867233795393269,-0.2462762297752302,-1.0817290730386946,0.36438374423924724,-0.017564071923017722,False
2020-03-02,MITT,AG Mortgage Investment Trust Inc,주택 및 상업용 리츠,45.360001,47.759998,45.150002,47.52,38.577923,214033.0,3.873938525852627,47.65320012,46.785199973333334,47.046000005,-0.0037999999999982492,-0.005550004999996361,1.1507142857142867,2.2681564245810093,-0.08867019285729165,0.2838288266162121,0.4250841993058138,-0.014696032512939218,False
2020-03-03,MITT,AG Mortgage Investment Trust Inc,주택 및 상업용 리츠,47.669998,48.419998,46.5,47.009998,38.163895,162700.0,5.378973615792382,47.645400040000006,46.772399959999994,47.033249989999995,-0.006400006666670066,-0.006375007500004415,1.2578568571428579,-0.4054531301426756,-0.10904715975464818,0.7039290662044122,0.494246693400901,-0.015218497244172884,False
2020-03-04,MITT,AG Mortgage Investment Trust Inc,주택 및 상업용 리츠,47.459999,47.73,46.799999,47.490002,38.55357,100300.0,1.8924145078879073,47.644200100000006,46.76039996666667,47.027549995,-0.0059999966666630655,-0.0028499974999967037,1.2985711428571436,0.369640125333356,-0.09551981908814249,-1.1090855052682516,0.44172542377261503,-0.029988523423704592,False
2020-03-05,MITT,AG Mortgage Investment Trust Inc,주택 및 상업용 리츠,46.59,47.34,46.529999,47.310001,38.40744,116700.0,4.662371372369978,47.64180012,46.74859996,47.022299995000004,-0.0059000033333340696,-0.002624999999998323,1.3285712857142862,-0.1354846382241525,-0.1475705384825394,1.0029676968719912,0.46042196071465546,-0.03065159985664407,False
2020-03-06,MITT,AG Mortgage Investment Trust Inc,주택 및 상업용 리츠,46.5,46.950001,44.91,46.529999,37.774212,170367.0,4.350769613007599,47.622000099999994,46.731999953333336,47.01374998,-0.008300003333332029,-0.004275007500002204,1.461428714285715,-0.5337256565273082,-0.21486030718632051,-0.0229887187886213,0.4427130466512482,-0.036987359975493406,False
2020-03-09,MITT,AG Mortgage Investment Trust Inc,주택 및 상업용 리츠,45.0,45.0,41.759998,41.91,34.023579,167067.0,1.4805175955046712,47.50680014,46.68439996,46.985549985,-0.023799996666667766,-0.014099997500000683,1.7742859285714292,-2.6038638562161194,-0.44649342796722663,-0.66080284697168,0.32828326897734195,-0.04686011066078561,False
2020-03-10,MITT,AG Mortgage Investment Trust Inc,주택 및 상업용 리츠,42.599998,42.689999,40.529999,42.0,34.096645,109700.0,-3.1238733217287318,47.389200120000005,46.64199995333334,46.957349990000004,-0.021200003333330386,-0.01409999749999713,1.9028573571428582,0.047297291971027444,-0.46394865529329465,-1.0366064880166095,0.2679692570330852,-0.06264463145589635,False
2020-03-11,MITT,AG Mortgage Investment Trust Inc,주택 및 상업용 리츠,41.369999,41.82,39.900002,40.5,32.87891,168900.0,-1.8992545222951684,47.239800100000004,46.592799946666666,46.91909998,-0.024600003333336673,-0.019125005000002915,2.0057143571428577,-0.7478632212299421,-0.5811124767300375,0.3014501267656786,0.19790509096886325,-0.04870021116197147,False
2020-03-12,MITT,AG Mortgage Investment Trust Inc,주택 및 상업용 리츠,38.43,38.43,30.51,30.57,24.81749,269233.0,-17.613389114007262,46.92540008,46.477399940000005,46.83284998,-0.057700003333330585,-0.04312499999999986,2.6592857857142866,-3.734085314690159,-0.7939868307097377,-1.9933069962199035,0.028678774509056093,-0.06161342274599693,False
2020-03-13,MITT,AG Mortgage Investment Trust Inc,주택 및 상업용 리츠,33.299999,33.959999,31.200001,33.18,26.936354,275167.0,-17.564392775792737,46.663800120000005,46.375799953333335,46.761449985,-0.05079999333333518,-0.03569999750000008,2.83285692857143,0.9213313858798319,-0.6955687661048466,-0.5416914817874906,-0.19257433098862742,-0.06165807772765996,False
2020-03-16,MITT,AG Mortgage Investment Trust Inc,주택 및 상업용 리츠,29.85,31.32,24.450001,24.450001,19.849121,244167.0,-29.97950277232013,46.22700012,46.21759996,46.650149995,-0.07909999666666678,-0.055649994999999564,3.289285357142858,-2.6540716453932287,-0.7388766287559472,-0.7639354254701689,-0.2664065322528861,-0.06749617507732072,False
2020-03-17,MITT,AG Mortgage Investment Trust Inc,주택 및 상업용 리츠,25.110001,25.23,20.309999,20.34,16.512522,440133.0,-43.77669601634256,45.70380012,46.03119996666666,46.520550005,-0.09319999666666945,-0.06479999500000133,3.552856928571429,-1.156815791524877,-0.8703570757173447,-1.9516601159353346,-0.4736155442631832,-0.08704372480585039,False
2020-03-18,MITT,AG Mortgage Investment Trust Inc,주택 및 상업용 리츠,19.200001,19.469999,6.09,9.81,7.964005,545033.0,-70.30850395070041,44.968800099999996,45.77539996666666,46.33230001,-0.12790000000000035,-0.09412499749999981,4.412142571428572,-2.3865955892242563,-0.8741612139247729,-1.6886356167506527,-0.6113047536992223,-0.09102033339572126,False
2020-03-19,MITT,AG Mortgage Investment Trust Inc,주택 및 상업용 리츠,13.53,15.9,9.93,14.25,11.568505,492233.0,-55.639058078065354,44.31780012,45.55859996666667,46.165350014999994,-0.10839999999999606,-0.08347499750000154,4.675714214285715,0.9495875488785142,-0.7001390047520699,0.8900271824766387,-0.4704650211624128,-0.08340160771979667,False
2020-03-20,MITT,AG Mortgage Investment Trust Inc,주택 및 상업용 리츠,15.9,18.66,13.44,13.68,11.105765,495533.0,-53.94375339358104,43.659000139999996,45.337999966666665,45.99690001999999,-0.11030000000000229,-0.08422499750000156,4.845000071428571,-0.1176470570890896,-0.8705535391570771,0.4310788958742007,-0.45994715907255646,-0.07964134394194594,False
2020-03-23,MITT,AG Mortgage Investment Trust Inc,주택 및 상업용 리츠,7.89,10.41,7.5,8.43,6.843686,1220900.0,-69.39540443124714,42.89040012,45.079399959999996,45.80160001,-0.12930000333333425,-0.09765000499999488,5.1492859285714285,-1.0195588422988413,-0.9144182328825174,-0.6585415681341918,-0.5572664900967425,-0.08299471334120795,False
2020-03-24,MITT,AG Mortgage Investment Trust Inc,주택 및 상업용 리츠,8.73,9.06,6.0,6.42,5.211916,1053933.0,-77.53656387169919,42.07500014,44.805999959999994,45.59700001,-0.13670000000000115,-0.10229999999999961,5.301428714285714,-0.37914307789967455,-0.9679027473991625,-1.4664256447457944,-0.5827907857737099,-0.09033880351462754,False
2020-03-25,MITT,AG Mortgage Investment Trust Inc,주택 및 상업용 리츠,7.05,10.86,6.15,7.68,6.234816,1417233.0,-71.94403219708092,41.28360014,44.54319997333334,45.39885000500001,-0.13139999333332852,-0.09907500249999757,5.569285642857143,0.22624086477158983,-0.9420652114708952,0.08182561218053802,-0.6485866489659564,-0.0899737921828596,False
2020-03-26,MITT,AG Mortgage Investment Trust Inc,주택 및 상업용 리츠,8.46,19.98,8.46,12.45,10.10722,4616367.0,-54.986965544504486,40.58940014,44.31899996,45.22470001000001,-0.11210000666666886,-0.08707499750000025,6.276428428571428,0.7599863607599034,-0.8496572102360943,-0.019315851681989793,-0.6483243013154828,-0.0790616702778248,False
2020-03-27,MITT,AG Mortgage Investment Trust Inc,주택 및 상업용 리츠,14.49,15.06,11.25,11.85,9.620127,1631900.0,-53.32374200420008,39.881400140000004,44.09179996,45.04725001,-0.11359999999999815,-0.08872500000000372,6.207856928571429,-0.09665171200040422,-0.6705706285064004,0.37180440926699654,-0.5745666401555773,-0.07559809698013413,False
2020-03-30,MITT,AG Mortgage Investment Trust Inc,주택 및 상업용 리츠,8.94,9.72,7.65,8.25,6.697555,1545700.0,-66.5062575661908,39.09900016,43.841599966666664,44.85059999999999,-0.1250999966666697,-0.09832500500000307,6.353571214285715,-0.5666104744219383,-0.7144211832487551,-1.02711550348137,-0.5738887126887745,-0.09140560706560458,False
2020-03-31,MITT,AG Mortgage Investment Trust Inc,주택 및 상업용 리츠,8.49,9.0,8.22,8.22,6.673202,897100.0,-63.66898343112292,38.31660016,43.58799998,44.653199995,-0.12679999333333214,-0.09870000249999578,6.259285642857143,-0.004792879205670093,-0.6613447302470215,0.23218102435881116,-0.5788365057178364,-0.08960943147056064,False
2020-04-01,MITT,AG Mortgage Investment Trust Inc,주택 및 상업용 리츠,7.53,7.65,6.42,6.9,5.601593,843567.0,-65.66727959706486,37.503000119999996,43.33379998666667,44.448450005000005,-0.12709999666666505,-0.10237499499999814,5.674285642857143,-0.23262840171989432,-0.4112406650348596,0.44434934558444694,-0.40471819558895433,-0.07818928227704544,False
2020-04-02,MITT,AG Mortgage Investment Trust Inc,주택 및 상업용 리츠,6.96,7.65,5.4,5.46,4.432564,1028133.0,-71.03843297110788,36.66240008,43.070199986666665,44.23605001,-0.13180000000000192,-0.10619999750000275,5.5928571428571425,-0.2574712643678162,-0.495440854338263,-0.615380895175681,-0.4099817251166821,-0.0793287835675945,False
2020-04-03,MITT,AG Mortgage Investment Trust Inc,주택 및 상업용 리츠,5.67,5.79,4.38,4.89,3.969824,963333.0,-71.00299293507224,35.81040004,42.80479997999999,44.017800005,-0.13270000333333698,-0.10912500250000079,5.070000071428572,-0.1124260339190472,-0.3138947392329644,0.16158798926310097,-0.3438729097785915,-0.07062468812898598,False
2020-04-06,MITT,AG Mortgage Investment Trust Inc,주택 및 상업용 리츠,5.37,7.02,5.37,5.76,4.676112,1250800.0,-64.67470670164607,34.97940002,42.54339997333333,43.805100010000004,-0.13070000333333098,-0.10634999749999707,4.8707142857142856,0.17861856577210738,-0.21850657085460834,-1.0744153590113201,-0.28121256999830474,-0.07958229396138618,False
2020-04-07,MITT,AG Mortgage Investment Trust Inc,주택 및 상업용 리츠,7.02,8.25,6.69,7.08,5.747721,1733333.0,-51.82298827291656,34.179600019999995,42.29019996666666,43.598700005,-0.12660000333333343,-0.10320000250000305,4.030714285714287,0.32748538011695905,-0.024643644473092995,0.3605837464906782,-0.1348397583382097,-0.08102275895831958,False
2020-04-08,MITT,AG Mortgage Investment Trust Inc,주택 및 상업용 리츠,8.4,10.44,8.25,10.26,8.329324,2823700.0,-24.988704024817753,33.43920004,42.05779997333333,43.40775000000001,-0.11619999666666558,-0.0954750024999953,3.835714285714286,0.8290502793296088,-0.03325344944087194,0.10872526370925684,-0.19064703825016552,-0.07537941496346753,False
2020-04-09,MITT,AG Mortgage Investment Trust Inc,주택 및 상업용 리츠,11.79,14.04,9.09,10.32,8.378034,4345000.0,-18.567609227828186,32.695800000000006,41.82279997333333,43.217400005,-0.11749999999999972,-0.09517499750000269,3.8164285714285713,0.015721504772599794,-0.023727123593608408,-0.31798147547016575,-0.24415135048904885,-0.07475996859569707,False
2020-04-13,MITT,AG Mortgage Investment Trust Inc,주택 및 상업용 리츠,12.09,12.12,9.3,9.93,8.061421,1798133.0,-12.52305169704263,31.94279996,41.586199986666664,43.02525000000001,-0.11829999333333419,-0.09607500249999745,3.5764285714285715,-0.10904733373277427,0.041309412732539234,0.133520346007169,-0.18757549947895164,-0.07215438483162717,False
2020-04-14,MITT,AG Mortgage Investment Trust Inc,주택 및 상업용 리츠,10.11,10.56,8.85,9.36,7.598681,1538600.0,-12.59255373462269,31.178999980000004,41.34099999333333,42.83535,-0.12259999666666843,-0.09495000000000431,3.48,-0.16379310344827594,0.056691553764781986,-0.9492262736963984,-0.15063268726113765,-0.08468830010707888,False
2020-04-15,MITT,AG Mortgage Investment Trust Inc,주택 및 상업용 리츠,8.43,8.7,7.5,8.55,6.941103,1083467.0,-12.584324136859948,30.397199999999998,41.08859999333333,42.639599995000005,-0.1261999999999972,-0.09787500249999681,3.2764285714285712,-0.2472204054937864,0.022872891602969403,0.36853679848537746,-0.13015331681079198,-0.08429293175574869,False
2020-04-16,MITT,AG Mortgage Investment Trust Inc,주택 및 상업용 리츠,8.79,8.88,7.83,7.92,6.429654,832767.0,-18.0220567530704,29.603399980000003,40.82919998,42.441599995000004,-0.12970000666666692,-0.0990000000000002,2.472857142857143,-0.25476603119584085,-0.049609422108155186,-0.42827828103615007,-0.1593649189075177,-0.08679323168357334,False
2020-04-17,MITT,AG Mortgage Investment Trust Inc,주택 및 상업용 리츠,8.7,9.51,8.22,9.3,7.549972,1576767.0,-2.463914948488133,28.823400000000003,40.578999966666665,42.252600005000005,-0.12510000666666699,-0.09449999499999961,2.314285714285714,0.5962962962962967,-0.00011313580124798297,-0.2267487209746757,-0.20211871392477998,-0.08664111875848474,False
2020-04-20,MITT,AG Mortgage Investment Trust Inc,주택 및 상업용 리츠,8.4,9.15,8.25,8.43,6.843686,747933.0,-5.790550275742524,28.01579998,40.31839996666667,42.057900010000004,-0.1302999999999983,-0.09734999750000028,2.0892857142857144,-0.41641025641025686,0.01061545119958641,0.16404472343868282,-0.11703584057334766,-0.0919610131303572,False
2020-04-21,MITT,AG Mortgage Investment Trust Inc,주택 및 상업용 리츠,8.28,8.85,8.1,8.4,6.819329,651033.0,-2.076541869912285,27.21479996,40.05959996,41.861850004999994,-0.129400003333334,-0.09802500250000534,2.087142857142857,-0.014373716632443224,0.009931105669102614,0.9436342754150363,-0.06621775121218873,-0.08533914308722892,False
2020-04-22,MITT,AG Mortgage Investment Trust Inc,주택 및 상업용 리츠,8.73,8.73,7.59,7.98,6.478363,1047767.0,-9.386761277850608,26.404799960000002,39.799999973333335,41.66445001,-0.12979999333333225,-0.09869999749999536,2.04,-0.20588235294117643,0.011841537724725322,-0.9337317433063338,-0.16465211470438734,-0.08677854670848614,False
2020-04-23,MITT,AG Mortgage Investment Trust Inc,주택 및 상업용 리츠,7.95,8.19,7.59,7.65,6.210461,777867.0,-12.575674361378741,25.5894,39.53899998,41.466150005,-0.13049999666666778,-0.09915000250000006,1.9221428571428572,-0.17168338907469347,0.017969243102805517,-0.15377090694917153,-0.1316799726882081,-0.08633487994257891,False
2020-04-24,MITT,AG Mortgage Investment Trust Inc,주택 및 상업용 리츠,7.71,7.77,6.9,7.26,5.89385,875900.0,-15.224530485993249,24.76440004,39.27539998666667,41.265899999999995,-0.13179999666666475,-0.100125002500004,1.8835714285714287,-0.20705346985210496,0.011210140536158538,-0.679904127016853,-0.19178655242249057,-0.09085081475069173,False
2020-04-27,MITT,AG Mortgage Investment Trust Inc,주택 및 상업용 리츠,7.2,8.49,6.99,8.37,6.794974,1310433.0,-0.7969228509128179,23.95560002,39.019599973333335,41.070600000000006,-0.12790000666666757,-0.09764999999999446,1.8385714285714285,0.6037296037296034,0.04157521467597968,0.028402492145585767,-0.11301384876842582,-0.09409955525254667,False
2020-04-28,MITT,AG Mortgage Investment Trust Inc,주택 및 상업용 리츠,8.82,10.2,8.58,9.36,7.598681,2156000.0,11.278498638401114,23.16240002,38.768399966666664,40.87949999,-0.12560000333333576,-0.09555000500000332,1.7914285714285714,0.5526315789473686,0.057657086021008934,0.7688838637835079,-0.08384955467608084,-0.09214839925004589,False
2020-04-29,MITT,AG Mortgage Investment Trust Inc,주택 및 상업용 리츠,9.9,10.74,9.66,10.29,8.35368,1529700.0,18.521141853457944,22.38120006,38.52519996666667,40.68959999,-0.12159999999999727,-0.09495000000000076,1.6500000000000001,0.5636363636363634,0.03869894918577711,-0.5383555873675657,-0.13006961546728246,-0.09997682026870049,False
2020-04-30,MITT,AG Mortgage Investment Trust Inc,주택 및 상업용 리츠,10.2,10.44,9.27,9.57,7.769165,1111200.0,10.332285951348542,21.58260006,38.27479996,40.496849995000005,-0.12520000333333314,-0.09637499749999634,1.3800000000000001,-0.5217391304347817,0.00030890381382129136,-0.12076504840062258,-0.11598272781945794,-0.09936566672665634,False
2020-05-01,MITT,AG Mortgage Investment Trust Inc,주택 및 상업용 리츠,9.0,9.39,8.55,8.64,7.014168,648133.0,0.9747208824708586,20.755800060000002,38.01639994666667,40.298399985,-0.1292000066666681,-0.09922500500000098,1.2514285714285713,-0.7431506849315067,-0.04498419270037388,0.43915287539347736,-0.09415183286329307,-0.10125302900118492,False
2020-05-04,MITT,AG Mortgage Investment Trust Inc,주택 및 상업용 리츠,8.13,8.91,7.89,8.7,7.062877,732500.0,-0.556349206021689,19.93860004,37.770799939999996,40.10129999,-0.12280000333333518,-0.09854999750000104,1.202142857142857,0.04991087344028415,-0.02971962292261959,-0.13239394027662615,-0.035806666190452176,-0.08848113729228785,False
2020-05-05,MITT,AG Mortgage Investment Trust Inc,주택 및 상업용 리츠,9.39,9.72,8.52,8.67,7.038523,953867.0,-3.1406901494102524,19.12620002,37.52559993333333,39.90599999,-0.1226000033333321,-0.09765000000000157,1.155,-0.02597402597402542,-0.013916310099779517,-0.4280699874668116,-0.09270715090132282,-0.08658271856946108,False
2020-05-06,MITT,AG Mortgage Investment Trust Inc,주택 및 상업용 리츠,8.73,9.03,8.13,8.22,6.673202,729900.0,-7.852637231273752,18.33420002,37.28059992666667,39.70574999,-0.12250000333333233,-0.10012499999999847,1.1442857142857144,-0.3932584269662915,-0.023808624083383134,-0.08047349866985753,-0.06786395216087335,-0.0913165315401516,False
2020-05-07,MITT,AG Mortgage Investment Trust Inc,주택 및 상업용 리츠,8.34,8.79,8.19,8.37,6.794974,1488033.0,-5.998827187234312,17.53499998,37.03859994,39.505799984999996,-0.120999993333335,-0.09997500250000257,1.0735714285714286,0.1397205588822342,-0.05642117675581616,-0.3876676921609118,-0.07935816438846165,-0.10248969337125742,False
2020-05-08,MITT,AG Mortgage Investment Trust Inc,주택 및 상업용 리츠,5.22,6.6,5.22,6.48,5.260626,6231000.0,-26.667635673857358,16.73760002,36.786399933333335,39.295199995000004,-0.12610000333333105,-0.10529999499999576,1.2235714285714285,-1.5446584938704018,-0.13701033657439796,-2.329823426262177,-0.25749160365280876,-0.11017391988426503,False
2020-05-11,MITT,AG Mortgage Investment Trust Inc,주택 및 상업용 리츠,6.57,6.72,6.12,6.18,5.017078,2030667.0,-28.305031446793947,15.963000019999999,36.53099992,39.085349985,-0.12770000666666803,-0.1049250050000019,1.2128571428571429,-0.24734982332155536,-0.15365148705219167,-0.25407624107476356,-0.3430423548306516,-0.10587006828311651,False
2020-05-12,MITT,AG Mortgage Investment Trust Inc,주택 및 상업용 리츠,6.27,6.33,5.73,5.85,4.749176,1612133.0,-29.208343151594562,15.12960002,36.27279990666666,38.871299985,-0.12910000666666832,-0.10702500000000015,1.1742857142857142,-0.2810218978102191,-0.15901859739998042,0.7582613340104856,-0.22218570645087882,-0.10406685493747962,False
2020-05-13,MITT,AG Mortgage Investment Trust Inc,주택 및 상업용 리츠,5.91,6.3,5.61,6.3,5.114497,1971367.0,-21.262318803391466,14.31540006,36.01899991333334,38.658149985,-0.12689999666666196,-0.10657499999999942,1.1807142857142856,0.3811252268602543,-0.11953226769034131,1.216918167523087,-0.12427934398857461,-0.10205542672556736,False
2020-05-14,MITT,AG Mortgage Investment Trust Inc,주택 및 상업용 리츠,6.12,6.72,5.85,6.72,5.455463,1429167.0,-16.271852699876842,13.50000002,35.76919992,38.44529998,-0.12489999666667018,-0.10642500249999998,1.1807142857142858,0.3557168784029037,-0.07933438567212639,-0.16443159039820937,-0.08745987708724294,-0.09696151577677993,False
2020-05-15,MITT,AG Mortgage Investment Trust Inc,주택 및 상업용 리츠,6.63,7.5,6.45,7.44,6.039978,1407600.0,-6.605929110174536,12.7026,35.52239992666667,38.23709997,-0.12339999666666301,-0.10410000499999938,1.1485714285714284,0.6268656716417917,-0.07768180939268436,0.44704999489296643,-0.0575564840338586,-0.0933687199704449,False
2020-05-18,MITT,AG Mortgage Investment Trust Inc,주택 및 상업용 리츠,7.8,8.4,7.41,8.13,6.600137,1620667.0,-0.6436722992673616,11.93460002,35.278399926666665,38.03264997,-0.12200000000000344,-0.10222500000000068,1.0885714285714285,0.6338582677165359,-0.07187990305202956,-0.7449711960260668,-0.16568898830597106,-0.09577641954133907,False
2020-05-19,MITT,AG Mortgage Investment Trust Inc,주택 및 상업용 리츠,8.1,9.9,7.98,8.67,7.038523,2084933.0,7.27842526908411,11.26980002,35.039199933333336,37.830749975,-0.11959999666666477,-0.100949997499999,1.127142857142857,0.4790874524714822,-0.07791911099237822,0.9795601877231461,-0.0572664329423488,-0.08816858225255307,False
2020-05-20,MITT,AG Mortgage Investment Trust Inc,주택 및 상업용 리츠,9.03,9.6,8.73,8.85,7.184651,1167767.0,7.464395120139566,10.606800020000001,34.800199926666664,37.63319997,-0.11950000333333577,-0.09877500250000182,1.1099999999999997,0.16216216216216195,-0.029069018664025097,-0.6150946780431494,-0.09257569220252929,-0.08870157233703693,False
2020-05-21,MITT,AG Mortgage Investment Trust Inc,주택 및 상업용 리츠,8.94,9.06,8.25,8.52,6.916749,765467.0,3.9764435996989977,9.96720002,34.55699992666667,37.436399965,-0.12159999999999727,-0.09840000250000003,1.095,-0.3013698630136987,0.002486754330104043,0.09027087779671988,-0.11749583488801198,-0.09216795396490327,False
2020-05-22,MITT,AG Mortgage Investment Trust Inc,주택 및 상업용 리츠,8.34,8.61,7.98,8.46,6.868039,664767.0,2.4428897150912565,9.52500002,34.310599939999996,37.239299960000004,-0.12319999333333698,-0.0985500024999979,1.067142857142857,-0.056224899598392386,-0.00509437231551571,-0.17728944404054622,-0.12070265658543484,-0.09686514099841717,False
2020-05-26,MITT,AG Mortgage Investment Trust Inc,주택 및 상업용 리츠,8.85,8.97,8.28,8.7,7.062877,873433.0,4.0697748081298,9.035400019999999,34.06539994,37.04069997,-0.12259999999999849,-0.09929999500000264,1.0307142857142855,0.2328482328482314,0.013392931886074062,-0.3923432896332876,-0.11815074959732597,-0.10235736836424426,False
2020-05-27,MITT,AG Mortgage Investment Trust Inc,주택 및 상업용 리츠,8.76,8.91,8.16,8.43,6.843686,915667.0,0.24978313759242976,8.715,33.816399946666664,36.84194997,-0.12449999666666756,-0.09937499999999844,1.0199999999999998,-0.2647058823529408,0.0225752565013134,-1.0072545459901892,-0.18434939583449253,-0.10901517631636516,False
2020-05-28,MITT,AG Mortgage Investment Trust Inc,주택 및 상업용 리츠,8.43,8.46,7.98,8.04,6.527072,796033.0,-2.698532443030155,8.469,33.56359995333334,36.640649975,-0.12639999666666313,-0.1006499974999997,1.0114285714285713,-0.38559322033898363,-0.014947156300202163,-0.2773993040036367,-0.17647308239468715,-0.11573139008100104,False
2020-05-29,MITT,AG Mortgage Investment Trust Inc,주택 및 상업용 리츠,8.04,8.07,7.23,7.38,5.991269,1583100.0,-9.686944730158997,8.420399999999999,33.304399966666665,36.436649975,-0.12959999333333627,-0.10200000000000031,0.8464285714285715,-0.779746835443037,0.0396893907303239,-1.0263533115602823,-0.08336807420169466,-0.12509536499591978,False
2020-06-01,MITT,AG Mortgage Investment Trust Inc,주택 및 상업용 리츠,7.2,7.86,7.17,7.47,6.064332,968867.0,-7.884550089490839,8.2848,33.049399959999995,36.240149975,-0.1275000033333349,-0.09825000000000017,0.8528571428571429,0.1055276381909546,0.06489492369550318,-0.09003095950613184,-0.07165055408964953,-0.11629358169288828,False
2020-06-02,MITT,AG Mortgage Investment Trust Inc,주택 및 상업용 리츠,7.65,7.74,7.17,7.17,5.820785,787067.0,-11.07574885638537,8.154599999999999,32.795399960000005,36.042149975,-0.12699999999999534,-0.0990000000000002,0.8507142857142858,-0.3526448362720401,0.059778999519658815,-0.8083843505539481,-0.18355381727282336,-0.1117260049661138,False
2020-06-03,MITT,AG Mortgage Investment Trust Inc,주택 및 상업용 리츠,7.47,7.8,7.32,7.62,6.186107,1028233.0,-5.718077721777892,8.138399999999999,32.54419996666666,35.84414997,-0.1255999966666721,-0.09900000250000218,0.8464285714285715,0.5316455696202533,0.07053045257394447,-0.2640250492667561,-0.289335475614955,-0.10933222509613971,False
2020-06-04,MITT,AG Mortgage Investment Trust Inc,주택 및 상업용 리츠,7.74,8.64,7.56,8.25,6.697555,1993267.0,2.8892001272468937,8.175,32.29259995333333,35.648249969999995,-0.12580000666666535,-0.09795000000000087,0.8614285714285715,0.7313432835820893,0.09736091008674344,0.9441084791259463,-0.21015404207751534,-0.11362771458598142,False
2020-06-05,MITT,AG Mortgage Investment Trust Inc,주택 및 상업용 리츠,11.91,12.03,9.99,10.8,8.767711,4457633.0,30.04869202403466,8.237400000000001,32.05779995333333,35.46674998,-0.11739999999999995,-0.09074999499999592,1.0564285714285715,2.4137931034482762,0.22499858378720664,0.8773662600537226,-0.17941716599460417,-0.10524435002945393,False
2020-06-08,MITT,AG Mortgage Investment Trust Inc,주택 및 상업용 리츠,11.88,23.52,11.88,22.709999,18.436546,10298700.0,147.31504457438115,8.44259998,31.89639996,35.349899965,-0.08069999666666483,-0.058425007500002124,1.8942857142857144,6.287329788838612,0.6288179781530692,5.493369716014038,0.2661786134368319,-0.08322074698911403,False
2020-06-09,MITT,AG Mortgage Investment Trust Inc,주택 및 상업용 리츠,21.209999,23.67,16.860001,17.34,14.077045,3794233.0,79.87938498807114,8.55239998,31.699799946666662,35.206949965,-0.09830000666666905,-0.07147499999999951,2.2435713571428573,-2.3935048835881845,0.4236328112916644,-1.8710877527961387,0.06256090339974012,-0.08542395774277851,False
2020-06-10,MITT,AG Mortgage Investment Trust Inc,주택 및 상업용 리츠,19.049999,20.610001,13.5,18.719999,15.197362,5151167.0,83.53908705462774,8.76179996,31.511599933333333,35.071649965,-0.09410000666666463,-0.06765000000000043,2.685,0.5139661080074494,0.4487616645663279,0.8754109166887223,0.16902558873773096,-0.07729559442083565,False
2020-06-11,MITT,AG Mortgage Investment Trust Inc,주택 및 상업용 리츠,14.1,16.68,13.2,14.31,11.617216,3207600.0,43.40943290557184,8.88359996,31.30319993333333,34.911899975000004,-0.10420000000000051,-0.07987499499999728,3.0214285,-1.4595741716211392,0.3660327853800821,1.7875328289117995,0.29025858524595094,-0.051994141238408224,False
2020-06-12,MITT,AG Mortgage Investment Trust Inc,주택 및 상업용 리츠,15.3,15.45,13.5,15.45,12.542694,3904500.0,46.82111561929274,9.05459996,31.09959992,34.76399998,-0.10180000666666622,-0.07394999750000153,3.1157142142857146,0.36588721609094904,0.3961836507864636,-0.24984758646166888,0.28507586078729935,-0.05723487196206836,False
2020-06-15,MITT,AG Mortgage Investment Trust Inc,주택 및 상업용 리츠,14.22,16.35,13.65,15.15,12.299148,2182800.0,38.10866273514719,9.24839996,30.89399990666666,34.61474998,-0.10280000666666922,-0.07462500000000105,3.2592856428571433,-0.0920447094465197,0.37297701205112427,-0.4688165667093226,0.27961348385329676,-0.05746405434339348,False
2020-06-16,MITT,AG Mortgage Investment Trust Inc,주택 및 상업용 리츠,16.59,16.77,14.7,15.87,12.883661,1838167.0,37.50825872594377,9.46799996,30.6917999,34.470599975,-0.10110000333333069,-0.0720750025000001,3.3535713571428576,0.21469649019587803,0.4072200386617542,-0.6335798436179846,0.30630453402274005,-0.06099563101651723,False
2020-06-17,MITT,AG Mortgage Investment Trust Inc,주택 및 상업용 리츠,15.78,15.87,14.4,14.52,11.7877,953533.0,23.429366867217595,9.643199959999999,30.478599899999995,34.31834997,-0.10660000000000203,-0.07612500249999954,3.4242856428571433,-0.3942428117280518,0.40660221070539215,-0.22802801958541158,0.3098310543383275,-0.06750225467791009,False
2020-06-18,MITT,AG Mortgage Investment Trust Inc,주택 및 상업용 리츠,14.07,14.34,12.87,13.17,10.691735,1524800.0,10.067354845330412,9.76499996,30.255999893333332,34.158899965,-0.11130000333333179,-0.07972500249999825,3.4821427857142857,-0.3876923156449705,0.4346061049766826,-0.41573930265346637,0.35344634068881436,-0.06918540215016188,False
2020-06-19,MITT,AG Mortgage Investment Trust Inc,주택 및 상업용 리츠,13.71,13.74,12.27,12.27,9.961093,1477200.0,1.709739256331555,9.80519996,30.028399893333336,33.99464997,-0.11379999999999768,-0.0821249975000029,3.5378570714285718,-0.2543912831494304,0.40889761059522656,0.0008730455381598667,0.35993948390626374,-0.0669828864370963,False
2020-06-22,MITT,AG Mortgage Investment Trust Inc,주택 및 상업용 리츠,11.97,12.0,10.95,11.49,9.327869,1617700.0,-6.359651564193225,9.82859996,29.79659990666667,33.824249970000004,-0.11589999333333267,-0.08519999999999683,3.5914285,-0.2171837752025411,0.4185734006716193,-0.5053847639627341,0.38158231151992184,-0.06798343600226056,False
2020-06-23,MITT,AG Mortgage Investment Trust Inc,주택 및 상업용 리츠,11.97,11.97,10.95,10.98,8.913836,1033733.0,-11.572267609223196,9.84959996,29.562199913333334,33.652049979999994,-0.11719999666666858,-0.08609999500000498,3.619285642857143,-0.14091178490056802,0.3705335896344178,-0.33589179999078267,0.3764489721824914,-0.060735617036919355,False
2020-06-24,MITT,AG Mortgage Investment Trust Inc,주택 및 상업용 리츠,10.2,10.59,9.54,9.81,7.964005,1482333.0,-19.344935958507705,9.85859996,29.319999920000004,33.470399985,-0.12109999666666482,-0.09082499749999684,3.644999928571429,-0.3209876606111632,0.29536709362061403,0.7848509140607287,0.3650734318206902,-0.054951464412074824,False
2020-06-25,MITT,AG Mortgage Investment Trust Inc,주택 및 상업용 리츠,9.18,11.01,9.09,10.11,8.20755,1748667.0,-18.418636669910025,9.88979996,29.080999926666664,33.288899985,-0.11949999666667033,-0.09074999999999989,3.512142785714286,0.08541793950412699,0.1290545819103177,-0.3883673852803168,0.2746638857254016,-0.05640972403855628,False
2020-06-26,MITT,AG Mortgage Investment Trust Inc,주택 및 상업용 리츠,10.23,10.35,9.45,9.6,7.793519,2265867.0,-21.360317604162404,9.923399960000001,28.840599926666666,33.102749975,-0.12019999999999875,-0.09307500499999932,2.667857071428572,-0.1911646637527352,-0.3336950218462071,0.8265242319404259,-0.058682220279856354,-0.05176291409623779,False
2020-06-29,MITT,AG Mortgage Investment Trust Inc,주택 및 상업용 리츠,9.6,10.14,9.45,9.72,7.890939,987567.0,-22.237873554841116,9.93179996,28.60159992666667,32.917199965,-0.11949999999999861,-0.09277500500000002,2.2307142857142863,0.05379442843419832,-0.1588879281303226,-0.5395698403966793,0.036426202034390745,-0.056209649302467295,False
2020-06-30,MITT,AG Mortgage Investment Trust Inc,주택 및 상업용 리츠,9.75,9.9,9.36,9.57,7.769165,890167.0,-25.292802655932622,9.954599960000001,28.36139994,32.727449965,-0.12009999333333532,-0.09487500000000182,1.7614285000000005,-0.08515815430487261,-0.20168251829548847,-0.7039297900477904,-0.07638384844678872,-0.05863402916319551,False
2020-07-01,MITT,AG Mortgage Investment Trust Inc,주택 및 상업용 리츠,9.63,11.01,9.6,10.23,8.304969,1256367.0,-21.34217803109206,9.99119996,28.121799953333333,32.54249996,-0.11979999333333247,-0.09247500249999874,1.4700000000000004,0.44897959183673464,-0.0653572494770689,0.20732347960082748,-0.1892559448261439,-0.05593558745694004,False
2020-07-02,MITT,AG Mortgage Investment Trust Inc,주택 및 상업용 리츠,10.59,10.74,9.78,10.41,8.451097,908767.0,-20.95924718074024,10.03979996,27.883399966666662,32.359949969999995,-0.11919999333333564,-0.09127499500000269,1.3992857142857147,0.1286370597243489,-0.08230368921754035,-0.1049616914851931,-0.1789069523278242,-0.05409841325423403,False
2020-07-06,MITT,AG Mortgage Investment Trust Inc,주택 및 상업용 리츠,10.32,10.44,9.66,10.17,8.256261,756967.0,-23.82303569321835,10.090199960000001,27.641799966666664,32.176799975,-0.12079999999999913,-0.09157499749999687,1.2621428571428577,-0.1901528013582344,-0.08931141006837709,-1.0749983557137734,-0.2222056515424278,-0.05950692450510753,False
2020-07-07,MITT,AG Mortgage Investment Trust Inc,주택 및 상업용 리츠,9.6,10.02,9.51,9.54,7.74481,754767.0,-24.154167075683574,10.13579996,27.393999973333333,31.99049998,-0.1238999966666654,-0.09314999750000119,1.1614285714285717,-0.5424354243542441,-0.14339226110767153,0.10760963505795618,-0.16926354592271778,-0.06789983467474034,False
2020-07-08,MITT,AG Mortgage Investment Trust Inc,주택 및 상업용 리츠,9.48,9.81,9.18,9.57,7.769165,642733.0,-22.183535599127644,10.159799959999999,27.14639998,31.80464997,-0.12379999666666563,-0.09292500499999967,1.1014285714285719,0.027237354085604133,-0.11328653497812469,-0.43665725103591363,-0.1841656338834679,-0.08065929753321407,False
2020-07-09,MITT,AG Mortgage Investment Trust Inc,주택 및 상업용 리츠,9.57,9.6,9.15,9.45,7.671745,562133.0,-19.755025141759642,10.16159996,26.89559998,31.616699965,-0.12540000000000084,-0.09397500250000057,1.0157142857142862,-0.11814345991561273,-0.09403304528317057,0.20271041510958301,-0.13999065404325012,-0.09115747556042501,False
2020-07-10,MITT,AG Mortgage Investment Trust Inc,주택 및 상업용 리츠,9.24,9.66,9.12,9.51,7.720457,765633.0,-18.130815659757772,10.145999960000001,26.647999966666667,31.430399965000003,-0.12380000666666646,-0.09314999999999785,0.9492857142857147,0.06320541760722397,-0.07134756665769525,-0.5454820047656183,-0.17901601477923426,-0.08273174634622431,False
2020-07-13,MITT,AG Mortgage Investment Trust Inc,주택 및 상업용 리츠,9.48,9.75,9.36,9.45,7.671745,548200.0,-15.461983140742564,10.14359996,26.400199973333336,31.241999959999998,-0.1238999966666654,-0.09420000250000271,0.8828571428571433,-0.06796116504854421,-0.060688808789552615,0.45184967902064066,-0.11064212599470746,-0.07780288891309992,False
2020-07-14,MITT,AG Mortgage Investment Trust Inc,주택 및 상업용 리츠,9.18,9.66,9.18,9.48,7.696101,470533.0,-13.91539979433124,10.16039996,26.150599986666666,31.052399949999998,-0.12479999333333502,-0.09480000499999974,0.8442857142857146,0.0355329949238592,-0.04808561023066495,-0.6699798392832702,-0.1345055573727423,-0.07760104076196396,False
2020-07-15,MITT,AG Mortgage Investment Trust Inc,주택 및 상업용 리츠,9.9,10.53,9.69,10.47,8.499807,918500.0,-3.204170446923005,10.195799959999999,25.90799998,30.877049945,-0.12130000333333335,-0.08767500249999927,0.8164285714285716,1.2125984251968505,0.06145625304133601,0.6920278356796321,-0.14113577725710633,-0.07523310608081438,False
2020-07-16,MITT,AG Mortgage Investment Trust Inc,주택 및 상업용 리츠,10.2,11.1,9.81,10.23,8.304969,771033.0,-2.9544021555341304,10.22699996,25.663399993333332,30.70094994,-0.12229999333333375,-0.08805000249999928,0.7714285714285716,-0.31111111111111134,0.033132749425961845,-0.10506355659827896,-0.12089978949410364,-0.07783861439614344,False
2020-07-17,MITT,AG Mortgage Investment Trust Inc,주택 및 상업용 리츠,10.41,10.5,9.57,9.57,7.769165,646000.0,-7.699810796205664,10.253999959999998,25.413200006666667,30.523949935,-0.12509999333333255,-0.08850000250000001,0.7735714285714287,-0.8531855955678671,-0.014154459989404717,-1.0375797091030925,-0.2540500709972121,-0.08431100245769106,False
2020-07-20,MITT,AG Mortgage Investment Trust Inc,주택 및 상업용 리츠,9.66,9.69,9.42,9.54,7.74481,545933.0,-7.275019665522664,10.27739996,25.162800020000002,30.348299944999997,-0.12519999333333232,-0.08782499500000185,0.7435714285714285,-0.04034582132564995,-0.020878763543679596,-0.5946148156131491,-0.25798185494124565,-0.08010318868267965,False
2020-07-21,MITT,AG Mortgage Investment Trust Inc,주택 및 상업용 리츠,9.51,9.96,9.3,9.63,7.817875,880533.0,-5.4684124406647605,10.34039996,24.914200033333334,30.17489994,-0.12429999333333441,-0.08670000249999887,0.7521428571428571,0.11965811965812184,-0.00624902968917999,0.0021675180819014234,-0.20754633293198196,-0.07752171238961623,False
2020-07-22,MITT,AG Mortgage Investment Trust Inc,주택 및 상업용 리츠,9.63,9.96,9.45,9.63,7.817875,549500.0,-5.148775696100982,10.40939996,24.670000046666665,30.000599930000003,-0.12209999333333421,-0.08715000499999803,0.6857142857142858,0.0,-0.03831900053466104,-0.404025668791934,-0.2512141292457506,-0.0655424001830659,False
2020-07-23,MITT,AG Mortgage Investment Trust Inc,주택 및 상업용 리츠,9.63,9.78,9.36,9.45,7.671745,701100.0,-5.309293779084534,10.48139996,24.42140003333333,29.824949919999998,-0.12430000666666707,-0.08782500500000268,0.6471428571428571,-0.2781456953642407,-0.06737491161241745,0.5831314053543231,-0.20206462232864233,-0.06717722439501428,False
2020-07-24,MITT,AG Mortgage Investment Trust Inc,주택 및 상업용 리츠,9.48,9.63,9.3,9.45,7.671745,660800.0,-4.1918763654656965,10.54439996,24.16840002,29.650349925,-0.1265000066666655,-0.08729999749999884,0.6150000000000001,0.0,-0.053792568658257836,0.4387872550584834,-0.09393707870205255,-0.072322956989762,False
2020-07-27,MITT,AG Mortgage Investment Trust Inc,주택 및 상업용 리츠,9.51,9.51,9.18,9.24,7.501263,413833.0,-6.493435714925077,10.59479996,23.91300002666667,29.475599929999998,-0.12769999666666543,-0.08737499750000133,0.5914285714285715,-0.3550724637681143,-0.040409500044962854,-0.8877105771128454,-0.16503137957139552,-0.07582335300619134,False
2020-07-28,MITT,AG Mortgage Investment Trust Inc,주택 및 상업용 리츠,9.18,9.63,9.12,9.36,7.598681,608267.0,-4.229805251398622,10.633199959999999,23.659200026666664,29.300099935000002,-0.12690000000000268,-0.08774999749999779,0.582857142857143,0.2058823529411751,-0.027649142983850645,0.6814530950746046,-0.08516635484921564,-0.0649758841803831,False
2020-07-29,MITT,AG Mortgage Investment Trust Inc,주택 및 상업용 리츠,9.45,9.45,9.12,9.18,7.452553,387100.0,-6.811057695977296,10.654199959999998,23.403600026666666,29.122349935,-0.1277999999999988,-0.08887500000000159,0.5742857142857145,-0.31343283582089493,-0.041598384119942225,-1.2474814558036729,-0.18875148848587678,-0.07337676609476745,False
2020-07-30,MITT,AG Mortgage Investment Trust Inc,주택 및 상업용 리츠,9.09,9.12,8.58,8.67,7.038523,643533.0,-10.75298591047904,10.654199960000001,23.143600040000003,28.94294994,-0.1299999933333318,-0.08969999750000035,0.5785714285714286,-0.881481481481481,-0.10907601976913543,-0.5978852242544268,-0.19249457559222027,-0.07942631654685654,False
2020-07-31,MITT,AG Mortgage Investment Trust Inc,주택 및 상업용 리츠,8.67,8.73,8.31,8.37,6.794974,465133.0,-13.386862495062646,10.64459996,22.880200033333335,28.761299934999997,-0.13170000333333398,-0.0908250025000008,0.5807142857142857,-0.5166051660516617,-0.14112201984078668,-1.1289716767758762,-0.3054103867205429,-0.08315676658595672,False
2020-08-03,MITT,AG Mortgage Investment Trust Inc,주택 및 상업용 리츠,8.4,8.46,7.86,8.04,6.527072,842200.0,-16.32132548952978,10.63499996,22.614000026666666,28.576499934999998,-0.13310000333333427,-0.0923999999999996,0.5892857142857143,-0.56,-0.18366009090677665,-1.1833245633808223,-0.3420778670132251,-0.0920853312240867,False
2020-08-04,MITT,AG Mortgage Investment Trust Inc,주택 및 상업용 리츠,7.86,8.01,7.74,7.92,6.429654,521000.0,-16.958864123741833,10.624199959999999,22.35820002,28.388999944999995,-0.12790000333333218,-0.09374999500000136,0.5357142857142858,-0.2239999999999985,-0.28627426413512297,-0.5524025748801016,-0.4309657534817775,-0.08590623750693413,False
2020-08-05,MITT,AG Mortgage Investment Trust Inc,주택 및 상업용 리츠,7.95,8.01,7.56,7.77,6.30788,774700.0,-18.08066922786492,10.60559996,22.101600033333334,28.200449945,-0.12829999333333397,-0.09427499999999789,0.47571428571428587,-0.315315315315316,-0.2865745644354233,-0.9063518501548103,-0.48820063159295835,-0.08795728380032392,False
2020-08-06,MITT,AG Mortgage Investment Trust Inc,주택 및 상업용 리츠,7.77,8.07,7.68,7.74,6.283525,642933.0,-17.92901026726166,10.591799959999998,21.84460002666667,28.01024995,-0.12850000333333256,-0.0950999975000002,0.43714285714285733,-0.06862745098039066,-0.2305346969648893,-0.65740554456546,-0.46104533412598464,-0.08277582363081479,False
2020-08-07,MITT,AG Mortgage Investment Trust Inc,주택 및 상업용 리츠,7.77,8.52,7.62,8.4,6.819329,928067.0,-10.222950949613585,10.59899996,21.590600026666667,27.822449955000003,-0.12700000000000067,-0.09389999749999767,0.4821428571428573,1.3688888888888886,-0.12987507480670796,1.3081877572773217,-0.3251308646338082,-0.0845906987230532,False
2020-08-10,MITT,AG Mortgage Investment Trust Inc,주택 및 상업용 리츠,8.55,9.72,8.55,8.91,7.233361,1773967.0,-4.44458811291808,10.62959996,21.33960002,27.635699965,-0.12550000333333422,-0.09337499500000135,0.5292857142857145,0.9635627530364365,-0.06959617242254262,0.6995436010573924,-0.27531828727841595,-0.07641332324882358,False
2020-08-11,MITT,AG Mortgage Investment Trust Inc,주택 및 상업용 리츠,9.75,10.35,9.39,9.42,7.64739,1644733.0,2.092360463170828,10.66859996,21.090400026666668,27.45419996,-0.12459999666666555,-0.0907500025000001,0.5957142857142858,0.8561151079136686,-0.008445093285852008,1.5831839256952749,-0.1333747448150439,-0.07195667836393402,False
2020-08-12,MITT,AG Mortgage Investment Trust Inc,주택 및 상업용 리츠,9.72,9.78,8.7,9.15,7.428198,761733.0,-1.2426427623764558,10.70819996,20.840600033333335,27.273599960000002,-0.12489999666666662,-0.09029999999999916,0.6428571428571429,-0.4199999999999993,-0.01857754361697762,-1.6945442408515983,-0.29606586240118116,-0.07568417619638332,False
2020-08-13,MITT,AG Mortgage Investment Trust Inc,주택 및 상업용 리츠,9.06,9.45,8.73,8.97,7.282071,489000.0,-2.053432044104797,10.73519996,20.58800002666667,27.091949964999998,-0.12630000333333236,-0.09082499750000217,0.6707142857142857,-0.2683706070287536,-0.037746872690460016,-0.0749193728553634,-0.3327591929664559,-0.07192162611495258,False
2020-08-14,MITT,AG Mortgage Investment Trust Inc,주택 및 상업용 리츠,8.79,9.54,8.76,9.42,7.64739,527367.0,3.210237401825289,10.75859996,20.33620003333333,26.909099955000002,-0.12589999666666962,-0.09142500499999784,0.7028571428571428,0.6402439024390234,0.03334715346719268,0.6567936923714452,-0.2224374594318637,-0.07437221948545684,False
2020-08-17,MITT,AG Mortgage Investment Trust Inc,주택 및 상업용 리츠,9.33,9.39,9.0,9.09,7.379488,376500.0,-0.22110656959062336,10.724399959999998,20.081800033333334,26.724449955,-0.12719999999999843,-0.09232500000000066,0.6964285714285712,-0.47384615384615414,-0.015204882731902267,-0.7417153544662214,-0.3240923486847799,-0.07280889278769297,False
2020-08-18,MITT,AG Mortgage Investment Trust Inc,주택 및 상업용 리츠,9.0,9.09,8.73,8.76,7.111587,348400.0,-3.397026990654739,10.44539998,19.825800033333334,26.533649965,-0.1280000000000001,-0.09539999500000107,0.6985714285714284,-0.47239263803681003,-0.02655915431875335,-0.7114031047690761,-0.2858010378965944,-0.07795129021603275,False
2020-08-19,MITT,AG Mortgage Investment Trust Inc,주택 및 상업용 리츠,8.76,8.91,8.58,8.64,7.014168,278433.0,-3.6153060772648904,10.271399979999998,19.568400033333333,26.342699954999997,-0.12870000000000026,-0.09547500500000083,0.6792857142857142,-0.17665615141955723,0.023785512114241198,0.3073294433131555,-0.22114284735605277,-0.07523225653135103,False
2020-08-20,MITT,AG Mortgage Investment Trust Inc,주택 및 상업용 리츠,8.52,8.64,8.37,8.4,6.819329,260367.0,-5.80858993619483,10.065,19.30860004,26.14994995,-0.12989999666666563,-0.09637500249999853,0.6685714285714285,-0.35897435897435936,0.03504485547690566,-0.7176605604623322,-0.19176348190508535,-0.07374207929679483,False
2020-08-21,MITT,AG Mortgage Investment Trust Inc,주택 및 상업용 리츠,8.1,8.85,8.1,8.43,6.843686,587633.0,-4.971519661306923,9.9474,19.04920004,25.96424995,-0.12970000000000148,-0.09285000000000032,0.6792857142857142,0.044164037854888656,0.07819942960939771,-0.35843868152053615,-0.13284306177220778,-0.07207168966951363,False
2020-08-24,MITT,AG Mortgage Investment Trust Inc,주택 및 상업용 리츠,8.34,9.15,8.25,8.88,7.209006,483433.0,-0.38989918431102666,9.816,18.79120002666667,25.778699940000003,-0.129000006666665,-0.09277500499999825,0.7221428571428571,0.6231454005934733,0.13870981536607427,-0.5153552665716359,-0.13019682546446024,-0.08209081514779695,False
2020-08-25,MITT,AG Mortgage Investment Trust Inc,주택 및 상업용 리츠,8.94,9.0,8.46,8.76,7.111587,387900.0,-1.396602970521299,9.6882,18.533000013333332,25.59254993,-0.12910000666666832,-0.0930750050000011,0.7285714285714285,-0.16470588235294256,0.1494676320062438,-0.5823256712787779,-0.10705209840188647,-0.08414031388695221,False
2020-08-26,MITT,AG Mortgage Investment Trust Inc,주택 및 상업용 리츠,8.64,8.67,8.31,8.4,6.819329,352367.0,-5.666975812211151,9.5388,18.2724,25.403549924999997,-0.13030000666666552,-0.09450000250000201,0.7328571428571428,-0.4912280701754379,0.11928187349231187,-1.6664803604367786,-0.1791288709641235,-0.0941136411816466,False
2020-08-27,MITT,AG Mortgage Investment Trust Inc,주택 및 상업용 리츠,8.37,8.67,8.31,8.58,6.965457,269133.0,-3.4131199193572104,9.42,18.01419999333333,25.213949924999998,-0.1291000033333347,-0.09479999999999933,0.6942857142857142,0.2592592592592589,0.04002261423305258,0.06863830137489904,-0.26766811781429656,-0.09891516073676287,False
2020-08-28,MITT,AG Mortgage Investment Trust Inc,주택 및 상업용 리츠,8.49,8.7,8.43,8.61,6.989813,184800.0,-3.526099469706634,9.3288,17.757799993333336,25.024199919999997,-0.12819999999999787,-0.09487500250000025,0.6192857142857141,0.04844290657439344,-0.025343089085664773,-0.7252478085781414,-0.3694389327882633,-0.11278261410302551,False
2020-08-31,MITT,AG Mortgage Investment Trust Inc,주택 및 상업용 리츠,8.46,8.55,8.25,8.34,6.77062,448800.0,-6.2395153434198765,9.2502,17.4982,24.83384992,-0.12979999666666764,-0.09517499999999934,0.5421428571428569,-0.49802371541501916,-0.12206729075199961,-0.22264609199410645,-0.49842679119464767,-0.11043343319847156,False
2020-09-01,MITT,AG Mortgage Investment Trust Inc,주택 및 상업용 리츠,8.25,8.52,8.22,8.46,6.868039,389333.0,-5.607488436366637,9.1896,17.23799998666667,24.64484993,-0.130100006666666,-0.09449999499999961,0.4864285714285711,0.24669603524229297,-0.07444614537755016,-0.748091686823256,-0.43082303733548033,-0.12013462616867245,False
2020-09-02,MITT,AG Mortgage Investment Trust Inc,주택 및 상업용 리츠,8.34,8.49,8.13,8.46,6.868039,278700.0,-7.086559514279333,9.139199999999999,16.977199973333335,24.456449935000002,-0.13040000666666707,-0.09419999749999874,0.4607142857142854,0.0,-0.055276816304067763,-1.858281810602111,-0.5582060686031053,-0.13182405404587474,False
2020-09-03,MITT,AG Mortgage Investment Trust Inc,주택 및 상업용 리츠,8.28,8.67,8.19,8.46,6.868039,382033.0,-3.9638460076390936,9.1122,16.716599979999998,24.26804994,-0.13029999666666825,-0.09419999750000052,0.43928571428571406,0.0,-0.10100852362114086,3.232112246886803,-0.37425474328057956,-0.12195847325284664,False
2020-09-04,MITT,AG Mortgage Investment Trust Inc,주택 및 상업용 리츠,8.34,8.4,7.98,8.22,6.673202,361567.0,-5.72370103366625,9.0744,16.453799986666667,24.079349945,-0.13139999666666569,-0.09434999750000017,0.4435714285714284,-0.5410628019323679,-0.10580971277015613,0.05536104285696464,-0.317320714900352,-0.11850229466877503,False
2020-09-08,MITT,AG Mortgage Investment Trust Inc,주택 및 상업용 리츠,8.16,8.37,8.1,8.13,6.600137,305267.0,-3.693969758997062,9.045,16.190599980000002,23.891699945,-0.13160000333333244,-0.09382500000000071,0.43714285714285694,-0.20588235294117624,-0.08677326383475371,1.6124059576293939,-0.15133435330046136,-0.09822680096751135,False
2020-09-09,MITT,AG Mortgage Investment Trust Inc,주택 및 상업용 리츠,8.04,8.22,8.04,8.07,6.551427,252200.0,-5.450126994018434,9.012,15.922399986666665,23.704199945,-0.13409999666666828,-0.09375,0.4264285714285713,-0.1407035175879409,-0.08420521856106684,-1.322049837833465,-0.2677185876680771,-0.11141181438332094,False
2020-09-10,MITT,AG Mortgage Investment Trust Inc,주택 및 상업용 리츠,8.1,8.16,7.89,7.92,6.429654,296900.0,-4.912372457756731,8.979,15.649799980000001,23.515799955,-0.13630000333333214,-0.09419999500000031,0.42642857142857127,-0.3517587939698502,-0.08368982106074475,0.6262225589457104,-0.17172693628178834,-0.1126993068345903,False
2020-09-11,MITT,AG Mortgage Investment Trust Inc,주택 및 상업용 리츠,7.89,8.01,7.74,7.83,6.35659,290000.0,-5.445231020015562,8.931000000000001,15.378999973333332,23.324099965000002,-0.13540000333333424,-0.09584999499999824,0.39214285714285696,-0.22950819672131123,-0.1032378378161876,-0.2574005481619247,-0.16450992675617324,-0.11273086210139124,False
2020-09-14,MITT,AG Mortgage Investment Trust Inc,주택 및 상업용 리츠,7.74,8.46,7.74,8.34,6.77062,388300.0,0.10879737564728487,8.8896,15.111399973333334,23.134949974999998,-0.13379999999999903,-0.0945749950000021,0.3792857142857141,1.344632768361582,-0.05170302583275128,0.6971650085200254,-0.07790133567819743,-0.10430991174915293,False
2020-09-15,MITT,AG Mortgage Investment Trust Inc,주택 및 상업용 리츠,8.34,8.55,8.19,8.19,6.648846,224300.0,-1.6433217230607422,8.85,14.843199986666669,22.943849975,-0.1340999933333329,-0.09554999999999936,0.36642857142857144,-0.4093567251461998,-0.06917808603226965,-0.6729235072182185,-0.08437260967387175,-0.10703376278976234,False
2020-09-16,MITT,AG Mortgage Investment Trust Inc,주택 및 상업용 리츠,8.1,8.76,8.1,8.46,6.868039,347567.0,2.248872994618112,8.8284,14.576200000000002,22.75259998,-0.1334999933333334,-0.09562499749999986,0.3814285714285715,0.7078651685393292,0.016471431018785145,0.9405881363533171,0.10184656866827793,-0.09827125701092523,False
2020-09-17,MITT,AG Mortgage Investment Trust Inc,주택 및 상업용 리츠,8.31,8.4,8.13,8.22,6.673202,307467.0,0.4201258549688447,8.8014,14.305599993333333,22.560149985,-0.13530000333333447,-0.09622499750000024,0.3792857142857144,-0.6327683615819213,-0.04724482761272773,-0.22116970309388334,0.08114599692050775,-0.10468716289610729,False
2020-09-18,MITT,AG Mortgage Investment Trust Inc,주택 및 상업용 리츠,8.31,8.34,8.04,8.34,6.77062,543900.0,2.972285342005776,8.779200000000001,14.034399993333333,22.366499985,-0.13560000000000016,-0.09682499999999905,0.3814285714285716,0.3146067415730315,-0.028233125112825014,0.8330796764862601,0.19245510299653645,-0.10063287224019274,False
2020-09-21,MITT,AG Mortgage Investment Trust Inc,주택 및 상업용 리츠,8.04,8.19,7.95,8.13,6.600137,262633.0,1.5621041666341817,8.7516,13.759600006666666,22.173899974999998,-0.1373999933333332,-0.09630000500000158,0.3835714285714288,-0.5474860335195504,-0.03176614783457724,-0.05073885234802045,0.20473419154268546,-0.10724589152559962,False
2020-09-22,MITT,AG Mortgage Investment Trust Inc,주택 및 상업용 리츠,8.1,8.28,8.07,8.13,6.600137,227533.0,0.7856750972878412,8.7252,13.483800006666668,21.98144998,-0.13789999999999925,-0.09622499749999847,0.37714285714285734,0.0,-0.04938729320902674,-0.4398379897052713,0.22675231276539862,-0.10889674265165465,False
2020-09-23,MITT,AG Mortgage Investment Trust Inc,주택 및 상업용 리츠,8.07,8.34,8.01,8.04,6.527072,310033.0,2.217755489187989,8.6964,13.204200006666667,21.78704999,-0.13980000000000015,-0.09719999500000043,0.3750000000000003,-0.24000000000000418,-0.06653015035188418,0.7363533552910383,0.41208339604348077,-0.11253670996081297,False
2020-09-24,MITT,AG Mortgage Investment Trust Inc,주택 및 상업용 리츠,7.92,8.49,7.86,8.4,6.819329,431233.0,6.099639990335759,8.655,12.9298,21.594749985,-0.1372000033333336,-0.09615000249999994,0.38571428571428595,0.9333333333333359,0.0001365163147826674,0.8036058118854836,0.23861865068624363,-0.10968508077635905,False
2020-09-25,MITT,AG Mortgage Investment Trust Inc,주택 및 상업용 리츠,8.19,8.64,8.19,8.55,6.941103,243133.0,6.013825808827145,8.6214,12.658199993333334,21.402899995,-0.1358000033333333,-0.09592499500000073,0.38357142857142884,0.3910614525139671,0.0667168202038066,-0.3405970615007801,0.2103359289464047,-0.12899474115423143,False
2020-09-28,MITT,AG Mortgage Investment Trust Inc,주택 및 상업용 리츠,8.46,8.79,8.46,8.58,6.965457,506967.0,4.47346137494804,8.6016,12.396599993333332,21.210300005,-0.1308000000000007,-0.09629999499999897,0.387857142857143,0.07734806629834086,0.08694756443520067,-0.6999605011788631,0.04516689617438636,-0.1354592471102869,False
2020-09-29,MITT,AG Mortgage Investment Trust Inc,주택 및 상업용 리츠,8.43,8.52,8.16,8.4,6.819329,230467.0,2.492455354444134,8.578800000000001,12.13039998,21.016800014999998,-0.1331000066666661,-0.09674999500000148,0.4050000000000001,-0.44444444444444364,0.06525178394545048,-0.19200262820022118,0.12588455400533236,-0.14306770497968052,False
2020-09-30,MITT,AG Mortgage Investment Trust Inc,주택 및 상업용 리츠,8.34,8.55,8.25,8.28,6.72191,191800.0,0.0725258123234429,8.5518,11.876599993333334,20.823600025,-0.1268999933333328,-0.09659999499999827,0.4071428571428572,-0.2947368421052656,0.06932478050720652,-0.744815637107408,0.027953254287252465,-0.1496265646627559,False
2020-10-01,MITT,AG Mortgage Investment Trust Inc,주택 및 상업용 리츠,8.37,8.67,8.25,8.64,7.014168,184433.0,3.467809863210136,8.532,11.634799993333333,20.635500035,-0.12090000000000067,-0.09404999500000066,0.417857142857143,0.8615384615384641,0.14725668466861905,0.5626111966214252,0.08652552177177746,-0.1386642961983551,False
2020-10-02,MITT,AG Mortgage Investment Trust Inc,주택 및 상업용 리츠,8.34,8.85,8.34,8.7,7.062877,212300.0,4.8761172998780244,8.517000000000001,11.375999993333334,20.445300024999998,-0.12939999999999952,-0.09510000500000082,0.4028571428571429,0.14893617021276276,0.061849784800846255,0.6958977406254041,0.08643500263644736,-0.1359171701049605,False
2020-10-05,MITT,AG Mortgage Investment Trust Inc,주택 및 상업용 리츠,8.7,9.15,8.67,8.85,7.184651,331900.0,4.38418078287075,8.505,11.121600006666668,20.252550015,-0.12719999333333298,-0.09637500499999874,0.4114285714285714,0.3645833333333342,0.11713121754938441,-0.6219650799839058,0.09007489029604113,-0.1447564644128826,False
2020-10-06,MITT,AG Mortgage Investment Trust Inc,주택 및 상업용 리츠,8.85,9.0,8.49,8.55,6.941103,343467.0,2.061881798121701,8.4912,10.861999993333335,20.05755002,-0.1298000066666667,-0.09749999749999994,0.4007142857142857,-0.7486631016042755,0.013093483967698352,0.0034817592553071375,0.023138720503326136,-0.13733934931605885,False
2020-10-07,MITT,AG Mortgage Investment Trust Inc,주택 및 상업용 리츠,8.55,8.67,8.4,8.55,6.941103,154233.0,0.0634710406808292,8.475,10.603599986666666,19.86315002,-0.12920000333333448,-0.09720000000000084,0.39642857142857135,0.0,0.058291224080692726,-0.9144297160305549,-0.026379851849293263,-0.15012199873540918,False
2020-10-08,MITT,AG Mortgage Investment Trust Inc,주택 및 상업용 리츠,8.52,8.64,8.34,8.43,6.843686,391467.0,-2.2694195978847476,8.46,10.349599993333335,19.667700019999998,-0.12699999666666528,-0.0977250000000005,0.39642857142857135,-0.3027027027027053,0.014197692346711532,-0.7521684957753674,-0.13961186415369523,-0.15498319724865414,False
2020-10-09,MITT,AG Mortgage Investment Trust Inc,주택 및 상업용 리츠,8.52,8.55,8.37,8.43,6.843686,265900.0,-3.2774246560285714,8.4552,10.126399993333333,19.47150003,-0.11160000000000103,-0.09809999499999833,0.3814285714285715,0.0,0.053303837598107986,-0.5315576147445985,-0.1739560614677365,-0.15412156236714025,False
2020-10-12,MITT,AG Mortgage Investment Trust Inc,주택 및 상업용 리츠,8.37,8.46,8.28,8.31,6.746265,99067.0,-5.981148208447584,8.454,9.901799993333334,19.273650025,-0.1122999999999994,-0.09892500250000147,0.3792857142857145,-0.3163841807909582,0.030704967541610974,-1.2889761702082487,-0.23460878864652063,-0.15580402691508452,False
2020-10-13,MITT,AG Mortgage Investment Trust Inc,주택 및 상업용 리츠,8.28,8.43,8.19,8.31,6.746265,233500.0,-5.305366758277829,8.459399999999999,9.687199993333333,19.07535002,-0.1073000000000004,-0.09915000250000006,0.3728571428571431,0.0,0.04784782468446842,0.408338381298587,-0.25803842964598145,-0.15509143855153182,False
2020-10-14,MITT,AG Mortgage Investment Trust Inc,주택 및 상업용 리츠,8.28,8.43,8.25,8.34,6.77062,280267.0,-4.1220926268286,8.4678,9.538999993333334,18.885600015,-0.07409999999999961,-0.09487500249999847,0.3407142857142859,0.08805031446540687,-0.012529533806097943,0.5267053944195483,-0.27781703089354826,-0.1382913559472688,False
2020-10-15,MITT,AG Mortgage Investment Trust Inc,주택 및 상업용 리츠,8.34,8.34,8.13,8.28,6.72191,134600.0,-4.529178458255034,8.478,9.372999993333332,18.695700025,-0.08300000000000107,-0.09494999500000034,0.3235714285714287,-0.18543046357616041,-0.05370752781253563,-0.08064663306003408,-0.25924914314778064,-0.13521772362241907,False
2020-10-16,MITT,AG Mortgage Investment Trust Inc,주택 및 상업용 리츠,8.22,8.28,8.1,8.22,6.673202,88433.0,-4.941781069332052,8.4876,9.264799986666667,18.505350019999998,-0.05410000333333276,-0.09517500250000133,0.31285714285714306,-0.19178082191780402,-0.07293101982797455,-0.20138409714381553,-0.22363654285956297,-0.13146738143357672,False
2020-10-19,MITT,AG Mortgage Investment Trust Inc,주택 및 상업용 리츠,8.13,8.25,8.04,8.1,6.575782,133100.0,-4.55487116889699,8.4816,9.183199986666667,18.31335002,-0.04079999999999995,-0.09599999999999831,0.2978571428571431,-0.4028776978417296,-0.06996196649920926,0.6774357997916445,-0.16153379800300113,-0.11394007532873018,False
2020-10-20,MITT,AG Mortgage Investment Trust Inc,주택 및 상업용 리츠,8.16,8.28,8.13,8.13,6.600137,126733.0,-4.47692099366993,8.466000000000001,9.171999986666666,18.121200015,-0.005600000000000271,-0.096075002500001,0.2892857142857145,0.10370370370370756,-0.041501927512854024,-0.20733833898518628,-0.12314256242284245,-0.1040647601436271,False
2020-10-21,MITT,AG Mortgage Investment Trust Inc,주택 및 상업용 리츠,8.16,8.25,8.07,8.16,6.624491,97867.0,-3.701758369430541,8.440800000000001,9.131399986666667,17.92800002,-0.020299999999999763,-0.09659999750000026,0.2721428571428573,0.11023622047243853,-0.09516637330328444,0.2561871775983451,-0.14502999235306246,-0.10829036017614904,False
2020-10-22,MITT,AG Mortgage Investment Trust Inc,주택 및 상업용 리츠,8.22,8.34,8.22,8.25,6.697555,108033.0,-2.7539209313022006,8.4228,9.095199986666666,17.736150025,-0.01810000000000045,-0.09592499749999917,0.24857142857142872,0.3620689655172406,-0.07994260221010743,0.010137188759944848,-0.19401288891488097,-0.1110966382235774,False
2020-10-23,MITT,AG Mortgage Investment Trust Inc,주택 및 상업용 리츠,8.34,8.49,8.22,8.25,6.697555,146800.0,-2.6689931291254743,8.4084,9.093999986666667,17.54310002,-0.0005999999999994898,-0.09652500249999996,0.23357142857142868,0.0,-0.10598426887677416,-0.24567709743197047,-0.16713517587545704,-0.10834420841889593,False
2020-10-26,MITT,AG Mortgage Investment Trust Inc,주택 및 상업용 리츠,8.37,8.37,7.83,7.89,6.405299,256700.0,-4.6852998782022315,8.3778,9.103799986666667,17.346600025,0.0049000000000001265,-0.09824999749999996,0.23571428571428577,-1.5272727272727282,-0.16159924213880653,-0.24186767795391417,-0.1846601356761157,-0.10018048864028341,False
2020-10-27,MITT,AG Mortgage Investment Trust Inc,주택 및 상업용 리츠,7.89,8.1,7.86,8.01,6.502717,145267.0,-2.6298938051956156,8.356200000000001,9.105999986666665,17.150400025,0.0010999999999992127,-0.09810000000000052,0.2335714285714286,0.5137614678899086,-0.12490199443238446,0.732984945332133,-0.06698765986449513,-0.09583942641927279,False
2020-10-28,MITT,AG Mortgage Investment Trust Inc,주택 및 상업용 리츠,7.83,7.98,7.71,7.8,6.332235,161833.0,-1.5571113593971675,8.337,9.074999986666667,16.953600025,-0.015499999999999403,-0.09839999999999982,0.23357142857142854,-0.8990825688073394,-0.16750055629700117,1.3311407675975473,0.08182014466214163,-0.08683638229074253,False
2020-10-29,MITT,AG Mortgage Investment Trust Inc,주택 및 상업용 리츠,7.74,7.92,7.53,7.92,6.429654,95167.0,-0.8893896576006699,8.3226,9.048799986666666,16.756950025000002,-0.013100000000000556,-0.09832499999999911,0.24857142857142842,0.4827586206896559,-0.13301779767631147,-0.20388066783368264,0.10522564087006421,-0.09067428280474706,False
2020-10-30,MITT,AG Mortgage Investment Trust Inc,주택 및 상업용 리츠,7.8,7.98,7.71,7.83,6.35659,133267.0,-0.3922808126802124,8.3112,9.045999986666667,16.55925003,-0.0013999999999994017,-0.09884999750000034,0.2549999999999998,-0.352941176470588,-0.13562901165342792,0.3494493041824287,0.2222560318979697,-0.08149718408698839,False
2020-11-02,MITT,AG Mortgage Investment Trust Inc,주택 및 상업용 리츠,7.83,8.16,7.74,8.04,6.527072,162067.0,1.3879440754246852,8.3034,9.044799986666668,16.36275003,-0.0005999999999994898,-0.09825000000000017,0.2678571428571426,0.7839999999999973,-0.0796290116534281,0.10218744513837952,0.20038810788652633,-0.08236380794845795,False
2020-11-03,MITT,AG Mortgage Investment Trust Inc,주택 및 상업용 리츠,8.1,8.37,8.04,8.37,6.794974,191667.0,3.8327247028656863,8.2932,9.054599986666666,16.16670002,0.004899999999999238,-0.09802500500000022,0.27857142857142836,1.1846153846153857,-0.0013029352141438982,0.22428158197893955,0.17878640699791146,-0.08383092637249466,False
2020-11-04,MITT,AG Mortgage Investment Trust Inc,주택 및 상업용 리츠,8.16,8.37,7.86,8.31,6.746265,134967.0,1.0486179847558619,8.2842,9.073599986666666,15.97080001,0.009500000000000064,-0.0979500050000004,0.29999999999999977,-0.1999999999999959,-0.0023436163872750026,-1.3207849275661894,0.09020510024747178,-0.08853361992176471,False
2020-11-05,MITT,AG Mortgage Investment Trust Inc,주택 및 상업용 리츠,8.25,8.49,8.25,8.43,6.843686,188767.0,0.6444547348201324,8.2848,9.097199986666666,15.775500000000001,0.011800000000000033,-0.09765000499999932,0.3042857142857141,0.39436619718309623,0.03952402783421787,-0.5647300539580933,0.0642518176178805,-0.09337574020990601,False
2020-11-06,MITT,AG Mortgage Investment Trust Inc,주택 및 상업용 리츠,8.55,8.61,8.1,8.1,6.575782,243967.0,-3.031115748675395,8.2752,9.112799986666667,15.579449995,0.007800000000000473,-0.0980250025000009,0.32571428571428546,-1.0131578947368431,-0.004067414801147378,-0.9980007098759404,-0.05542221878694698,-0.09286630921567013,False
2020-11-09,MITT,AG Mortgage Investment Trust Inc,주택 및 상업용 리츠,8.82,9.06,8.31,8.37,6.794974,1115300.0,-0.9703311222784006,8.2704,9.121399986666667,15.385949995,0.0042999999999997485,-0.09674999999999923,0.38142857142857123,0.7078651685393251,0.039086975544253874,0.1439862540817387,-0.030327604996452342,-0.09431029249839641,False
2020-11-10,MITT,AG Mortgage Investment Trust Inc,주택 및 상업용 리츠,8.55,8.55,8.25,8.34,6.77062,753100.0,-1.1579706874860318,8.2704,9.108599986666666,15.19125,-0.006400000000000183,-0.09734999750000028,0.38999999999999985,-0.07692307692307532,0.02571845430171717,-0.009563010450635526,-0.04930976128566524,-0.09509888099279569,False
2020-11-11,MITT,AG Mortgage Investment Trust Inc,주택 및 상업용 리츠,8.37,8.4,8.16,8.28,6.72191,249800.0,-2.464663358868946,8.2668,9.094999986666666,14.995199989999998,-0.006800000000000139,-0.09802500500000111,0.3942857142857142,-0.15217391304347958,-0.011013179881191415,-0.5233113191552886,-0.08741322613675336,-0.09646774661736317,False
2020-11-12,MITT,AG Mortgage Investment Trust Inc,주택 및 상업용 리츠,8.1,8.28,7.95,7.98,6.478363,252433.0,-4.8089623837700435,8.257200000000001,9.081999986666666,14.79719998,-0.00649999999999995,-0.09900000499999884,0.39857142857142847,-0.7526881720430083,-0.06477662074140629,-0.27801614924785245,-0.08972315840931636,-0.09921132325239665,False
2020-11-13,MITT,AG Mortgage Investment Trust Inc,주택 및 상업용 리츠,8.04,8.28,8.04,8.22,6.673202,249000.0,-3.126401323710748,8.2524,9.074399986666666,14.600549985,-0.0038000000000000256,-0.09832499749999979,0.3814285714285713,0.6292134831460682,0.08925810857422202,-0.03967477832095312,-0.07528080843553342,-0.09314764661656035,False
2020-11-16,MITT,AG Mortgage Investment Trust Inc,주택 및 상업용 리츠,8.64,8.64,8.34,8.4,6.819329,990467.0,-2.0463663128137966,8.256,9.073399986666667,14.404349989999998,-0.0004999999999997229,-0.0980999975000012,0.3942857142857142,0.4565217391304342,0.08516955651997385,-0.11101283006666002,-0.13556636382116147,-0.0963446441402406,False
2020-11-17,MITT,AG Mortgage Investment Trust Inc,주택 및 상업용 리츠,8.37,9.06,8.34,8.73,7.087232,671067.0,2.1680438701415783,8.267999999999999,9.078799986666667,14.209949984999998,0.0026999999999999247,-0.09720000250000016,0.42428571428571427,0.777777777777778,0.20494529556176794,1.034827727529521,-0.15673158096887763,-0.08659060408313612,False
2020-11-18,MITT,AG Mortgage Investment Trust Inc,주택 및 상업용 리츠,8.94,10.02,8.91,9.57,7.769165,1885767.0,12.578529593846532,8.298,9.080599986666666,14.01629999,0.0008999999999996788,-0.09682499749999884,0.4885714285714285,1.719298245614035,0.2932695544849379,2.3564734923651325,0.026150859045323438,-0.06936912266087074,False
2020-11-19,MITT,AG Mortgage Investment Trust Inc,주택 및 상업용 리츠,9.63,9.66,8.94,9.36,7.598681,593467.0,9.161569260906699,8.326799999999999,9.086799986666668,13.819049985000001,0.003100000000000769,-0.0986250024999995,0.5207142857142857,-0.4032921810699605,0.2896730541564113,-0.6267044701189878,-0.04357441054763488,-0.0746407839512552,False
2020-11-20,MITT,AG Mortgage Investment Trust Inc,주택 및 상업용 리츠,9.42,9.48,9.06,9.24,7.501263,386733.0,8.010363102902684,8.355,9.092399986666667,13.62299998,0.0027999999999996916,-0.0980250025000009,0.5207142857142857,-0.23045267489711785,0.21721214880661735,0.17162146337717443,-0.03861483781629239,-0.07978753603150764,False
2020-11-23,MITT,AG Mortgage Investment Trust Inc,주택 및 상업용 리츠,9.42,10.08,9.21,9.96,8.085777,790333.0,14.667791618027447,8.3874,9.105599986666666,13.430399979999999,0.006599999999999717,-0.09630000000000027,0.5592857142857142,1.2873563218390818,0.22455078717973848,0.9386381371835477,0.012410630412608195,-0.06730507016157508,False
2020-11-24,MITT,AG Mortgage Investment Trust Inc,주택 및 상업용 리츠,10.14,10.98,10.08,10.53,8.548516,898367.0,18.003899428501356,8.434199999999999,9.124799986666666,13.24094999,0.009599999999999831,-0.09472499499999909,0.5957142857142858,0.9568345323740981,0.3071818252064595,-0.11876900940828583,0.09826891028102988,-0.06707172417796918,False
2020-11-25,MITT,AG Mortgage Investment Trust Inc,주택 및 상업용 리츠,10.77,10.77,9.9,10.32,8.378034,759433.0,14.761819917620244,8.4714,9.145199986666666,13.05,0.010200000000000209,-0.09547499500000001,0.6407142857142857,-0.3277591973244133,0.2556014398844945,-0.20998645655870934,0.12360773866670016,-0.06393893970824821,False
2020-11-27,MITT,AG Mortgage Investment Trust Inc,주택 및 상업용 리츠,10.5,10.59,9.99,10.47,8.499807,411800.0,15.025566728987227,8.5164,9.159199986666668,12.858299995,0.007000000000000561,-0.09585000250000064,0.647142857142857,0.23178807947019928,0.3445261523278547,0.04792092317280852,0.1983164267416108,-0.0638088168347334,False
2020-11-30,MITT,AG Mortgage Investment Trust Inc,주택 및 상업용 리츠,10.41,10.47,9.54,9.54,7.74481,724367.0,4.790370835785218,8.5404,9.160399986666667,12.660899995,0.0005999999999994898,-0.09870000000000001,0.6449999999999998,-1.4418604651162819,0.19097432135245423,-1.0310875281403282,0.11438258515432029,-0.07580862611422563,False
2020-12-01,MITT,AG Mortgage Investment Trust Inc,주택 및 상업용 리츠,9.75,10.2,9.69,9.75,7.915294,461867.0,5.414195154889856,8.572799999999999,9.156799986666666,12.462900005,-0.0018000000000002458,-0.09899999499999979,0.6707142857142855,0.31309904153354773,0.21883304409935583,-0.6698912690083949,0.0672162809716232,-0.07668553065849783,False
2020-12-02,MITT,AG Mortgage Investment Trust Inc,주택 및 상업용 리츠,9.66,10.08,9.54,9.99,8.11013,377367.0,7.309163821616993,8.61,9.159599986666667,12.265350004999998,0.00140000000000029,-0.09877500000000072,0.692142857142857,0.34674922600619235,0.2544704111743324,0.1861489951765656,0.11789201770961279,-0.07463943703464991,False
2020-12-03,MITT,AG Mortgage Investment Trust Inc,주택 및 상업용 리츠,10.14,10.38,9.87,10.05,8.158839,364733.0,7.328253270534524,8.6502,9.168999986666666,12.065700005000002,0.004699999999999704,-0.09982499999999828,0.7050000000000001,0.0851063829787241,0.31431287939017044,0.14411278940277228,0.148044084756086,-0.07660637094125461,False
2020-12-04,MITT,AG Mortgage Investment Trust Inc,주택 및 상업용 리츠,10.32,10.35,10.05,10.2,8.280615,429733.0,7.228632508935284,8.6862,9.178999986666668,11.868899999999998,0.005000000000000782,-0.0984000025000018,0.7050000000000001,0.2127659574468065,0.28456662755450884,-0.6609399574529822,0.10366800053236962,-0.08013001105576366,False
2020-12-07,MITT,AG Mortgage Investment Trust Inc,주택 및 상업용 리츠,10.26,10.35,9.75,9.99,8.11013,393900.0,4.416987223154778,8.715,9.187799986666667,11.672399995000001,0.004399999999999515,-0.0982500024999986,0.7178571428571429,-0.2925373134328345,0.23106240951427542,-0.09045662560999676,0.1051363008507027,-0.07787925531005156,False
2020-12-08,MITT,AG Mortgage Investment Trust Inc,주택 및 상업용 리츠,9.9,10.29,9.9,10.17,8.256261,321767.0,5.2121098555019785,8.7468,9.200799986666667,11.484149995000001,0.00649999999999995,-0.09412500000000001,0.6942857142857142,0.2592592592592589,0.19402537247723833,-0.03628581627763955,0.02862819057876267,-0.0775846707607701,False
2020-12-09,MITT,AG Mortgage Investment Trust Inc,주택 및 상업용 리츠,10.26,10.29,9.75,9.84,7.988358,438933.0,1.9754821434526226,8.775599999999999,9.210599986666667,11.291699985000001,0.0049000000000001265,-0.09622500499999997,0.6407142857142857,-0.5150501672240804,0.0344290572745158,0.33006505509408224,-0.11611526922631234,-0.07279978577907013,False
2020-12-10,MITT,AG Mortgage Investment Trust Inc,주택 및 상업용 리츠,9.75,9.93,9.63,9.75,7.915294,325767.0,0.5214936493372901,8.805,9.232399986666668,11.108699995,0.010900000000000354,-0.09149999500000039,0.6107142857142855,-0.1473684210526314,0.052709325847182166,-0.009547639293187998,-0.07203263845304093,-0.057331280532610204,False
2020-12-11,MITT,AG Mortgage Investment Trust Inc,주택 및 상업용 리츠,9.75,9.84,9.45,9.63,7.817875,410633.0,-1.28527953881169,8.8248,9.255399986666667,10.932299995000001,0.011499999999999844,-0.08819999999999961,0.6085714285714283,-0.1971830985915481,0.055085724154722855,-0.06437476655402918,-0.08888951201955546,-0.056066604035805316,False
2020-12-14,MITT,AG Mortgage Investment Trust Inc,주택 및 상업용 리츠,9.81,10.02,9.45,9.45,7.671745,342933.0,-3.2477138636380465,8.839799999999999,9.279399986666668,10.741949995,0.012000000000000455,-0.09517500000000023,0.5871428571428571,-0.306569343065696,-0.058766109052761265,0.13715509827671568,-0.14613830051290064,-0.06020731227403045,False
2020-12-15,MITT,AG Mortgage Investment Trust Inc,주택 및 상업용 리츠,9.54,9.69,9.45,9.66,7.842228,264867.0,-2.9006639704668102,8.856,9.301799986666667,10.555200005,0.011199999999999655,-0.09337499500000046,0.5314285714285714,0.3951612903225823,-0.09888562634215525,-0.9598467895756821,-0.20621528481057178,-0.07471907865468891,False
2020-12-16,MITT,AG Mortgage Investment Trust Inc,주택 및 상업용 리츠,9.72,9.78,9.51,9.75,7.915294,345733.0,-2.559726095415449,8.88,9.321999986666667,10.366499995,0.010099999999999554,-0.0943500049999999,0.48857142857142855,0.18421052631578919,-0.062316360367855074,-0.002199986655681885,-0.1913733941032127,-0.07363753462973872,False
2020-12-17,MITT,AG Mortgage Investment Trust Inc,주택 및 상업용 리츠,9.66,9.9,9.48,9.9,8.037066,415000.0,-1.585515509910873,8.907,9.338399986666667,10.17944999,0.00820000000000043,-0.09352500249999984,0.4757142857142857,0.3153153153153161,-0.056350129236061024,-0.2803172639084439,-0.21481897889473073,-0.07848664968841479,False
2020-12-18,MITT,AG Mortgage Investment Trust Inc,주택 및 상업용 리츠,9.84,9.96,9.45,9.45,7.671745,372067.0,-5.613364752521132,8.9274,9.347199986666666,9.994049995000001,0.004399999999999515,-0.09269999749999958,0.44571428571428573,-1.009615384615387,-0.025475480628854248,-0.6420215640229954,-0.18702855288634979,-0.07780031880839432,False
2020-12-21,MITT,AG Mortgage Investment Trust Inc,주택 및 상업용 리츠,9.63,9.66,9.09,9.3,7.549972,512067.0,-6.608316498731148,8.9448,9.351399986666667,9.830999994999999,0.002100000000000435,-0.08152500000000096,0.43928571428571433,-0.3414634146341431,-0.07222994178368931,0.05328994953628824,-0.13537275156172957,-0.08397545372964005,False
2020-12-22,MITT,AG Mortgage Investment Trust Inc,주택 및 상업용 리츠,9.3,9.36,8.85,9.18,7.452553,542233.0,-7.114635546616343,8.962200000000001,9.353599986666666,9.666899995,0.0010999999999992127,-0.08204999999999973,0.4371428571428571,-0.2745098039215709,-0.11660558677852954,-0.06418424628437946,-0.1532536973803685,-0.08030271751791491,False
2020-12-23,MITT,AG Mortgage Investment Trust Inc,주택 및 상업용 리츠,9.06,10.05,9.0,9.75,7.915294,686133.0,-0.9510083770509659,8.991,9.361799986666666,9.513149995,0.004100000000000215,-0.07687500000000025,0.4757142857142856,1.198198198198199,-0.037099028548567045,1.1224540785727606,-0.08337217672536934,-0.07342149617940796,False
2020-12-24,MITT,AG Mortgage Investment Trust Inc,주택 및 상업용 리츠,9.87,9.87,9.36,9.54,7.74481,200467.0,-2.940182354415588,9.015,9.368999986666665,9.407999995,0.0035999999999996035,-0.05257499999999915,0.49071428571428566,-0.4279475982532769,-0.08286428252714442,-0.800570169882165,-0.09334576332745381,-0.0775767010183521,False
2020-12-28,MITT,AG Mortgage Investment Trust Inc,주택 및 상업용 리츠,9.48,10.02,9.45,9.57,7.769165,582867.0,-2.8994774936106804,9.0408,9.374799986666666,9.289949994999999,0.0029000000000003467,-0.05902500000000099,0.48857142857142855,0.06140350877193215,-0.05758279522680395,-0.8295971496848534,-0.14614151504708642,-0.0804917267520292,False
2020-12-29,MITT,AG Mortgage Investment Trust Inc,주택 및 상업용 리츠,9.69,9.69,9.24,9.33,7.574326,419467.0,-4.887437412687124,9.062999999999999,9.380799986666668,9.21434999,0.003000000000001002,-0.03780000249999915,0.4928571428571429,-0.48695652173913084,-0.11088392244097466,-0.25888010803206596,-0.16204110731525972,-0.07550256383230838,False
2020-12-30,MITT,AG Mortgage Investment Trust Inc,주택 및 상업용 리츠,9.33,9.48,9.06,9.12,7.47596,442833.0,-6.765879308775147,9.083400000000001,9.387999986666667,9.15824999,0.0035999999999996035,-0.028050000000000352,0.4842857142857144,-0.43362831858407247,-0.10506807610954552,-0.5805481870920495,-0.22708491032855488,-0.07752355638623112,False
2020-12-31,MITT,AG Mortgage Investment Trust Inc,주택 및 상업용 리츠,9.03,9.15,8.79,8.85,7.254632,599100.0,-9.471786631176759,9.0978,9.397799986666667,9.15344999,0.0049000000000001265,-0.0023999999999997357,0.4885714285714288,-0.5526315789473673,-0.13401544453059808,-1.258714484654047,-0.31631111356861624,-0.0790726308735229,False
2021-01-04,MITT,AG Mortgage Investment Trust Inc,주택 및 상업용 리츠,8.94,8.94,8.31,8.43,6.910345,720700.0,-11.69136574865326,9.103200000000001,9.404199986666667,9.124349989999999,0.0031999999999996476,-0.014550000000000729,0.5057142857142859,-0.8305084745762707,-0.1792529713866497,0.5826531717516026,-0.2700948322610711,-0.07458806999847133,False
2021-01-05,MITT,AG Mortgage Investment Trust Inc,주택 및 상업용 리츠,8.46,8.64,8.34,8.43,6.910345,363933.0,-11.462151927735464,9.1068,9.412599986666665,9.09809999,0.004199999999999093,-0.01312499999999961,0.4864285714285716,0.0,-0.15735516116767143,-0.6794860476175446,-0.3284263426820897,-0.07372874797889532,False
2021-01-06,MITT,AG Mortgage Investment Trust Inc,주택 및 상업용 리츠,8.58,9.03,8.49,8.7,7.131671,564133.0,-8.455901316593284,9.1158,9.419799986666668,9.09944999,0.00360000000000138,0.0006750000000002032,0.5121428571428572,0.5271966527196643,-0.14792406385359413,0.004470984535726141,-0.25954650167413196,-0.0719387744202121,False
2021-01-07,MITT,AG Mortgage Investment Trust Inc,주택 및 상업용 리츠,8.85,8.97,8.55,8.85,7.254632,464900.0,-7.472984088837842,9.135,9.423799986666666,9.11159999,0.0019999999999988916,0.006075000000000053,0.522857142857143,0.28688524590163994,-0.14059015531174762,-0.9889923116716091,-0.33003166774669823,-0.08482611302552913,False
2021-01-08,MITT,AG Mortgage Investment Trust Inc,주택 및 상업용 리츠,8.94,8.94,8.61,8.79,7.205447,313400.0,-7.904688093779089,9.1506,9.410399986666667,9.11714999,-0.006699999999999484,0.00277499999999975,0.5164285714285716,-0.11618257261410882,-0.1714114330209923,-0.5805647422144947,-0.35147791619713037,-0.09454565304065059,False
2021-01-11,MITT,AG Mortgage Investment Trust Inc,주택 및 상업용 리츠,8.58,8.94,8.55,8.58,7.033303,336400.0,-8.780854816002803,9.1662,9.316199993333333,9.09779999,-0.047099996666666755,-0.009674999999999656,0.5078571428571428,-0.4135021097046396,-0.1288319133845103,0.14843974627254847,-0.295016394033163,-0.13017851950559384,False
2021-01-12,MITT,AG Mortgage Investment Trust Inc,주택 및 상업용 리츠,8.64,8.85,8.49,8.85,7.254632,341467.0,-5.375209727133045,9.184800000000001,9.259599993333334,9.08279999,-0.02829999999999977,-0.007500000000000284,0.49285714285714277,0.547826086956521,-0.06531123469946287,0.5100774539389744,-0.26238871514725687,-0.11430408479402641,False
2021-01-13,MITT,AG Mortgage Investment Trust Inc,주택 및 상업용 리츠,8.85,8.85,8.67,8.76,7.180856,268633.0,-5.99326455247462,9.2034,9.193200000000001,9.08534999,-0.03319999666666629,0.001274999999999693,0.4692857142857142,-0.19178082191780796,-0.059402021699194084,-0.39590383718684596,-0.2860829716402901,-0.1227795164865302,False
2021-01-14,MITT,AG Mortgage Investment Trust Inc,주택 및 상업용 리츠,8.7,9.27,8.64,9.09,7.451366,588133.0,-1.6426589525672997,9.2244,9.1584,9.08969999,-0.017400000000000304,0.00217500000000026,0.43928571428571406,0.7512195121951225,-0.09132907069941384,1.0848651942574103,-0.2887678919485294,-0.12746396738422613,False
2021-01-15,MITT,AG Mortgage Investment Trust Inc,주택 및 상업용 리츠,9.12,9.21,8.7,8.79,7.205447,309667.0,-3.602852708185289,9.2328,9.114,9.09914999,-0.022199999999999775,0.004725000000000534,0.43928571428571417,-0.6829268292682945,-0.10954187291477223,-0.07788340856488596,-0.23714740899729522,-0.12631753953158092,False
2021-01-19,MITT,AG Mortgage Investment Trust Inc,주택 및 상업용 리츠,8.85,8.97,8.67,8.76,7.180856,287400.0,-4.005844450540175,9.2418,9.0714,9.115649990000001,-0.021300000000000097,0.008250000000000313,0.41999999999999993,-0.07142857142856991,-0.11902987864337954,-0.752446688439392,-0.23163666176547654,-0.1282084070097814,False
2021-01-20,MITT,AG Mortgage Investment Trust Inc,주택 및 상업용 리츠,8.85,8.88,8.67,8.85,7.254632,308200.0,-3.8522339414543527,9.2502,9.0246,9.13544999,-0.02340000000000053,0.009899999999999132,0.4028571428571429,0.22340425531914856,-0.06828982313921671,-0.902435462862932,-0.27760490139625266,-0.1300007778047477,False
2021-01-21,MITT,AG Mortgage Investment Trust Inc,주택 및 상업용 리츠,8.79,9.54,8.79,9.33,7.648102,658500.0,1.5334004632312936,9.2748,8.99,9.15329999,-0.01729999999999965,0.008925000000000516,0.4264285714285715,1.1256281407035185,0.04308563823846836,1.099636962256405,-0.15759167644279165,-0.12114967792580227,False
2021-01-22,MITT,AG Mortgage Investment Trust Inc,주택 및 상업용 리츠,9.27,9.27,8.88,9.15,7.500551,433033.0,0.10138002847728256,9.2904,8.9632,9.16364999,-0.013399999999999856,0.005174999999999486,0.4328571428571428,-0.41584158415841527,0.052856352151964936,-0.1646290518095228,-0.07944271695389707,-0.11947560958684261,False
2021-01-25,MITT,AG Mortgage Investment Trust Inc,주택 및 상업용 리츠,9.12,10.08,8.94,9.93,8.139941,1058067.0,8.394995176615062,9.322199999999999,8.947600000000001,9.16199999,-0.007799999999999585,-0.0008249999999998536,0.4692857142857143,1.6621004566210031,0.23089984723748452,1.3386764779551883,-0.02544105222506952,-0.11055692003739577,False
2021-01-26,MITT,AG Mortgage Investment Trust Inc,주택 및 상업용 리츠,10.08,13.53,9.9,12.78,10.476179,6924167.0,37.56103235926898,9.4122,8.9562,9.17429999,0.0042999999999997485,0.006149999999999878,0.7071428571428571,4.03030303030303,0.5187786351162724,4.168468632970344,0.3208414249597797,-0.07939789739117524,False
2021-01-27,MITT,AG Mortgage Investment Trust Inc,주택 및 상업용 리츠,12.54,13.74,11.46,11.97,9.812197,2202433.0,30.535926665070345,9.491999999999999,8.9628,9.18449999,0.0032999999999994145,0.0051000000000005485,0.8271428571428571,-0.9792746113989623,0.41117354482208474,1.2490144926932683,0.4097373898281756,-0.06883185543994824,False
2021-01-28,MITT,AG Mortgage Investment Trust Inc,주택 및 상업용 리츠,11.67,11.85,10.35,10.74,8.803924,1069800.0,15.207117918614955,9.5424,8.969000000000001,9.19139999,0.003100000000000769,0.003449999999999953,0.9128571428571428,-1.3474178403755874,0.2944376100879971,-2.151550661756565,0.3266975076792501,-0.08840786594539686,False
2021-01-29,MITT,AG Mortgage Investment Trust Inc,주택 및 상업용 리츠,10.8,11.22,10.32,10.62,8.705557,639267.0,15.190785816338925,9.5868,8.972399999999999,9.20174999,0.0016999999999987025,0.005174999999999486,0.9535714285714285,-0.12584269662921455,0.2937476012297752,1.3634436009493098,0.46555524647666474,-0.07672912603719935,False
2021-02-01,MITT,AG Mortgage Investment Trust Inc,주택 및 상업용 리츠,10.83,10.83,10.23,10.47,8.582597,508900.0,10.836101013860766,9.6216,8.9782,9.21449999,0.0029000000000003467,0.006375000000000242,0.9685714285714286,-0.15486725663716666,0.3122215193060233,-1.3109840934634949,0.3613106864955188,-0.09097918153989216,False
2021-02-02,MITT,AG Mortgage Investment Trust Inc,주택 및 상업용 리츠,10.62,10.62,9.9,9.96,8.164535,546567.0,3.321045386799981,9.629399999999999,8.979800000000001,9.21779999,0.0008000000000008001,0.0016499999999997073,0.9942857142857143,-0.5129310344827583,0.23645315348893195,-1.4830331495620168,0.2189456433883052,-0.09726893693432775,False
2021-02-03,MITT,AG Mortgage Investment Trust Inc,주택 및 상업용 리츠,9.99,10.38,9.96,10.2,8.361269,488467.0,4.869262094911719,9.6462,8.984000000000002,9.22664999,0.002100000000000435,0.004425000000000345,1.0114285714285713,0.23728813559321882,0.267100936168291,0.16602599856544994,0.2590834887991834,-0.09146923167690614,False
2021-02-04,MITT,AG Mortgage Investment Trust Inc,주택 및 상업용 리츠,10.35,10.8,10.29,10.68,8.754742,429900.0,7.698037301064242,9.675,8.987000000000002,9.23804999,0.0015000000000000568,0.005700000000000038,1.0092857142857146,0.47558386411889625,0.2474126755914177,-0.28042204402942233,0.16156297177869536,-0.0947208685011078,False
2021-02-05,MITT,AG Mortgage Investment Trust Inc,주택 및 상업용 리츠,10.8,11.07,10.65,10.8,8.853109,427700.0,7.536463434221163,9.691799999999999,8.989600000000001,9.25214999,0.0012999999999996348,0.007049999999999557,1.002857142857143,0.11965811965812065,0.30474017194330455,-0.16326453304621594,0.15546432003002897,-0.09510955411151463,False
2021-02-08,MITT,AG Mortgage Investment Trust Inc,주택 및 상업용 리츠,11.04,11.19,10.8,11.13,9.123622,418600.0,8.861812580586825,9.7038,8.995999999999999,9.26954999,0.0031999999999987594,0.008700000000000152,1.0092857142857141,0.3269639065817411,0.33319677751546956,-0.217607925843869,0.193667088786852,-0.08939361791238193,False
2021-02-09,MITT,AG Mortgage Investment Trust Inc,주택 및 상업용 리츠,11.1,11.13,10.71,10.8,8.853109,405933.0,4.742674334711294,9.7134,9.004399999999999,9.28724999,0.0041999999999999815,0.008849999999999802,1.0242857142857142,-0.3221757322175733,0.2942267784057037,-0.2342500993853045,0.2413946147495397,-0.09167268280867033,False
2021-02-10,MITT,AG Mortgage Investment Trust Inc,주택 및 상업용 리츠,10.8,11.25,10.65,11.01,9.025254,493633.0,5.837177625183565,9.7242,9.014,9.300449989999999,0.0048000000000003595,0.006599999999999717,1.0135714285714283,0.2071881606765319,0.22862392268949042,0.2332805789147596,0.17951201593942215,-0.08720643060899917,False
2021-02-11,MITT,AG Mortgage Investment Trust Inc,주택 및 상업용 리츠,11.01,11.34,10.56,10.8,8.853109,372733.0,2.7610614467922012,9.749400000000001,9.023,9.30764999,0.0045000000000001705,0.0036000000000004917,1.037142857142857,-0.20247933884297437,0.24386408306916474,-0.3258958887416492,0.167992956158556,-0.09073047263467406,False
2021-02-12,MITT,AG Mortgage Investment Trust Inc,주택 및 상업용 리츠,10.86,12.0,10.74,11.28,9.246581,973400.0,5.894113475373408,9.78,9.0348,9.31259999,0.00590000000000046,0.002475000000000449,1.0457142857142856,0.4590163934426217,0.15792950712785178,0.09352135855883303,0.07905330477310203,-0.08647045021251105,False
2021-02-16,MITT,AG Mortgage Investment Trust Inc,주택 및 상업용 리츠,11.37,11.4,10.92,11.22,9.197397,549900.0,4.387446920903226,9.8046,9.0466,9.320849990000001,0.005899999999999572,0.004125000000000156,0.8207142857142856,-0.07310704960835354,-0.13517121286581849,-0.028949438602547485,-0.22076227176781882,-0.08967577766333229,False
2021-02-17,MITT,AG Mortgage Investment Trust Inc,주택 및 상업용 리츠,11.34,11.34,10.86,10.98,9.00066,473367.0,1.284902606608318,9.8232,9.0566,9.33254999,0.004999999999999893,0.005849999999999689,0.6921428571428571,-0.3467492260061923,-0.08999082819490634,-0.31857999802941817,-0.3327333068194393,-0.08733311205497328,False
2021-02-18,MITT,AG Mortgage Investment Trust Inc,주택 및 상업용 리츠,10.86,10.92,10.23,10.29,8.435045,746433.0,-5.228550657585362,9.825,9.055399999999999,9.340499990000001,-0.000600000000000378,0.003975000000000506,0.6299999999999999,-1.0952380952380976,-0.0719779892565142,-0.6852423436882971,-0.22799699838599155,-0.09651491325075949,False
2021-02-19,MITT,AG Mortgage Investment Trust Inc,주택 및 상업용 리츠,11.4,12.81,11.31,12.12,9.935156,2565100.0,10.477434235675798,9.8676,9.068,9.35774999,0.006300000000000416,0.008624999999999439,0.7457142857142857,2.454022988505747,0.11229813111026878,2.6469359844354736,-0.13631897099412274,-0.0781682496438678,False
2021-02-22,MITT,AG Mortgage Investment Trust Inc,주택 및 상업용 리츠,12.15,13.32,11.85,12.81,10.500771,1393000.0,15.775044695947994,9.920399999999999,9.089599999999999,9.38069999,0.010799999999999699,0.011474999999999902,0.8078571428571429,0.8541114058355452,0.18436803557260534,1.7193893539544987,0.08013627525001968,-0.05978845589015053,False
2021-02-23,MITT,AG Mortgage Investment Trust Inc,주택 및 상업용 리츠,12.36,13.92,11.7,13.68,11.213939,1371567.0,21.46383515171706,9.9972,9.117199999999999,9.40724999,0.013799999999999812,0.013275000000000148,0.9150000000000001,0.9508196721311465,0.2889216574735985,0.817117128885724,0.2444327237105726,-0.05037690959349137,False
2021-02-24,MITT,AG Mortgage Investment Trust Inc,주택 및 상업용 리츠,13.92,14.88,13.8,14.43,11.828737,1511133.0,25.91209123231968,10.0908,9.1492,9.44699999,0.016000000000000902,0.019874999999999865,0.970714285714286,0.7726269315673288,0.32716014290032064,-0.35263986321545315,0.2073851621547938,-0.05274229213547374,False
2021-02-25,MITT,AG Mortgage Investment Trust Inc,주택 및 상업용 리츠,14.34,14.49,12.96,13.29,10.894242,990700.0,18.30892310744443,10.164,9.1736,9.48254999,0.012199999999999989,0.01777500000000032,1.0371428571428571,-1.0991735537190088,0.21467747019761316,1.080052801493288,0.3045619368349874,-0.04284843566690559,False
2021-02-26,MITT,AG Mortgage Investment Trust Inc,주택 및 상업용 리츠,13.29,13.68,12.72,13.29,10.894242,625800.0,17.568250237965355,10.2408,9.1992,9.519749990000001,0.012799999999999478,0.018600000000000172,1.0757142857142858,0.0,0.20613046165060453,0.3823591829040445,0.34353505940286316,-0.04418691714990745,False
2021-03-01,MITT,AG Mortgage Investment Trust Inc,주택 및 상업용 리츠,13.5,13.68,13.05,13.05,10.697508,416267.0,11.847353946825322,10.308599999999998,9.223199999999999,9.553499989999999,0.011999999999999567,0.016874999999998863,1.092857142857143,-0.21960784313725346,0.16708962238496208,-1.9339701504973859,0.22093775764189763,-0.06000529985361324,False
2021-03-02,MITT,AG Mortgage Investment Trust Inc,주택 및 상업용 리츠,13.08,13.47,12.9,13.26,10.869652,321100.0,13.337921336735992,10.378799999999998,9.25,9.586199989999999,0.013400000000000745,0.016350000000000087,1.1035714285714286,0.19029126213592149,0.203694407695926,0.7691504484397591,0.2926092253436879,-0.04895955968326256,False
2021-03-03,MITT,AG Mortgage Investment Trust Inc,주택 및 상업용 리츠,13.41,13.59,13.02,13.17,10.795876,471467.0,12.487039531482091,10.4442,9.2754,9.61484999,0.012699999999999712,0.014325000000000365,1.1014285714285716,-0.08171206225680919,0.18305867748640162,0.8358140739191574,0.3356473321297163,-0.047930486490965526,False
2021-03-04,MITT,AG Mortgage Investment Trust Inc,주택 및 상업용 리츠,13.08,13.2,11.61,12.39,10.156486,846133.0,6.1820210813057,10.503,9.2968,9.63614999,0.010699999999999932,0.010650000000000048,1.1592857142857145,-0.6728280961182987,0.14946233768102132,0.1650311162110608,0.3707135467691956,-0.0385137360108673,False
2021-03-05,MITT,AG Mortgage Investment Trust Inc,주택 및 상업용 리츠,12.6,12.66,11.13,12.21,10.008932,616700.0,1.9475773277108255,10.561200000000001,9.320400000000001,9.653849990000001,0.01180000000000092,0.00885000000000069,1.1785714285714286,-0.1527272727272725,0.10576636152602889,-1.239562101629332,0.2754932996128981,-0.04279158186003334,False
2021-03-08,MITT,AG Mortgage Investment Trust Inc,주택 및 상업용 리츠,12.6,12.84,12.21,12.36,10.13189,361800.0,3.002963900761557,10.624799999999999,9.347,9.67139999,0.013299999999999201,0.008774999999999089,1.1892857142857143,0.12612612612612492,0.11999730264992019,0.41977849989189087,0.3075452952196437,-0.032466580682248225,False
2021-03-09,MITT,AG Mortgage Investment Trust Inc,주택 및 상업용 리츠,12.54,12.6,12.03,12.39,10.156486,282967.0,1.2402806632070273,10.6776,9.376000000000001,9.69074999,0.014500000000000846,0.009675000000000544,1.195714285714286,0.02508960573476797,0.14655721920284592,-0.7094994166574812,0.27962247960335346,-0.02930774637075928,False
2021-03-10,MITT,AG Mortgage Investment Trust Inc,주택 및 상업용 리츠,12.63,12.87,12.39,12.81,10.500771,289500.0,3.1880614232666638,10.743,9.4086,9.71249999,0.016299999999999315,0.010874999999999524,1.1764285714285714,0.35701275045537334,0.2502894224666653,0.03826802898666437,0.33130179193727927,-0.025369942344980842,False
2021-03-11,MITT,AG Mortgage Investment Trust Inc,주택 및 상업용 리츠,12.84,12.99,12.48,12.63,10.35322,339700.0,0.07820170130647952,10.804200000000002,9.440999999999999,9.73214999,0.016199999999999548,0.009825000000000195,1.0328571428571427,-0.17427385892116157,0.06255393336474321,-0.7092786675730365,0.09157217393667146,-0.024056121127769014,False
2021-03-12,MITT,AG Mortgage Investment Trust Inc,주택 및 상업용 리츠,12.69,13.38,12.57,13.08,10.722098,572333.0,2.642752957077632,10.8792,9.4766,9.75539999,0.01780000000000026,0.01162500000000044,0.9857142857142855,0.45652173913043415,0.034154671457235275,0.40361015576383064,-0.0024120545055191234,-0.016982683125573748,False
2021-03-15,MITT,AG Mortgage Investment Trust Inc,주택 및 상업용 리츠,13.14,14.25,13.14,14.19,11.632001,546367.0,9.435289723241546,10.980599999999999,9.5152,9.78614999,0.019300000000000317,0.015374999999999694,0.9107142857142855,1.2188235294117644,0.05329780412013656,0.8655548831786097,0.0010477850868298602,-0.019933568952898495,False
2021-03-16,MITT,AG Mortgage Investment Trust Inc,주택 및 상업용 리츠,14.19,14.4,12.99,13.17,10.795876,704433.0,1.0014503137761421,11.067,9.5436,9.81509999,0.014199999999999768,0.014475000000000016,0.9257142857142854,-1.1018518518518519,-0.08059353755266206,-1.0122182843730392,-0.04606495928156914,-0.03134531485576804,False
2021-03-17,MITT,AG Mortgage Investment Trust Inc,주택 및 상업용 리츠,13.05,13.59,12.54,13.53,11.090979,390900.0,2.5117526184482486,11.169,9.571,9.845399989999999,0.013700000000000045,0.01514999999999933,0.8914285714285712,0.4038461538461533,0.026765012987706664,0.22826864503687352,-0.10690668474274159,-0.04037808339349071,False
2021-03-18,MITT,AG Mortgage Investment Trust Inc,주택 및 상업용 리츠,13.35,13.53,12.81,13.02,10.672915,363800.0,-0.913046116643057,11.2608,9.5968,9.87464999,0.012900000000000134,0.014625000000000554,0.874285714285714,-0.5833333333333333,-0.014901653678959998,0.32760934727611224,-0.11081738728759391,-0.026897059472639314,False
2021-03-19,MITT,AG Mortgage Investment Trust Inc,주택 및 상업용 리츠,12.96,13.32,12.69,13.32,10.918835,476800.0,0.9774550532750448,11.353200000000001,9.6258,9.903149990000001,0.014499999999999957,0.01425000000000054,0.8742857142857142,0.3431372549019616,0.025294424752412507,0.3823958610427886,0.054637327822418556,-0.02384829124665163,False
2021-03-22,MITT,AG Mortgage Investment Trust Inc,주택 및 상업용 리츠,13.23,13.35,12.84,12.87,10.549955,271467.0,-3.059191957897378,11.433600000000002,9.6488,9.92624999,0.011499999999999844,0.011549999999999727,0.8699999999999999,-0.5172413793103461,-0.02524362106517803,-0.9722014033867559,-0.0697449473080468,-0.03470825855170631,False
2021-03-23,MITT,AG Mortgage Investment Trust Inc,주택 및 상업용 리츠,13.14,13.14,12.33,12.54,10.279444,359633.0,-4.367502588948302,11.508600000000001,9.6718,9.93494999,0.011499999999999844,0.004349999999999632,0.887142857142857,-0.37198067632850257,-0.04597709349887042,0.1304611012854811,-0.12012730249616654,-0.02889374884669495,False
2021-03-24,MITT,AG Mortgage Investment Trust Inc,주택 및 상업용 리츠,12.75,13.35,12.24,12.24,10.033524,401033.0,-5.396247799610821,11.581800000000001,9.695,9.882599995,0.011600000000000499,-0.026174997500000075,0.8528571428571426,-0.3517587939698481,-0.02304357191683823,0.03669317333489325,-0.12929429841589277,-0.023906440326001824,False
2021-03-25,MITT,AG Mortgage Investment Trust Inc,주택 및 상업용 리츠,12.18,12.75,11.76,12.63,10.35322,421900.0,-2.539242507763406,11.6574,9.7216,9.859049995,0.01330000000000009,-0.011775000000000091,0.8142857142857142,0.4789473684210534,0.02207604530804219,0.07994634095086695,-0.03504369537445001,-0.02542232767508375,False
2021-03-26,MITT,AG Mortgage Investment Trust Inc,주택 및 상업용 리츠,12.78,12.96,12.24,12.6,10.328628,258367.0,-3.901878213641663,11.734200000000001,9.749600000000001,9.82845,0.014000000000000234,-0.015299997499999662,0.8207142857142857,-0.03655352480417893,0.010456070241591916,-1.2974164915897726,-0.1577004804802831,-0.02928736721593335,False
2021-03-29,MITT,AG Mortgage Investment Trust Inc,주택 및 상업용 리츠,12.51,12.66,12.15,12.27,10.058117,279200.0,-5.974371392471999,11.7978,9.7752,9.818249999999999,0.012799999999999478,-0.0051000000000005485,0.8164285714285714,-0.4041994750656169,-0.020207435529864145,-0.3329741930853645,-0.13080582165370336,-0.029117603959698878,False
2021-03-30,MITT,AG Mortgage Investment Trust Inc,주택 및 상업용 리츠,12.27,12.66,12.18,12.6,10.328628,233500.0,-2.7800704911660423,11.874,9.8,9.804,0.01240000000000041,-0.007124999999999382,0.8164285714285715,0.4041994750656169,-0.016836955200561034,0.6690165719215877,-0.08575235430120882,-0.021221791703077385,False
2021-03-31,MITT,AG Mortgage Investment Trust Inc,주택 및 상업용 리츠,12.51,12.72,12.09,12.09,10.054195,351400.0,-6.473724947445758,11.9406,9.822199999999999,9.7887,0.011099999999999,-0.007649999999999935,0.8250000000000002,-0.6181818181818178,-0.04854466657632219,-0.9331701063219877,-0.10174459992613391,-0.023560754603365448,False
2021-04-01,MITT,AG Mortgage Investment Trust Inc,주택 및 상업용 리츠,12.3,12.6,12.21,12.57,10.45337,189067.0,-3.658844437538855,12.015,9.85,9.7722,0.013900000000000468,-0.008250000000000313,0.8035714285714287,0.5973333333333337,-0.03848669556182936,-0.40634901210077023,-0.15959882620217683,-0.01515987894779206,False
2021-04-05,MITT,AG Mortgage Investment Trust Inc,주택 및 상업용 리츠,12.6,12.63,12.21,12.27,10.203887,286100.0,-7.054382575140461,12.073799999999999,9.8746,9.76095,0.012299999999999756,-0.005625000000000213,0.7500000000000001,-0.4000000000000009,-0.15411694766266976,-1.6085871946563373,-0.3363232603332445,-0.026341382254666968,False
2021-04-06,MITT,AG Mortgage Investment Trust Inc,주택 및 상업용 리츠,12.27,12.3,12.12,12.18,10.129041,190400.0,-7.29582278494183,12.134399999999998,9.8984,9.756,0.011900000000000688,-0.002474999999999561,0.6621428571428574,-0.13592233009708712,-0.08512198182304372,-0.05206781721889625,-0.26774108410794856,-0.021853515645605334,False
2021-04-07,MITT,AG Mortgage Investment Trust Inc,주택 및 상업용 리츠,12.21,12.45,12.06,12.27,10.203887,387933.0,-6.473365397840302,12.1812,9.9246,9.756,0.013099999999999667,0.0,0.6150000000000001,0.1463414634146339,-0.10351517399672365,0.01267950075480681,-0.2831403086995247,-0.02028467836061258,False
2021-04-08,MITT,AG Mortgage Investment Trust Inc,주택 및 상업용 리츠,12.21,12.21,12.03,12.12,10.079144,183333.0,-7.534153121696418,12.168000000000001,9.949000000000002,9.75915,0.012200000000000877,0.001574999999999882,0.5807142857142858,-0.2583025830258308,-0.08029869183190207,-0.6707714516939166,-0.35445322291166964,-0.019769210126416983,False
2021-04-09,MITT,AG Mortgage Investment Trust Inc,주택 및 상업용 리츠,12.09,12.18,12.03,12.12,10.079144,132167.0,-7.8527417406412,12.171000000000001,9.9734,9.764850000000001,0.0121999999999991,0.0028500000000004633,0.5464285714285716,0.0,-0.10480849575347073,-0.7700126380647866,-0.4367681157050679,-0.012514082309501488,False
2021-04-12,MITT,AG Mortgage Investment Trust Inc,주택 및 상업용 리츠,12.12,12.27,12.0,12.27,10.203887,218067.0,-6.186614678588831,12.201600000000001,9.9988,9.77715,0.012699999999999712,0.006149999999999878,0.5292857142857145,0.28340080971659976,-0.04761976796583175,0.3040152182128749,-0.3456097855908085,-0.03203472916732768,False
2021-04-13,MITT,AG Mortgage Investment Trust Inc,주택 및 상업용 리츠,12.15,12.24,11.85,12.15,10.104092,227867.0,-6.462067891130463,12.2322,10.025,9.78735,0.013100000000000556,0.00509999999999966,0.5014285714285716,-0.2393162393162377,-0.03814373675066997,-0.6014074140810173,-0.39788610811698705,-0.036413185546914216,False
2021-04-14,MITT,AG Mortgage Investment Trust Inc,주택 및 상업용 리츠,12.06,12.24,11.7,11.73,9.754814,275833.0,-8.626170481213224,12.2574,10.049000000000001,9.798,0.012000000000000455,0.005325000000000024,0.4607142857142859,-0.9116279069767437,-0.07813438767973394,-0.44101250790413493,-0.4320079424912033,-0.05010264198380441,False
2021-04-15,MITT,AG Mortgage Investment Trust Inc,주택 및 상업용 리츠,11.79,11.85,11.31,11.55,9.605124,306100.0,-10.098391692003139,12.289200000000001,10.072199999999999,9.80715,0.011599999999998722,0.004574999999999996,0.4285714285714287,-0.4199999999999992,-0.14234491399552343,-1.7370465771882646,-0.5617931509297127,-0.052869286912836405,False
2021-04-16,MITT,AG Mortgage Investment Trust Inc,주택 및 상업용 리츠,11.49,11.61,11.34,11.46,9.530279,183933.0,-10.26438768323299,12.314400000000001,10.0958,9.816600000000001,0.01180000000000092,0.004725000000000534,0.39642857142857146,-0.22702702702702665,-0.15595016415429824,-0.707385382977921,-0.5196480717431519,-0.061760006525660625,False
2021-04-19,MITT,AG Mortgage Investment Trust Inc,주택 및 상업용 리츠,11.4,11.52,10.92,11.07,9.20595,297567.0,-11.778795288097143,12.322199999999999,10.1174,9.8208,0.010799999999999699,0.0020999999999995467,0.4028571428571429,-0.96808510638298,-0.19622770924839564,-0.25336352969979115,-0.5139615957870395,-0.06173309306924639,False
2021-04-20,MITT,AG Mortgage Investment Trust Inc,주택 및 상업용 리츠,11.1,11.13,10.62,10.74,8.931519,333267.0,-12.855874030790327,12.321,10.1334,9.82245,0.008000000000000007,0.0008249999999998536,0.40500000000000014,-0.8148148148148147,-0.2833001585255693,0.060026833466335305,-0.5574608628195575,-0.06598068090293766,False
2021-04-21,MITT,AG Mortgage Investment Trust Inc,주택 및 상업용 리츠,10.62,11.04,10.62,10.98,9.131104,215600.0,-10.869025952762424,12.318,10.152,9.8265,0.009299999999999642,0.0020249999999997215,0.39000000000000007,0.6153846153846159,-0.19518827041368117,-0.5406433045403201,-0.529423234120867,-0.065098812885085,False
2021-04-22,MITT,AG Mortgage Investment Trust Inc,주택 및 상업용 리츠,11.01,11.28,10.92,10.95,9.106157,214333.0,-9.521319583634346,12.321000000000002,10.168600000000001,9.83355,0.008300000000001084,0.0035250000000006665,0.37928571428571434,-0.0790960451977431,-0.24350465459447238,1.0559037042165573,-0.4249766115267721,-0.0643300424326634,False
2021-04-23,MITT,AG Mortgage Investment Trust Inc,주택 및 상업용 리츠,11.07,11.43,10.95,11.34,9.430487,178233.0,-6.484585767852269,12.3276,10.189400000000001,9.8424,0.010399999999999743,0.004424999999999457,0.3835714285714286,1.016759776536314,-0.1423075276990213,-0.32992730194733033,-0.33364376204755736,-0.06505509309168638,False
2021-04-26,MITT,AG Mortgage Investment Trust Inc,주택 및 상업용 리츠,11.4,11.61,11.37,11.43,9.505332,104933.0,-5.18992237546545,12.3402,10.21,9.8523,0.010299999999999976,0.00495000000000001,0.38999999999999996,0.23076923076923042,-0.1161152733514272,0.0068086951299342335,-0.3294382968797837,-0.07056356630072855,False
2021-04-27,MITT,AG Mortgage Investment Trust Inc,주택 및 상업용 리츠,11.52,11.73,11.46,11.67,9.704918,90900.0,-2.667078047898608,12.347999999999999,10.2336,9.8631,0.011799999999999145,0.005399999999999849,0.3835714285714286,0.6256983240223468,-0.08187549759373343,0.6526167842143838,-0.28372849091838537,-0.06587452872364585,False
2021-04-28,MITT,AG Mortgage Investment Trust Inc,주택 및 상업용 리츠,11.67,11.97,11.55,11.73,9.754814,166633.0,-1.4317949150663534,12.3582,10.257599999999998,9.8745,0.011999999999999567,0.005700000000000038,0.39642857142857146,0.15135135135135258,-0.05261450228107746,0.25690278285271156,-0.21746604559362623,-0.061229590239925975,False
2021-04-29,MITT,AG Mortgage Investment Trust Inc,주택 및 상업용 리츠,11.82,11.97,11.61,11.67,9.704918,219300.0,-2.1266094127634583,12.371999999999998,10.2818,9.885449999999999,0.01210000000000111,0.005474999999999675,0.41142857142857153,-0.1458333333333345,-0.06303116894774421,-0.9752116537410341,-0.23212311814192965,-0.07264002363347313,False
2021-04-30,MITT,AG Mortgage Investment Trust Inc,주택 및 상업용 리츠,11.67,11.97,11.55,11.85,9.854609,115800.0,0.6235929812993035,12.4032,10.304799999999998,9.892349999999999,0.011499999999998956,0.003449999999999953,0.42214285714285726,0.42639593908629364,-0.05281723113562322,1.2795489741665727,-0.16244213557380838,-0.06946706921826587,False
2021-05-03,MITT,AG Mortgage Investment Trust Inc,주택 및 상업용 리츠,11.85,12.12,11.79,12.03,10.004299,184200.0,2.125174130385288,12.401399999999999,10.328,9.90135,0.011600000000000499,0.004500000000001059,0.41571428571428587,0.4329896907216486,-0.004795378990059916,0.11246167566617232,-0.11145148630615198,-0.06644667763715285,False
2021-05-04,MITT,AG Mortgage Investment Trust Inc,주택 및 상업용 리츠,12.09,12.09,11.34,11.61,9.655021,311500.0,-0.41969240474707403,12.3774,10.3482,9.91155,0.010100000000000442,0.00509999999999966,0.43071428571428577,-0.9751243781094524,-0.009330841213824825,-0.24257856727797555,-0.09727763340428344,-0.06339746474448027,False
2021-05-05,MITT,AG Mortgage Investment Trust Inc,주택 및 상업용 리츠,11.55,11.73,11.25,11.7,9.729867,305300.0,0.6412228917381357,12.3378,10.3702,9.92235,0.01100000000000012,0.005399999999999849,0.4264285714285716,0.21105527638190913,0.0357445356705972,0.13111373433443096,0.036162388847337655,-0.06124335566091592,False
2021-05-06,MITT,AG Mortgage Investment Trust Inc,주택 및 상업용 리츠,12.3,12.69,11.49,12.57,10.45337,883133.0,7.184580243940486,12.300600000000001,10.3988,9.937050000000001,0.014299999999999535,0.007350000000000634,0.492857142857143,1.7652173913043494,0.1780477084085526,0.8951168213828148,0.15062683201596164,-0.05031047260431443,False
2021-05-07,MITT,AG Mortgage Investment Trust Inc,주택 및 상업용 리츠,12.24,12.48,12.03,12.27,10.203887,285133.0,3.9287229503047083,12.2802,10.423,9.95025,0.012100000000000222,0.006599999999999717,0.4885714285714288,-0.6140350877192994,0.20333699545595837,-1.404095681443846,0.06843167831995774,-0.06342185179141623,False
2021-05-10,MITT,AG Mortgage Investment Trust Inc,주택 및 상업용 리츠,12.15,12.33,11.64,11.64,9.679971,355000.0,-0.021308075240089597,12.2472,10.4426,9.9612,0.009800000000000253,0.005474999999999675,0.5014285714285716,-1.2564102564102542,0.17179446391342698,-0.1368696536236047,0.05436764352781915,-0.06897363441974297,False
2021-05-11,MITT,AG Mortgage Investment Trust Inc,주택 및 상업용 리츠,11.67,11.88,11.37,11.82,9.829659,224067.0,2.5734191067169565,12.2226,10.462399999999999,9.973049999999999,0.009899999999999132,0.005924999999999514,0.5078571428571431,0.3544303797468347,0.15315487565358546,1.2304856482054276,0.1808768544382297,-0.05662396289848074,False
2021-05-12,MITT,AG Mortgage Investment Trust Inc,주택 및 상업용 리츠,11.7,11.76,11.1,11.16,9.280796,406033.0,-0.8576705857612832,12.180600000000002,10.479800000000001,9.982650000000001,0.00870000000000104,0.004800000000001248,0.5335714285714289,-1.236947791164658,0.07045117951309154,0.7743408208218763,0.1607652199100382,-0.05148490248803695,False
2021-05-13,MITT,AG Mortgage Investment Trust Inc,주택 및 상업용 리츠,11.25,11.85,11.25,11.73,9.754814,247067.0,2.799223317202282,12.151799999999998,10.501000000000001,9.9945,0.010600000000000165,0.005924999999999514,0.5485714285714288,1.0390625,0.07204423118906911,-0.061320199051399404,0.1799514415454618,-0.04579750570817591,False
2021-05-14,MITT,AG Mortgage Investment Trust Inc,주택 및 상업용 리츠,12.0,12.36,11.91,12.15,10.104092,498200.0,4.5889536486045435,12.147,10.525799999999998,10.00935,0.012399999999998634,0.007424999999999571,0.5742857142857145,0.7313432835820891,0.10779952067570187,-0.5209161261605965,0.14225681145328103,-0.04425582324407744,False
2021-05-17,MITT,AG Mortgage Investment Trust Inc,주택 및 상업용 리츠,12.0,12.69,11.97,12.6,10.478317,371067.0,8.024597041573166,12.1548,10.5536,10.029000000000002,0.013900000000000468,0.009825000000001083,0.6042857142857143,0.7446808510638285,0.11629827260723628,0.9559086994849426,0.16392051968689242,-0.034339381149213824,False
2021-05-18,MITT,AG Mortgage Investment Trust Inc,주택 및 상업용 리츠,12.63,12.96,12.48,12.51,10.403474,587067.0,7.344309371860058,12.157800000000002,10.5816,10.0497,0.014000000000000234,0.010349999999998971,0.6085714285714287,-0.14788732394366172,0.09492408151473528,0.5384459291533203,0.1840307444226502,-0.02215656715347004,False
2021-05-19,MITT,AG Mortgage Investment Trust Inc,주택 및 상업용 리츠,12.12,12.81,12.09,12.75,10.603061,309967.0,8.826648232731893,12.165,10.6112,10.07325,0.014800000000000146,0.011775000000000091,0.6342857142857143,0.3783783783783787,0.13236777520842907,0.60585238037094,0.2969638897163626,-0.02083980715965435,False
2021-05-20,MITT,AG Mortgage Investment Trust Inc,주택 및 상업용 리츠,12.78,12.93,12.6,12.69,10.553163,242033.0,6.4298899625280015,12.1626,10.6402,10.0971,0.014499999999999957,0.011924999999999741,0.6278571428571429,-0.0955631399317414,0.09508498384999799,-0.8871574893659564,0.142199142321182,-0.030265559718224384,False
2021-05-21,MITT,AG Mortgage Investment Trust Inc,주택 및 상업용 리츠,12.84,12.84,12.57,12.72,10.578112,152400.0,6.121215504620703,12.1644,10.6698,10.12185,0.014800000000000146,0.012375000000000469,0.6235714285714286,0.04810996563574066,0.06759357491529028,0.10684942342428293,0.14179826716104701,-0.029015586008328934,False
2021-05-24,MITT,AG Mortgage Investment Trust Inc,주택 및 상업용 리츠,12.75,12.75,12.39,12.6,10.478317,179900.0,3.5987754911172676,12.1548,10.699000000000002,10.14615,0.014600000000000612,0.012150000000000105,0.5957142857142858,-0.20143884892086497,0.12285682700018938,-0.9536283147598299,0.09100899948377172,-0.03403054745910236,False
2021-05-25,MITT,AG Mortgage Investment Trust Inc,주택 및 상업용 리츠,12.75,12.93,12.51,12.51,10.403474,256333.0,2.7240251949274485,12.121200000000002,10.7284,10.1667,0.014699999999999491,0.010275000000000034,0.5914285714285714,-0.15217391304347802,0.096911884898376,0.009846465530671006,0.08234705171207457,-0.038481143020842185,False
2021-05-26,MITT,AG Mortgage Investment Trust Inc,주택 및 상업용 리츠,12.51,12.84,12.51,12.75,10.603061,172900.0,4.0789016714321,12.1128,10.7592,10.1859,0.015399999999999636,0.009599999999999831,0.5292857142857142,0.45344129554655915,0.003213592344248141,0.30349395116229083,0.04008827526775143,-0.03507559441985901,False
2021-05-27,MITT,AG Mortgage Investment Trust Inc,주택 및 상업용 리츠,12.75,12.9,12.6,12.6,10.478317,328600.0,2.334491735906985,12.0942,10.7888,10.201799999999999,0.014800000000000146,0.007949999999999235,0.5121428571428571,-0.29288702928870364,0.02615273937500498,-0.388647143809566,0.1126203136702,-0.039374489895911746,False
2021-05-28,MITT,AG Mortgage Investment Trust Inc,주택 및 상업용 리츠,12.81,12.93,12.66,12.78,10.628008,351900.0,3.3539039935430948,12.089400000000001,10.818999999999999,10.21995,0.015099999999999447,0.009075000000001054,0.4864285714285715,0.3700440528634355,0.14232804718026854,0.30394106660321635,0.14410679368640153,-0.0374157973769566,False
2021-06-01,MITT,AG Mortgage Investment Trust Inc,주택 및 상업용 리츠,12.93,13.05,12.66,12.84,10.677906,542567.0,3.5621939283821513,12.079799999999999,10.849599999999999,10.2393,0.01529999999999987,0.009674999999999656,0.4778571428571428,0.12556053811659298,0.12598020134953697,0.17057700313132407,0.06839903332396555,-0.03464077003986798,False
2021-06-02,MITT,AG Mortgage Investment Trust Inc,주택 및 상업용 리츠,12.87,13.02,12.72,12.78,10.628008,771867.0,2.496415839049826,12.078,10.882200000000001,10.256099999999998,0.01630000000000109,0.008399999999999075,0.4478571428571427,-0.13397129186602988,0.20476423701372473,-0.2839407275286976,-0.007192505843932586,-0.0349212570370332,False
2021-06-03,MITT,AG Mortgage Investment Trust Inc,주택 및 상업용 리츠,12.75,12.93,12.51,12.51,10.403474,565600.0,0.3977580018631244,12.0774,10.9122,10.2732,0.01499999999999968,0.008550000000000502,0.42857142857142844,-0.6299999999999992,0.08554548701372476,-0.23355228946115497,-0.019494798016057985,-0.041364838602321784,False
2021-06-04,MITT,AG Mortgage Investment Trust Inc,주택 및 상업용 리츠,12.69,12.69,12.18,12.57,10.45337,298633.0,0.02955897142287167,12.083999999999998,10.943999999999999,10.29225,0.01589999999999936,0.009525000000000006,0.41999999999999993,0.14285714285714407,0.04351076267622868,-0.8755062734449985,-0.04482266567922956,-0.05607581887593876,False
2021-06-07,MITT,AG Mortgage Investment Trust Inc,주택 및 상업용 리츠,12.6,13.2,12.54,13.14,10.927389,347700.0,4.280295228107778,12.094199999999999,10.9788,10.314750000000002,0.017400000000000304,0.011250000000001315,0.41571428571428576,1.3711340206185572,0.08825741764442359,1.4665026253374234,-0.008351670975480936,-0.04493993025479805,False
2021-06-08,MITT,AG Mortgage Investment Trust Inc,주택 및 상업용 리츠,13.2,14.46,13.14,14.37,11.950272,873567.0,12.847808008548123,12.129599999999998,11.0224,10.3446,0.02179999999999982,0.014924999999998967,0.4757142857142857,2.5855855855855827,0.2835054826107982,2.564005149240318,0.13633113045930462,-0.03017622462107879,False
2021-06-09,MITT,AG Mortgage Investment Trust Inc,주택 및 상업용 리츠,14.55,14.79,13.95,14.1,11.725737,912933.0,10.026118538755169,12.166199999999998,11.0628,10.372949999999998,0.020199999999999996,0.014174999999998938,0.48428571428571426,-0.5575221238938044,0.2166554467342137,-0.30756339311339287,0.07108714663899514,-0.0329078968760906,False
2021-06-10,MITT,AG Mortgage Investment Trust Inc,주택 및 상업용 리츠,14.07,14.85,13.98,14.01,11.650892,769800.0,7.82672890559335,12.194399999999998,11.1004,10.398600000000002,0.018800000000000594,0.012825000000002085,0.5228571428571428,-0.17213114754098335,0.21118630333355354,-0.8508796316014945,0.07367842219359955,-0.040075638299960165,False
2021-06-11,MITT,AG Mortgage Investment Trust Inc,주택 및 상업용 리츠,13.98,14.1,13.62,14.07,11.700788,352833.0,7.272417047629021,12.234000000000002,11.138800000000002,10.425149999999999,0.01920000000000055,0.013274999999998371,0.5378571428571428,0.1115537848605587,0.21571800470675487,-0.18956012561675054,0.05250631154781145,-0.032534139620297234,False
2021-06-14,MITT,AG Mortgage Investment Trust Inc,주택 및 상업용 리츠,14.1,14.34,13.68,13.71,11.401407,221300.0,3.815543369528762,12.2568,11.174000000000001,10.451699999999999,0.017599999999999838,0.013275000000000148,0.5592857142857143,-0.6436781609195392,0.18412948242113525,-0.9504205016511666,0.052735441055573117,-0.0351054092715844,False
2021-06-15,MITT,AG Mortgage Investment Trust Inc,주택 및 상업용 리츠,13.74,13.86,13.53,13.71,11.401407,298267.0,3.6873431107122823,12.285599999999999,11.2114,10.47735,0.01869999999999905,0.012825000000000308,0.5528571428571428,0.0,0.19499904763852655,0.35268064001791005,0.07722359637609019,-0.026100866938958724,False
2021-06-16,MITT,AG Mortgage Investment Trust Inc,주택 및 상업용 리츠,13.68,14.34,13.68,14.1,11.725737,378900.0,6.687690597766327,12.324000000000002,11.249600000000001,10.5048,0.019100000000000783,0.013724999999999987,0.5764285714285714,0.6765799256505556,0.21093752121738343,1.5409466150110256,0.16561307236528552,-0.01678779786609681,False
2021-06-17,MITT,AG Mortgage Investment Trust Inc,주택 및 상업용 리츠,14.1,14.46,13.35,13.65,11.351511,451200.0,3.1049323041216104,12.351599999999998,11.285,10.53135,0.017699999999999605,0.013275000000000148,0.6342857142857143,-0.7094594594594583,0.1811823476337581,-0.6433267913308391,0.14742166897090886,-0.021012889738631503,False
2021-06-18,MITT,AG Mortgage Investment Trust Inc,주택 및 상업용 리츠,13.5,13.62,13.05,13.05,10.852545,400567.0,-0.24512620759358228,12.3702,11.3168,10.554300000000001,0.015900000000000247,0.01147500000000079,0.6535714285714286,-0.9180327868852454,0.08917685908028088,0.8878074495923325,0.1891264106129886,-0.011605431280314027,False
2021-06-21,MITT,AG Mortgage Investment Trust Inc,주택 및 상업용 리츠,13.14,13.68,13.14,13.56,11.276665,211367.0,1.9802088387561145,12.399,11.354000000000001,10.5798,0.018600000000000172,0.012749999999999595,0.6707142857142856,0.7603833865814694,0.1345213482563435,-1.0432905685829499,0.10242158406196901,-0.01670726074254801,False
2021-06-22,MITT,AG Mortgage Investment Trust Inc,주택 및 상업용 리츠,13.5,13.62,13.29,13.29,11.05213,171033.0,-0.7610759925877009,12.419399999999998,11.3878,10.60395,0.016899999999999693,0.012074999999999392,0.6728571428571428,-0.4012738853503205,0.11542830586460844,-1.0430243697523596,0.04820132390313603,-0.023396258018757384,False
2021-06-23,MITT,AG Mortgage Investment Trust Inc,주택 및 상업용 리츠,13.35,13.83,13.35,13.56,11.276665,204300.0,1.028961756466651,12.4476,11.4222,10.630650000000001,0.017199999999999882,0.013350000000000861,0.6814285714285715,0.3962264150943416,0.18873019265706134,0.5402109191112034,0.10347012451544733,-0.01905476635757163,False
2021-06-24,MITT,AG Mortgage Investment Trust Inc,주택 및 상업용 리츠,13.56,13.71,13.44,13.62,11.326562,143467.0,0.64524760823923,12.4854,11.4548,10.6581,0.016300000000000203,0.013724999999999099,0.6642857142857145,0.09032258064515934,0.18497772392763387,-0.700986585583626,0.1159358165055454,-0.030626861778325944,False
2021-06-25,MITT,AG Mortgage Investment Trust Inc,주택 및 상업용 리츠,13.62,13.8,13.47,13.56,11.276665,204033.0,-0.39505607189227465,12.525599999999999,11.4814,10.68555,0.01330000000000009,0.013724999999999987,0.6407142857142859,-0.09364548494983076,0.08035061638703475,-0.5467384627082079,-0.02786711835485686,-0.04998160814548154,False
2021-06-28,MITT,AG Mortgage Investment Trust Inc,주택 및 상업용 리츠,13.65,13.68,12.99,13.14,10.927389,268267.0,-3.7373215675559734,12.5592,11.506599999999999,10.711649999999999,0.012599999999999056,0.013049999999999784,0.5957142857142859,-0.7050359712230213,-0.15469378052786556,-1.0290250528314953,-0.2845121327885578,-0.05266374536356493,False
2021-06-29,MITT,AG Mortgage Investment Trust Inc,주택 및 상업용 리츠,13.05,13.14,12.6,12.66,10.699206,172833.0,-7.124980634494937,12.591000000000001,11.529399999999999,10.7358,0.011400000000000077,0.01207500000000028,0.5742857142857145,-0.8358208955223885,-0.17457226421562153,-0.8751726575463282,-0.3250556516766246,-0.059642372836388284,False
2021-06-30,MITT,AG Mortgage Investment Trust Inc,주택 및 상업용 리츠,12.6,12.9,12.48,12.81,10.825975,124233.0,-6.066133871280821,12.6324,11.548399999999999,10.75815,0.009500000000000064,0.011175000000000601,0.5421428571428574,0.2766798418972337,-0.14251433639860606,0.08090263052808114,-0.2584997758102264,-0.06536060954742472,False
2021-07-01,MITT,AG Mortgage Investment Trust Inc,주택 및 상업용 리츠,13.02,13.05,12.69,12.87,10.876681,132967.0,-6.10981552260389,12.6702,11.564,10.78155,0.007800000000000473,0.011699999999999378,0.5335714285714289,0.11244979919678467,-0.1424503353745899,-0.6451985253166602,-0.2910453757887913,-0.06887013965348054,False
2021-07-02,MITT,AG Mortgage Investment Trust Inc,주택 및 상업용 리츠,12.96,12.96,12.6,12.63,10.673853,177900.0,-8.445860719868259,12.7038,11.5794,10.8024,0.007699999999999818,0.010425000000000573,0.5121428571428576,-0.46861924686192125,-0.12994612722761717,-1.5268946439155242,-0.3322221002362455,-0.07764952756919265,False
2021-07-06,MITT,AG Mortgage Investment Trust Inc,주택 및 상업용 리츠,12.66,12.69,12.18,12.3,10.394964,187967.0,-10.265051786425317,12.723000000000003,11.5916,10.822799999999999,0.006099999999999994,0.01019999999999932,0.5250000000000004,-0.6285714285714283,-0.17484408641129062,-0.3559510188949631,-0.38283864730145073,-0.08034200718297779,False
2021-07-07,MITT,AG Mortgage Investment Trust Inc,주택 및 상업용 리츠,12.27,12.3,12.0,12.03,10.166782,167867.0,-11.633990932939842,12.735,11.6082,10.84125,0.008300000000000196,0.009225000000000705,0.49928571428571467,-0.5407725321888435,-0.2617978333998191,-1.0108166647558992,-0.5651074529990882,-0.08020686809374827,False
2021-07-08,MITT,AG Mortgage Investment Trust Inc,주택 및 상업용 리츠,11.82,12.36,11.64,12.03,10.166782,315767.0,-10.068604539825543,12.7422,11.6234,10.860750000000001,0.007600000000000051,0.00975000000000037,0.47142857142857164,0.0,-0.21112215772414356,1.118335625474542,-0.4392744232272752,-0.06828535546386201,False
2021-07-09,MITT,AG Mortgage Investment Trust Inc,주택 및 상업용 리츠,12.21,12.87,12.21,12.84,10.851328,202067.0,-4.518876385450554,12.7644,11.642399999999999,10.884300000000001,0.009499999999999176,0.011775000000000091,0.4885714285714288,1.6578947368421055,-0.02712733460076135,0.17606514013999885,-0.4901131596167276,-0.0683525811641058,False
2021-07-12,MITT,AG Mortgage Investment Trust Inc,주택 및 상업용 리츠,12.36,12.36,11.94,12.21,10.318902,589433.0,-8.733288942850226,12.775200000000002,11.6568,10.90515,0.007200000000000983,0.010424999999999685,0.5078571428571432,-1.2405063291139211,-0.17004802857900353,-1.7393151822382058,-0.5398292034492459,-0.08090876764171231,False
2021-07-13,MITT,AG Mortgage Investment Trust Inc,주택 및 상업용 리츠,12.03,12.12,11.46,11.46,9.685063,533000.0,-13.184762616398082,12.7674,11.6652,10.920449999999999,0.0041999999999999815,0.0076499999999990465,0.5378571428571431,-1.3944223107569713,-0.24098720182233574,-0.868056391968832,-0.5273314907504225,-0.08228954387181799,False
2021-07-14,MITT,AG Mortgage Investment Trust Inc,주택 및 상업용 리츠,11.64,11.79,11.34,11.52,9.735771,431367.0,-11.96503629426715,12.757199999999997,11.6754,10.9353,0.00509999999999966,0.007425000000000459,0.5314285714285717,0.11290322580644915,-0.2612245724857566,-0.05425827965154825,-0.5697935763763333,-0.08204822156542833,False
2021-07-15,MITT,AG Mortgage Investment Trust Inc,주택 및 상업용 리츠,11.52,11.73,11.34,11.58,9.786477,256767.0,-10.192637142985106,12.7566,11.684800000000001,10.9503,0.004700000000000593,0.007500000000000284,0.5400000000000001,0.11111111111111201,-0.2597396774524743,0.5752404951662832,-0.47863449917991124,-0.0779713794891355,False
2021-07-16,MITT,AG Mortgage Investment Trust Inc,주택 및 상업용 리츠,11.52,11.79,11.46,11.49,9.710418,289033.0,-9.327902151458423,12.7524,11.695799999999998,10.96575,0.005499999999998728,0.00772499999999976,0.54,-0.16666666666666638,-0.264955476146534,0.8264354236151911,-0.38055065015681133,-0.07466224369899478,False
2021-07-19,MITT,AG Mortgage Investment Trust Inc,주택 및 상업용 리츠,11.19,11.22,10.68,11.01,9.304761,465667.0,-10.882831517204817,12.7212,11.704199999999998,10.9794,0.0041999999999999815,0.006825000000000081,0.5485714285714287,-0.8750000000000006,-0.2770957639163182,0.9055583125119827,-0.24236612406084865,-0.06856153735362698,False
2021-07-20,MITT,AG Mortgage Investment Trust Inc,주택 및 상업용 리츠,10.77,11.61,10.77,11.43,9.65971,245867.0,-7.967888046562798,12.704399999999998,11.7162,10.99335,0.0060000000000011156,0.006974999999999731,0.5700000000000001,0.7368421052631577,-0.16476269243163635,-0.7578278297304104,-0.23398435064542594,-0.07318455777480286,False
2021-07-21,MITT,AG Mortgage Investment Trust Inc,주택 및 상업용 리츠,11.58,11.91,11.52,11.58,9.786477,353100.0,-6.7548214109777405,12.703199999999999,11.7304,11.007749999999998,0.00709999999999944,0.007199999999999207,0.5742857142857144,0.26119402985074686,-0.16586882186352825,-0.5344066947547041,-0.27793501673705345,-0.07766163639501232,False
2021-07-22,MITT,AG Mortgage Investment Trust Inc,주택 및 상업용 리츠,11.34,11.49,11.04,11.07,9.355469,224733.0,-9.995138145832493,12.688200000000002,11.7398,11.01885,0.004700000000000593,0.005550000000001276,0.5871428571428572,-0.868613138686131,-0.23594474599802223,-1.0659455302417455,-0.30798837423170244,-0.07836896133278608,False
2021-07-23,MITT,AG Mortgage Investment Trust Inc,주택 및 상업용 리츠,11.08,11.2,10.65,10.78,9.110382,469100.0,-12.064072862944219,12.6806,11.746666666666666,11.03,0.003433333333332733,0.0055749999999994415,0.6007142857142856,-0.48275862068965675,-0.2369547012714319,-1.4583971889573728,-0.3030956988775487,-0.08807694268146402,False
2021-07-26,MITT,AG Mortgage Investment Trust Inc,주택 및 상업용 리츠,10.64,11.17,10.59,10.85,9.169541,239600.0,-10.553836488493374,12.663,11.753,11.041500000000001,0.003166666666666984,0.00575000000000081,0.6057142857142856,0.11556603773584954,-0.18380202510662633,-0.12523884784808842,-0.28661625808848623,-0.08704308657439498,False
2021-07-27,MITT,AG Mortgage Investment Trust Inc,주택 및 상업용 리츠,10.88,10.88,10.52,10.73,9.068126,152400.0,-10.100609645469094,12.6346,11.761533333333334,11.053000000000003,0.004266666666667085,0.00575000000000081,0.61,-0.19672131147540856,-0.15922693791280956,0.2673286453333174,-0.19532016451068507,-0.0809807518453529,False
2021-07-28,MITT,AG Mortgage Investment Trust Inc,주택 및 상업용 리츠,10.72,10.92,10.58,10.8,9.127285,238700.0,-8.662582329898516,12.598600000000001,11.771533333333334,11.06485,0.004999999999999893,0.005924999999998626,0.5828571428571429,0.12009803921568676,-0.15064850654026052,0.13960367961907302,-0.2652295892146472,-0.08040532697813434,False
2021-07-29,MITT,AG Mortgage Investment Trust Inc,주택 및 상업용 리츠,10.92,11.41,10.92,11.08,9.363919,361100.0,-5.857505200092672,12.57,11.7842,11.0787,0.00633333333333308,0.006924999999999848,0.5664285714285714,0.4943253467843621,-0.23376060583009936,0.03727089030326969,-0.27514346420298497,-0.07972895940088333,False
2021-07-30,MITT,AG Mortgage Investment Trust Inc,주택 및 상업용 리츠,10.93,11.17,10.74,10.9,9.211797,419200.0,-6.002452464899677,12.533,11.791866666666666,11.09165,0.003833333333332689,0.0064750000000000085,0.5328571428571428,-0.337801608579088,-0.1692816972204684,0.24506660292027155,-0.13340190812023656,-0.0855782092385666,False
2021-08-02,MITT,AG Mortgage Investment Trust Inc,주택 및 상업용 리츠,10.84,11.48,10.82,10.87,9.186444,163900.0,-5.326995871803575,12.4966,11.800733333333334,11.104299999999999,0.004433333333333955,0.00632499999999947,0.5264285714285714,-0.05698778833107408,-0.07375065990433287,0.13660390769994124,-0.06164045814389563,-0.07933038205468589,False
2021-08-03,MITT,AG Mortgage Investment Trust Inc,주택 및 상업용 리츠,10.79,10.81,10.54,10.74,9.076578,216800.0,-6.499279277482007,12.457,11.808533333333335,11.1166,0.0039000000000006807,0.006150000000000766,0.5178571428571429,-0.2510344827586187,-0.09974621051612342,-1.0835654557987149,-0.13516239929726467,-0.08102350409544495,False
2021-08-04,MITT,AG Mortgage Investment Trust Inc,주택 및 상업용 리츠,10.56,10.66,10.16,10.34,8.738531,295700.0,-8.839937433305344,12.411799999999998,11.815266666666666,11.127199999999998,0.0033666666666656297,0.005299999999999194,0.5314285714285714,-0.7526881720430115,-0.16144615931284653,-0.2701959902801864,-0.19555071968629822,-0.08109894331043244,False
2021-08-05,MITT,AG Mortgage Investment Trust Inc,주택 및 상업용 리츠,10.27,10.79,10.27,10.69,9.034322,256500.0,-5.638148159882772,12.375399999999999,11.825733333333334,11.140149999999998,0.005233333333333867,0.0064750000000000085,0.545,0.6422018348623846,-0.10366983777505719,-0.008261175058259074,-0.2551719053058304,-0.07728369656354049,False
2021-08-06,MITT,AG Mortgage Investment Trust Inc,주택 및 상업용 리츠,10.77,10.85,10.65,10.84,9.16109,138700.0,-3.540436157126081,12.337200000000001,11.838999999999999,11.153699999999999,0.006633333333332381,0.0067750000000001975,0.5014285714285714,0.29914529914529986,-0.01980231640753573,0.08574958502305444,-0.3137296715550395,-0.06832060276569316,False
2021-08-09,MITT,AG Mortgage Investment Trust Inc,주택 및 상업용 리츠,10.8,10.8,10.55,10.6,8.958262,229500.0,-4.848785955217538,12.297199999999998,11.853466666666666,11.165899999999999,0.007233333333333647,0.006099999999999994,0.4621428571428571,-0.5193199381761984,-0.10952817665320402,-0.381337801538766,-0.28683752668420776,-0.07474720925429561,False
2021-08-10,MITT,AG Mortgage Investment Trust Inc,주택 및 상업용 리츠,10.58,10.65,10.45,10.55,8.916006,149400.0,-4.928092534215711,12.2526,11.867600000000001,11.1774,0.007066666666667665,0.00575000000000081,0.4421428571428571,-0.11308562197091844,-0.1362624374976087,-0.26645706072257147,-0.267698267110484,-0.0719936826749958,False
2021-08-11,MITT,AG Mortgage Investment Trust Inc,주택 및 상업용 리츠,10.55,10.63,10.46,10.58,8.94136,109000.0,-4.297146903719284,12.2074,11.880133333333333,11.18905,0.0062666666666659765,0.005824999999999747,0.4157142857142856,0.07216494845360673,-0.06906400270191314,-0.12852930027705417,-0.20073996497014893,-0.07288035124041432,False
2021-08-12,MITT,AG Mortgage Investment Trust Inc,주택 및 상업용 리츠,10.63,10.67,10.3,10.42,8.80614,143700.0,-5.526125644086466,12.1602,11.890600000000001,11.2017,0.005233333333333867,0.006325000000000358,0.40285714285714275,-0.39716312056737635,-0.06295003840746453,-1.0886198104037876,-0.17432729507346428,-0.07354453456529551,False
2021-08-13,MITT,AG Mortgage Investment Trust Inc,주택 및 상업용 리츠,10.42,10.57,10.38,10.46,8.839945,110700.0,-4.710137009682502,12.119200000000001,11.901733333333334,11.21395,0.00556666666666672,0.006124999999999936,0.3749999999999999,0.10666666666666916,-0.06358570776954885,-0.1696912250905158,-0.17750246487649476,-0.07080537778446899,False
2021-08-16,MITT,AG Mortgage Investment Trust Inc,주택 및 상업용 리츠,10.4,10.44,10.17,10.33,8.73008,202600.0,-5.603524140555038,12.0744,11.9134,11.226600000000001,0.005833333333332469,0.006325000000000358,0.36999999999999983,-0.35135135135135365,-0.07463071061783065,-0.8118162767007315,-0.254584245021784,-0.07720708460429086,False
2021-08-17,MITT,AG Mortgage Investment Trust Inc,주택 및 상업용 리츠,10.24,10.26,10.05,10.25,8.662471,193900.0,-5.008252817940228,12.0166,11.922733333333333,11.23825,0.004666666666667041,0.005824999999999747,0.36571428571428555,-0.2187500000000003,-0.09883414199037972,0.9182860582295208,-0.19896407512103775,-0.07448569390902054,False
2021-08-18,MITT,AG Mortgage Investment Trust Inc,주택 및 상업용 리츠,10.17,10.38,10.09,10.17,8.59486,139500.0,-4.042185045687918,11.932600000000003,11.932133333333335,11.249950000000002,0.004700000000000593,0.005850000000000577,0.3428571428571428,-0.2333333333333336,-0.15080976199878654,1.3723796008692115,-0.10359916722347047,-0.0626971376553135,False
2021-08-19,MITT,AG Mortgage Investment Trust Inc,주택 및 상업용 리츠,10.07,10.09,9.81,10.01,8.459642,304300.0,-5.1532738675935,11.850800000000001,11.938266666666667,11.2598,0.003066666666666329,0.00492499999999918,0.33785714285714274,-0.47357293868921835,-0.16050771414951015,-0.6502314955867969,-0.16754903140254676,-0.07426444892094154,False
2021-08-20,MITT,AG Mortgage Investment Trust Inc,주택 및 상업용 리츠,9.92,10.15,9.9,10.12,8.552604,142900.0,-4.556613960155498,11.773000000000001,11.947133333333333,11.26855,0.004433333333333067,0.004374999999999574,0.30857142857142844,0.3564814814814798,-0.1309741948771849,-0.7863737451684125,-0.23347600660742923,-0.07898771783163172,False
2021-08-23,MITT,AG Mortgage Investment Trust Inc,주택 및 상업용 리츠,10.21,10.36,10.15,10.36,8.755431,166600.0,-2.832514002587394,11.698799999999999,11.957799999999999,11.278799999999999,0.005333333333332746,0.005124999999999602,0.30214285714285705,0.7943262411347527,-0.056305571741944054,-0.419048703482084,-0.1860105242990984,-0.07676506459858301,False
2021-08-24,MITT,AG Mortgage Investment Trust Inc,주택 및 상업용 리츠,10.41,10.73,10.4,10.63,8.983615,132300.0,-0.3059054648881454,11.637199999999998,11.969666666666667,11.2898,0.005933333333334012,0.0055000000000005045,0.2871428571428571,0.9402985074626915,0.06462204822274902,0.720717659838608,-0.11523097786204169,-0.06594404378057274,False
2021-08-25,MITT,AG Mortgage Investment Trust Inc,주택 및 상업용 리츠,10.67,10.77,10.6,10.62,8.975164,104600.0,-0.4272154411848472,11.5754,11.978266666666665,11.3024,0.00429999999999886,0.006300000000000416,0.2621428571428571,-0.038147138964583625,0.01602569294939414,-0.37322525552183766,-0.14129984075229726,-0.07576312523242769,False
2021-08-26,MITT,AG Mortgage Investment Trust Inc,주택 및 상업용 리츠,10.59,10.7,10.51,10.67,9.01742,135300.0,0.8834235059967499,11.5068,11.9884,11.313899999999999,0.005066666666667885,0.005749999999999034,0.26142857142857145,0.1912568306010956,0.008319373767665266,1.0408115117369325,-0.07308113170130597,-0.06772685480878467,False
2021-08-27,MITT,AG Mortgage Investment Trust Inc,주택 및 상업용 리츠,10.71,10.94,10.71,10.85,9.169541,125400.0,1.8485820927057084,11.450800000000001,11.994533333333333,11.32645,0.003066666666666329,0.006275000000000475,0.26000000000000006,0.6923076923076911,0.09486420451651452,-0.5052103141931196,-0.08192916831947408,-0.08001943342310672,False
2021-08-30,MITT,AG Mortgage Investment Trust Inc,주택 및 상업용 리츠,10.91,10.91,10.58,10.7,9.042773,143300.0,0.25389761842116165,11.403799999999999,11.980666666666666,11.33855,-0.006933333333333458,0.006050000000000111,0.26928571428571424,-0.5570291777188343,0.06315395053452053,-1.1317293194546068,-0.14373432965747662,-0.11535408643927304,False
2021-08-31,MITT,AG Mortgage Investment Trust Inc,주택 및 상업용 리츠,10.68,10.91,10.68,10.83,9.152637,64800.0,1.681365380727362,11.349200000000002,11.973066666666666,11.3528,-0.0038000000000000256,0.00712500000000027,0.2735714285714286,0.47519582245431097,0.0919418701059994,0.6550299426352924,-0.08776581230659472,-0.11931398343965957,False
2021-09-01,MITT,AG Mortgage Investment Trust Inc,주택 및 상업용 리츠,10.83,10.93,10.73,10.93,9.23715,82200.0,2.4417354485736675,11.302,11.974333333333332,11.36635,0.0006333333333330415,0.0067750000000001975,0.26142857142857145,0.3825136612021844,0.14763306880382515,0.34006562548973196,0.014283147400085254,-0.1027032081913509,False
2021-09-02,MITT,AG Mortgage Investment Trust Inc,주택 및 상업용 리츠,11.0,11.03,10.81,10.85,9.169541,114000.0,1.4512318217345443,11.2478,11.975866666666667,11.378599999999999,0.0007666666666672484,0.006124999999999048,0.2635714285714285,-0.3035230352303526,0.11833380438260932,-0.6792901302219093,-0.02211677439501428,-0.11632143306582572,False
2021-09-03,MITT,AG Mortgage Investment Trust Inc,주택 및 상업용 리츠,10.86,10.93,10.75,10.91,9.220248,93900.0,2.128436907857423,11.193599999999998,11.9788,11.3895,0.0014666666666665051,0.005450000000000621,0.2557142857142856,0.23463687150838192,0.1601901060154476,0.2812335695092657,0.05595821461998552,-0.1057066486460073,False
2021-09-07,MITT,AG Mortgage Investment Trust Inc,주택 및 상업용 리츠,10.92,11.1,10.84,10.89,9.203345,119000.0,2.2499780452742035,11.1402,11.985,11.396099999999999,0.0030999999999998806,0.0032999999999994145,0.25428571428571417,-0.07865168539325679,0.17019712848735782,0.4380895208977294,0.021658461953428992,-0.09289916417627567,False
2021-09-08,MITT,AG Mortgage Investment Trust Inc,주택 및 상업용 리츠,10.85,10.93,10.59,10.62,8.975164,102300.0,-0.10002227319729773,11.089799999999999,11.987799999999998,11.4024,0.0013999999999994017,0.0031500000000006523,0.2578571428571427,-1.0470914127423883,0.11207155138671107,-0.8322354114693684,-0.13581403892789815,-0.09955424024317444,False
2021-09-09,MITT,AG Mortgage Investment Trust Inc,주택 및 상업용 리츠,10.57,10.72,10.46,10.59,8.949811,85500.0,0.13128700617359712,11.048399999999999,11.9872,11.40915,-0.0002999999999993008,0.003375000000000128,0.25071428571428556,-0.11965811965811718,0.137351181317504,0.6558812896243968,-0.042520268555670024,-0.09331221801881565,False
2021-09-10,MITT,AG Mortgage Investment Trust Inc,주택 및 상업용 리츠,10.7,10.7,10.38,10.44,8.823043,130000.0,-0.5307204585685343,11.001000000000001,11.9848,11.41155,-0.0011999999999998678,0.0011999999999998678,0.25571428571428545,-0.5865921787709517,0.06998877701375891,0.6292333116271197,0.05859452121543942,-0.08802889905432675,False
2021-09-13,MITT,AG Mortgage Investment Trust Inc,주택 및 상업용 리츠,10.45,10.6,10.32,10.55,8.916006,206100.0,0.24695212856058468,10.954600000000001,11.980933333333335,11.41165,-0.0019333333333326763,4.999999999988347e-05,0.2585714285714283,0.4254143646408891,0.04363792869276865,0.06895639450801178,0.09345202821473199,-0.08611847025198087,False
2021-09-14,MITT,AG Mortgage Investment Trust Inc,주택 및 상업용 리츠,10.61,10.61,10.33,10.43,8.814591,88600.0,-0.4082961711049604,10.910599999999999,11.978466666666666,11.4122,-0.0012333333333343077,0.00027500000000024727,0.2521428571428567,-0.4759206798866903,-0.05752058468933006,0.3494661212315354,0.06693406117136966,-0.08222702878120194,False
2021-09-15,MITT,AG Mortgage Investment Trust Inc,주택 및 상업용 리츠,10.37,10.56,10.36,10.52,8.890652,104500.0,-0.4847826949480938,10.875,11.975200000000001,11.412450000000002,-0.0016333333333324873,0.00012500000000059686,0.25428571428571395,0.35393258426966284,-0.029514890172598163,-0.7722871087987804,0.038429643080159455,-0.08893081336595887,False
2021-09-16,MITT,AG Mortgage Investment Trust Inc,주택 및 상업용 리츠,10.53,10.6,10.36,10.38,8.772336,77400.0,-1.6752963071523963,10.842,11.972399999999999,11.416650000000002,-0.001400000000001178,0.002100000000000435,0.25785714285714256,-0.5429362880886386,-0.08195725579329347,-0.34144021280107206,-0.06030262295826944,-0.0890344421930217,False
2021-09-17,MITT,AG Mortgage Investment Trust Inc,주택 및 상업용 리츠,10.31,10.51,10.31,10.5,8.873749,116600.0,0.1708855212907201,10.8114,11.9672,11.420400000000003,-0.0025999999999992696,0.001875000000000071,0.25285714285714256,0.47457627118643814,-0.09750950015909725,1.6497862047280847,0.09362569982181657,-0.07865934321856001,False
2021-09-20,MITT,AG Mortgage Investment Trust Inc,주택 및 상업용 리츠,10.15,10.34,10.1,10.22,8.637116,214500.0,-0.9564438511949658,10.758999999999999,11.960533333333332,11.42155,-0.0033333333333338544,0.0005749999999986599,0.25785714285714256,-1.085872576177284,-0.13528402862041508,0.7163000309756806,0.2256277962811228,-0.07369101342137183,False
2021-09-21,MITT,AG Mortgage Investment Trust Inc,주택 및 상업용 리츠,10.27,10.38,10.16,10.31,8.713178,89300.0,-0.11919783728664424,10.720999999999998,11.956066666666665,11.42285,-0.0022333333333337535,0.0006500000000002615,0.25714285714285684,0.34999999999999987,-0.1442265873671516,0.43045913110960576,0.20958702402928805,-0.06869741922711167,False
2021-09-22,MITT,AG Mortgage Investment Trust Inc,주택 및 상업용 리츠,10.34,10.65,10.34,10.52,8.890652,112600.0,0.9035201059345521,10.7022,11.9576,11.42445,0.0007666666666672484,0.0007999999999999119,0.2671428571428569,0.7860962566844892,-0.11539925911841552,-0.08858885025270935,0.17896884719054224,-0.06471972927087442,False
2021-09-23,MITT,AG Mortgage Investment Trust Inc,주택 및 상업용 리츠,10.52,10.63,10.5,10.52,8.890652,110500.0,-0.31167212063539784,10.6822,11.946933333333334,11.427100000000001,-0.005333333333332746,0.0013250000000004647,0.2607142857142856,0.0,-0.0937190423162475,-1.0496406264125069,0.15251524031978528,-0.08936357334319428,False
2021-09-24,MITT,AG Mortgage Investment Trust Inc,주택 및 상업용 리츠,10.7,10.95,10.69,10.9,9.211797,251700.0,3.0095684925299127,10.6686,11.9342,11.43075,-0.006366666666666632,0.0018249999999992994,0.27857142857142847,1.3641025641025675,-0.01304292141666281,1.2384364494572222,0.2208868746017822,-0.09256992603984279,False
2021-09-27,MITT,AG Mortgage Investment Trust Inc,주택 및 상업용 리츠,10.97,11.29,10.97,11.26,9.51604,205300.0,6.420840907228054,10.664000000000001,11.918066666666666,11.437850000000001,-0.00806666666666711,0.0035500000000006082,0.2878571428571427,1.2506203473945396,0.08190508092532266,1.4902117343607213,0.29603846127771016,-0.08808262867000949,False
2021-09-28,MITT,AG Mortgage Investment Trust Inc,주택 및 상업용 리츠,11.34,11.51,11.33,11.44,9.668161,328100.0,9.757484044723096,10.6726,11.898133333333334,11.446299999999999,-0.009966666666666235,0.004224999999999035,0.28142857142857125,0.639593908629441,0.20238260388045332,2.239470808815375,0.5154460484409061,-0.07080189085647064,False
2021-09-29,MITT,AG Mortgage Investment Trust Inc,주택 및 상업용 리츠,11.3,11.39,11.1,11.3,9.728426,142500.0,7.799973378519187,10.67,11.884866666666667,11.454649999999999,-0.006633333333333269,0.00417500000000004,0.287142857142857,-0.48756218905472243,0.1761037417806958,-0.6090829213249536,0.4250914619445239,-0.08206279567525891,False
2021-09-30,MITT,AG Mortgage Investment Trust Inc,주택 및 상업용 리츠,11.31,11.48,11.17,11.43,9.840345,152600.0,9.812047779879428,10.667,11.872466666666668,11.46455,-0.006199999999999761,0.00495000000000001,0.2864285714285714,0.45386533665835066,0.25042213573993166,1.3620438074297232,0.47743506878756703,-0.0755315648450877,False
2021-10-01,MITT,AG Mortgage Investment Trust Inc,주택 및 상업용 리츠,11.43,11.54,11.27,11.52,9.917829,144900.0,8.850553728883659,10.675999999999998,11.862266666666669,11.47385,-0.00509999999999966,0.004650000000000709,0.2857142857142857,0.3149999999999995,0.24253539540843955,-0.5102456107776003,0.4360634969814519,-0.06604006791362248,False
2021-10-04,MITT,AG Mortgage Investment Trust Inc,주택 및 상업용 리츠,11.54,11.74,11.45,11.7,10.072796,131900.0,11.28395539249738,10.6944,11.851866666666668,11.483600000000001,-0.0052000000000003155,0.004875000000000185,0.28642857142857153,0.6284289276807968,0.3214175102346887,1.5414001258223808,0.5212016401665123,-0.06089173673107166,False
2021-10-05,MITT,AG Mortgage Investment Trust Inc,주택 및 상업용 리츠,11.8,11.8,11.51,11.61,9.995311,117400.0,8.694695657093154,10.7096,11.841466666666667,11.492150000000002,-0.0052000000000003155,0.004275000000000695,0.292857142857143,-0.3073170731707311,0.2741853918460891,-1.0209600818026814,0.5034392849519479,-0.07327023110255058,False
2021-10-06,MITT,AG Mortgage Investment Trust Inc,주택 및 상업용 리츠,11.56,11.57,11.32,11.39,9.80591,63100.0,5.64566016895891,10.7228,11.8348,11.50185,-0.0033333333333338544,0.004849999999998467,0.29642857142857143,-0.7421686746987913,0.25995450708822104,-1.0132206589369053,0.455454967370817,-0.08112524293687037,False
2021-10-07,MITT,AG Mortgage Investment Trust Inc,주택 및 상업용 리츠,11.41,11.59,11.41,11.45,9.857563,56700.0,4.807312554587817,10.7358,11.829733333333332,11.512599999999999,-0.0025333333333339425,0.005374999999999908,0.29642857142857143,0.20240963855421254,0.24051403332877633,-0.336120331372026,0.3136045005065234,-0.07510229780182166,False
2021-10-08,MITT,AG Mortgage Investment Trust Inc,주택 및 상업용 리츠,11.44,11.54,11.42,11.45,9.857563,38300.0,4.44911741616052,10.7432,11.823666666666666,11.52395,-0.003033333333332777,0.005675000000000097,0.27642857142857136,0.0,0.3180763601985824,0.14032216384075988,0.27246322428260045,-0.07696534004216253,False
2021-10-11,MITT,AG Mortgage Investment Trust Inc,주택 및 상업용 리츠,11.62,11.98,11.55,11.83,10.184715,346100.0,7.901476554930809,10.7618,11.819933333333331,11.53435,-0.0018666666666673493,0.0052000000000003155,0.29857142857142854,1.2727272727272754,0.3839854511076734,1.7702275761197601,0.3681609703547543,-0.06043382675698092,False
2021-10-12,MITT,AG Mortgage Investment Trust Inc,주택 및 상업용 리츠,11.8,12.38,11.74,12.31,10.597958,414100.0,11.48288276669376,10.7906,11.8166,11.5482,-0.001666666666666039,0.006924999999999848,0.32,1.5000000000000013,0.4349785756302101,1.680242207644311,0.49450604591882724,-0.049487332232596624,False
2021-10-13,MITT,AG Mortgage Investment Trust Inc,주택 및 상업용 리츠,12.28,12.29,12.06,12.23,10.529083,128100.0,9.444125261410496,10.8204,11.813933333333335,11.5615,-0.0013333333333322983,0.006650000000000489,0.32857142857142857,-0.24347826086956542,0.41758727128238393,-0.4759643109596101,0.5354829255940341,-0.047931903188507104,False
2021-10-14,MITT,AG Mortgage Investment Trust Inc,주택 및 상업용 리츠,12.25,12.33,12.09,12.25,10.546302,103500.0,6.866095818504525,10.858600000000001,11.8084,11.576100000000002,-0.002766666666667028,0.00730000000000075,0.315,0.06349206349206214,0.32468652123877645,-1.185013620753312,0.3623793491504245,-0.05852272836528806,False
2021-10-15,MITT,AG Mortgage Investment Trust Inc,주택 및 상업용 리츠,12.33,12.53,12.31,12.32,10.606566,91900.0,5.888191744487381,10.8912,11.795933333333334,11.592099999999999,-0.006233333333333313,0.00799999999999823,0.3071428571428572,0.22790697674418692,0.25163556619232264,-0.31654330331809943,0.23332541788765163,-0.06640338294193278,False
2021-10-18,MITT,AG Mortgage Investment Trust Inc,주택 및 상업용 리츠,12.32,12.49,12.24,12.34,10.623785,103800.0,4.8866301765556175,10.921199999999999,11.7904,11.609549999999999,-0.002766666666667028,0.008725000000000094,0.3071428571428572,0.06511627906976604,0.21060144979520304,-0.20031636641742134,0.0590549053710233,-0.060990703488895334,False
2021-10-19,MITT,AG Mortgage Investment Trust Inc,주택 및 상업용 리츠,12.34,12.41,12.25,12.3,10.589349,63400.0,3.0843127759759614,10.9552,11.7822,11.628900000000002,-0.004100000000000215,0.009675000000001432,0.2942857142857144,-0.13592233009708443,0.2357185825778914,-0.7186541236385309,0.05122839092005349,-0.06730352194673135,False
2021-10-20,MITT,AG Mortgage Investment Trust Inc,주택 및 상업용 리츠,12.26,12.53,12.24,12.27,10.563521,75400.0,1.856318718648975,10.989600000000001,11.7772,11.6481,-0.0024999999999995026,0.009599999999998943,0.2928571428571428,-0.1024390243902478,0.19598255678870585,-0.41496431461612293,-0.07570076065464981,-0.07225401302601292,False
2021-10-21,MITT,AG Mortgage Investment Trust Inc,주택 및 상업용 리츠,12.25,12.43,12.16,12.18,10.486038,57200.0,0.21760964397006255,11.021600000000001,11.769599999999999,11.6655,-0.0038000000000009138,0.008700000000000152,0.2928571428571428,-0.30731707317073126,0.15153133727651077,-0.5872271688881663,-0.08119944337683307,-0.07871816655888596,False
2021-10-22,MITT,AG Mortgage Investment Trust Inc,주택 및 상업용 리츠,12.13,12.2,12.05,12.1,10.417165,92000.0,-0.7348850828759357,11.0552,11.764466666666667,11.68175,-0.002566666666665718,0.008124999999999716,0.28285714285714264,-0.2828282828282833,0.0864415365258622,-0.17562527464478142,-0.20384411483877327,-0.07340765903393946,False
2021-10-25,MITT,AG Mortgage Investment Trust Inc,주택 및 상업용 리츠,12.12,12.21,11.95,11.98,10.313852,195600.0,-2.3461804215080595,11.0856,11.760733333333334,11.6977,-0.001866666666666461,0.007975000000000065,0.2807142857142856,-0.4274809160305318,0.0778584048930193,-0.9278715271949483,-0.1971949323667923,-0.08046320989047566,False
2021-10-26,MITT,AG Mortgage Investment Trust Inc,주택 및 상업용 리츠,12.15,12.15,11.75,11.77,10.13306,258600.0,-4.13322719703062,11.1144,11.7576,11.71365,-0.0015666666666671603,0.007975000000000065,0.28857142857142853,-0.7277227722772308,0.0788902550659879,-0.9351998144296266,-0.1916220149019867,-0.08694249647557245,False
2021-10-27,MITT,AG Mortgage Investment Trust Inc,주택 및 상업용 리츠,11.7,11.83,11.65,11.75,10.115841,126700.0,-3.7912184565572438,11.144400000000001,11.751733333333334,11.728149999999998,-0.0029333333333330103,0.0072499999999990905,0.2871428571428571,-0.06965174129353087,0.05945729936257766,0.5440047188859914,-0.12875593988355688,-0.08384877395600497,False
2021-10-28,MITT,AG Mortgage Investment Trust Inc,주택 및 상업용 리츠,11.73,11.9,11.66,11.84,10.193324,344700.0,-3.858963548021066,11.1778,11.746666666666666,11.74355,-0.0025333333333339425,0.0077000000000015945,0.29571428571428576,0.304347826086956,0.08119642979736023,-0.84010068588236,-0.19878614343520828,-0.08080000191795553,False
2021-10-29,MITT,AG Mortgage Investment Trust Inc,주택 및 상업용 리츠,11.84,11.91,11.57,11.57,9.960875,118400.0,-6.003100880101764,11.208999999999998,11.741999999999999,11.75595,-0.0023333333333335204,0.006199999999999761,0.2821428571428571,-0.9569620253164544,-0.0780670914914776,-1.1925290764088388,-0.4104116186158225,-0.08653036780677871,False
2021-11-01,MITT,AG Mortgage Investment Trust Inc,주택 및 상업용 리츠,11.6,11.99,11.55,11.92,10.262197,96500.0,-3.085232201783872,11.245,11.737466666666666,11.771600000000001,-0.002266666666666417,0.007825000000000415,0.26785714285714274,1.306666666666666,-0.09187661530100157,1.0855903228630592,-0.45288675324305483,-0.0837532094671689,False
2021-11-02,MITT,AG Mortgage Investment Trust Inc,주택 및 상업용 리츠,11.82,11.83,11.58,11.66,10.038358,127300.0,-5.27389461715021,11.271,11.7346,11.786100000000001,-0.0014333333333329534,0.007249999999999979,0.27428571428571413,-0.9479166666666664,-0.14219364428650877,-1.4197331674151044,-0.5202988144184472,-0.08699696320778968,False
2021-11-03,MITT,AG Mortgage Investment Trust Inc,주택 및 상업용 리츠,11.63,11.93,11.62,11.7,10.072796,50500.0,-5.3814565780493595,11.2924,11.7288,11.800349999999998,-0.0029000000000003467,0.007124999999998494,0.2792857142857142,0.1432225063938589,-0.13649861265066612,-0.7476695421541764,-0.4890599516613661,-0.08927243340814571,False
2021-11-04,MITT,AG Mortgage Investment Trust Inc,주택 및 상업용 리츠,11.7,11.89,11.57,11.75,10.115841,77000.0,-5.208907741626012,11.315,11.725333333333333,11.812449999999998,-0.0017333333333331424,0.006050000000000111,0.2821428571428571,0.17721518987342028,-0.1401194545700066,-0.42241935742834374,-0.496622526954955,-0.08136464782662577,False
2021-11-05,MITT,AG Mortgage Investment Trust Inc,주택 및 상업용 리츠,12.2,13.22,12.12,13.0,11.191995,490600.0,4.1705727106030155,11.3616,11.730799999999999,11.831699999999998,0.002733333333332588,0.009624999999999773,0.3692857142857143,3.3849129593810448,0.09700887973794188,2.8440658969364128,-0.27916665100110966,-0.06205708973225704,False
2021-11-08,MITT,AG Mortgage Investment Trust Inc,주택 및 상업용 리츠,12.82,13.15,12.81,13.03,11.217821,145600.0,4.203083320586387,11.4052,11.735866666666668,11.8472,0.0025333333333348307,0.007750000000001478,0.3821428571428571,0.0785046728971946,0.11232509423753322,-0.05455328322110267,-0.23173087668557915,-0.06250530829209643,False
2021-11-09,MITT,AG Mortgage Investment Trust Inc,주택 및 상업용 리츠,13.0,13.36,12.98,13.26,11.415835,196300.0,6.413360344821073,11.4564,11.743466666666666,11.8496,0.0037999999999991374,0.0011999999999998678,0.3885714285714285,0.5919117647058836,0.16192157917297115,1.0978283828283195,-0.12367425543954749,-0.050714642728614846,False
2021-11-10,MITT,AG Mortgage Investment Trust Inc,주택 및 상업용 리츠,13.21,13.49,13.21,13.25,11.407225,111800.0,7.116614309298774,11.5048,11.751000000000001,11.856,0.003766666666667362,0.0031999999999996476,0.38928571428571423,-0.02568807339449487,0.1820379362998452,1.0866723915931649,-0.004110001119452414,-0.03833674253089518,False
2021-11-11,MITT,AG Mortgage Investment Trust Inc,주택 및 상업용 리츠,13.22,13.37,13.01,13.04,11.226431,94100.0,5.2725820858336325,11.547,11.756133333333334,11.8675,0.002566666666666606,0.005749999999999922,0.4042857142857143,-0.5194346289752672,0.1651374830036321,-0.5961439635695835,-0.03414705032836686,-0.04433780374277824,False
2021-11-12,MITT,AG Mortgage Investment Trust Inc,주택 및 상업용 리츠,13.09,13.11,12.84,12.96,11.157557,107100.0,3.852622693196839,11.5892,11.761533333333334,11.879199999999999,0.0026999999999999247,0.005849999999999689,0.40499999999999986,-0.19753086419752672,0.18156248670598957,-1.195306920936582,-0.05324957845276928,-0.048297133788482,False
2021-11-15,MITT,AG Mortgage Investment Trust Inc,주택 및 상업용 리츠,13.03,13.03,12.61,12.65,10.890671,193800.0,1.4630979299258273,11.624,11.767666666666665,11.8901,0.0030666666666654407,0.005450000000000621,0.40642857142857125,-0.7627416520210912,0.17906113815285668,-0.7612231409437734,-0.04082267320377976,-0.05043187134207959,False
2021-11-16,MITT,AG Mortgage Investment Trust Inc,주택 및 상업용 리츠,11.54,11.68,11.0,11.41,9.823128,1083400.0,-8.328460655554615,11.634400000000001,11.766733333333333,11.89735,-0.0004666666666661712,0.0036249999999995453,0.5114285714285713,-2.424581005586593,0.010851904989066519,-2.9680111246350815,-0.2916809477409993,-0.058638301658391706,False
2021-11-17,MITT,AG Mortgage Investment Trust Inc,주택 및 상업용 리츠,11.48,11.48,10.38,10.55,9.082734,1465700.0,-14.280658891250187,11.633000000000003,11.760666666666665,11.8991,-0.0030333333333336654,0.0008750000000006253,0.5728571428571427,-1.5012468827930168,-0.11811914564521724,-1.1099054296834137,-0.3109527151553602,-0.06132176863642833,False
2021-11-18,MITT,AG Mortgage Investment Trust Inc,주택 및 상업용 리츠,10.48,10.52,10.22,10.34,8.90194,2944200.0,-15.499064460213429,11.628,11.755799999999999,11.8974,-0.0024333333333332874,-0.0008500000000006835,0.572142857142857,-0.3670411985018743,-0.07598194372989009,-0.8801037502792746,-0.2886366204318199,-0.06550003677362487,False
2021-11-19,MITT,AG Mortgage Investment Trust Inc,주택 및 상업용 리츠,10.26,10.45,10.21,10.35,8.91055,787300.0,-14.544460861657193,11.626199999999999,11.7532,11.895150000000001,-0.0012999999999996348,-0.0011249999999991545,0.5578571428571426,0.017925736235595017,-0.16803486733210946,0.2315151951967745,-0.34964198669369745,-0.06435678102875528,False
2021-11-22,MITT,AG Mortgage Investment Trust Inc,주택 및 상업용 리츠,10.41,10.62,10.36,10.52,9.056906,649700.0,-12.220408870066535,11.625599999999999,11.750133333333332,11.892100000000001,-0.0015333333333336086,-0.0015249999999999986,0.5528571428571426,0.3074935400516796,-0.07836270970937045,0.753806441022391,-0.1943891575195906,-0.05572711605833721,False
2021-11-23,MITT,AG Mortgage Investment Trust Inc,주택 및 상업용 리츠,10.5,10.73,10.48,10.63,9.151608,366000.0,-10.915655571981675,11.6296,11.748,11.89125,-0.0010666666666665492,-0.00042500000000078586,0.5485714285714283,0.20052083333333565,-0.0742699720708364,-0.02790915566287655,-0.14297770134164065,-0.06295253512420011,False
2021-11-24,MITT,AG Mortgage Investment Trust Inc,주택 및 상업용 리츠,10.75,10.89,10.63,10.69,9.203262,338400.0,-10.073990584074178,11.633,11.743666666666666,11.889650000000001,-0.00216666666666665,-0.0007999999999990237,0.5442857142857139,0.11023622047243867,-0.0790541841709065,-0.19336911812188853,-0.12661696996260813,-0.06204214723203049,False
2021-11-26,MITT,AG Mortgage Investment Trust Inc,주택 및 상업용 리츠,10.49,10.56,10.03,10.37,8.927767,457300.0,-10.170875095848897,11.6328,11.7366,11.8875,-0.0035333333333333883,-0.0010750000000010473,0.4864285714285711,-0.657856093979443,-0.3678234022680842,1.9491314235977177,-0.19054086091537203,-0.04909332904224526,False
2021-11-29,MITT,AG Mortgage Investment Trust Inc,주택 및 상업용 리츠,10.47,10.55,10.19,10.51,9.048297,544300.0,-9.686629887818265,11.633,11.728866666666669,11.88365,-0.0038666666666653526,-0.0019249999999999545,0.4878571428571426,0.28696925329429124,-0.35293307509686306,-1.0574989664369978,-0.26217983828793595,-0.06049410071325448,False
2021-11-30,MITT,AG Mortgage Investment Trust Inc,주택 및 상업용 리츠,10.35,10.45,10.09,10.31,8.876113,590400.0,-9.099960959186305,11.6348,11.7194,11.8791,-0.004733333333334144,-0.002275000000000027,0.49071428571428555,-0.40756914119359405,-0.42432456837539706,1.385599351569398,-0.24162476909214464,-0.0529694569218099,False
2021-12-01,MITT,AG Mortgage Investment Trust Inc,주택 및 상업용 리츠,10.55,10.6,10.2,10.35,8.91055,523500.0,-7.236677996018792,11.6356,11.7106,11.87595,-0.004400000000000404,-0.001574999999999882,0.49928571428571417,0.08011444921315997,-0.41676724533199316,1.0518158169461993,-0.24411452442407075,-0.03945594045056167,False
2021-12-02,MITT,AG Mortgage Investment Trust Inc,주택 및 상업용 리츠,10.48,10.57,10.19,10.49,9.031078,1039900.0,-6.886143981842007,11.635,11.701533333333334,11.876949999999999,-0.004533333333332834,0.0004999999999997229,0.5007142857142857,0.2796005706134106,-0.35969330250423054,-0.7750967160089643,-0.25689686388402655,-0.05315357838506526,False
2021-12-03,MITT,AG Mortgage Investment Trust Inc,주택 및 상업용 리츠,10.49,10.55,10.36,10.38,8.936378,322600.0,-6.653645372592987,11.632200000000001,11.690533333333333,11.86825,-0.0055000000000005045,-0.004349999999999632,0.4950000000000001,-0.22222222222222102,-0.3614569709345659,0.36366060867405225,-0.1455420403404098,-0.0514789188316794,False
2021-12-06,MITT,AG Mortgage Investment Trust Inc,주택 및 상업용 리츠,10.39,10.72,10.38,10.62,9.142999,571100.0,-4.718933428234983,11.626600000000002,11.683933333333332,11.8573,-0.0033000000000003027,-0.005474999999999675,0.4892857142857144,0.4905109489051062,-0.271938928011266,-0.275017621525486,-0.11081307466767497,-0.05169517919332946,False
2021-12-07,MITT,AG Mortgage Investment Trust Inc,주택 및 상업용 리츠,10.72,10.88,10.61,10.8,9.297964,319400.0,-4.147766375114836,11.617399999999998,11.677933333333332,11.8429,-0.0030000000000001137,-0.007200000000000095,0.3907142857142859,0.46069469835466537,-0.06584780630117616,-0.8186275837019947,0.042714321113259804,-0.05802678798023897,False
2021-12-08,MITT,AG Mortgage Investment Trust Inc,주택 및 상업용 리츠,10.77,11.07,10.75,10.82,9.315183,443900.0,-3.201399661283977,11.605,11.666266666666667,11.82485,-0.005833333333332469,-0.009025000000000283,0.33500000000000024,0.05970149253731212,0.04564850622241877,-0.13237733459432016,0.11253775647676648,-0.06487674902008653,False
2021-12-09,MITT,AG Mortgage Investment Trust Inc,주택 및 상업용 리츠,10.77,10.99,10.74,10.88,9.366838,196200.0,-0.875733159614922,11.5966,11.657,11.8128,-0.004633333333333489,-0.006025000000000169,0.3292857142857145,0.18221258134490376,0.08488091906861718,0.6309966928081132,0.22047350241157987,-0.05130946652507347,False
2021-12-10,MITT,AG Mortgage Investment Trust Inc,주택 및 상업용 리츠,10.97,11.03,10.76,10.8,9.297964,199400.0,-1.4610538451346633,11.583999999999998,11.651399999999999,11.800350000000002,-0.00280000000000058,-0.006224999999998815,0.33142857142857174,-0.24137931034482757,0.06635913002715844,-0.8214246562403429,0.14526351302321436,-0.055873166542518386,False
2021-12-13,MITT,AG Mortgage Investment Trust Inc,주택 및 상업용 리츠,10.89,10.89,10.4,10.51,9.048297,352400.0,-2.1362465008812337,11.5638,11.642666666666667,11.78765,-0.004366666666665964,-0.006350000000001188,0.3471428571428575,-0.8353909465020595,-0.015275476155251488,-0.26600235347110757,0.07242002770225019,-0.06584975322036196,False
2021-12-14,MITT,AG Mortgage Investment Trust Inc,주택 및 상업용 리츠,10.47,10.66,10.33,10.41,8.962205,250200.0,-1.3622521213159433,11.538,11.637666666666666,11.773400000000002,-0.002500000000000391,-0.007124999999998494,0.3528571428571432,-0.2834008097165979,-0.04984130780167532,0.17118534618689862,0.0866410635486627,-0.06987078971792847,False
2021-12-15,MITT,AG Mortgage Investment Trust Inc,주택 및 상업용 리츠,10.34,10.52,10.12,10.48,9.02247,277000.0,-1.8609033092531146,11.5154,11.629333333333333,11.759950000000002,-0.00416666666666643,-0.006725000000000314,0.36285714285714327,0.19291338582677223,-0.04393579599065149,-0.7435386990846188,0.047343236337039116,-0.07441891305148327,False
2021-12-16,MITT,AG Mortgage Investment Trust Inc,주택 및 상업용 리츠,10.49,10.68,10.41,10.53,9.065515,189500.0,-0.5346595521615871,11.498199999999999,11.618533333333334,11.75065,-0.005399999999999849,-0.004650000000000709,0.33500000000000035,0.14925373134328024,0.013714905818114454,0.6749471830518916,-0.04366992370194846,-0.06644649099006668,False
2021-12-17,MITT,AG Mortgage Investment Trust Inc,주택 및 상업용 리츠,10.5,10.59,10.22,10.44,8.988032,891100.0,-0.494769555602248,11.478,11.604133333333333,11.741800000000001,-0.007200000000000095,-0.004424999999999457,0.3357142857142859,-0.26808510638297817,-0.02593183415883336,0.35062244873110154,0.056910177381487216,-0.07048173266175896,False
2021-12-20,MITT,AG Mortgage Investment Trust Inc,주택 및 상업용 리츠,10.31,10.31,9.94,10.12,8.712537,438800.0,-2.460103873270647,11.4514,11.588199999999999,11.730599999999999,-0.007966666666667344,-0.00560000000000116,0.34142857142857164,-0.9372384937238496,-0.06376535933956591,-0.25580673048046176,-0.06033311419350278,-0.07577675039265083,False
2021-12-21,MITT,AG Mortgage Investment Trust Inc,주택 및 상업용 리츠,10.16,10.59,10.16,10.45,8.996642,188000.0,-1.0414650031226658,11.423800000000002,11.572866666666666,11.720900000000002,-0.007666666666666266,-0.004849999999998467,0.34642857142857164,0.9525773195876285,-0.0014465828842467293,-0.16040049058280548,-0.1469199933027174,-0.08088510286567581,False
2021-12-22,MITT,AG Mortgage Investment Trust Inc,주택 및 상업용 리츠,10.53,10.62,10.44,10.5,9.039687,228500.0,-1.5038686570112092,11.387599999999999,11.558266666666666,11.709350000000002,-0.007299999999999862,-0.005774999999999864,0.3321428571428573,0.1505376344086042,-0.010665364041732895,-0.523584361587831,-0.12895482512977932,-0.07846128201382165,False
2021-12-23,MITT,AG Mortgage Investment Trust Inc,주택 및 상업용 리츠,10.4,10.66,10.4,10.62,9.142999,126100.0,-0.9365113592262664,11.3554,11.544266666666667,11.699300000000001,-0.006999999999999673,-0.005025000000000723,0.3371428571428572,0.3559322033898281,0.030631380644842044,-0.09168895357065932,-0.16147979386154443,-0.07978487119378792,False
2021-12-27,MITT,AG Mortgage Investment Trust Inc,주택 및 상업용 리츠,10.61,10.73,10.5,10.62,9.142999,197800.0,-2.201604426827186,11.322799999999999,11.531066666666666,11.687000000000001,-0.006600000000000605,-0.006149999999999878,0.32928571428571435,0.0,-0.004405115705522687,-1.0108843514296988,-0.21404170314041676,-0.08016657810492037,False
2021-12-28,MITT,AG Mortgage Investment Trust Inc,주택 및 상업용 리츠,10.55,10.86,10.55,10.59,9.117171,269800.0,-2.282004181614694,11.288200000000002,11.518266666666667,11.669,-0.006399999999999295,-0.009000000000000341,0.332142857142857,-0.0903225806451594,-0.043763492776938744,-0.008721094422900838,-0.15619123962048148,-0.08029036183794419,False
2021-12-29,MITT,AG Mortgage Investment Trust Inc,주택 및 상업용 리츠,10.59,10.6,10.41,10.51,9.048297,170000.0,-3.017297635261129,11.251600000000002,11.503333333333334,11.6557,-0.0074666666666667325,-0.006650000000000489,0.3228571428571427,-0.24778761061946938,-0.06572700014528028,-0.36154467907934557,-0.17256033565512618,-0.08472395270622177,False
2021-12-30,MITT,AG Mortgage Investment Trust Inc,주택 및 상업용 리츠,10.26,10.47,10.26,10.34,9.083436,164100.0,-4.024813821336415,11.2124,11.488266666666666,11.63975,-0.007533333333333836,-0.007975000000000065,0.3228571428571427,-0.5265486725663717,-0.11635280399608568,-0.2831237696036951,-0.23785465439882675,-0.08402046354484931,False
2021-12-31,MITT,AG Mortgage Investment Trust Inc,주택 및 상업용 리츠,10.28,10.38,10.18,10.25,9.004374,148100.0,-4.309860612878236,11.171999999999999,11.471400000000001,11.6259,-0.008433333333332627,-0.006924999999999848,0.3178571428571428,-0.28314606741572995,-0.11933614378686441,-0.06328281410867337,-0.18370166567513607,-0.08646862274959523,False
2022-01-03,MITT,AG Mortgage Investment Trust Inc,주택 및 상업용 리츠,10.28,10.62,10.28,10.35,9.092221,228400.0,-3.7112143680607113,11.135399999999999,11.4548,11.61105,-0.008300000000000196,-0.007424999999999571,0.30928571428571416,0.3233256351039251,-0.03657067367215123,-0.21289973961980513,-0.17990862182861447,-0.08902513436793608,False
2022-01-04,MITT,AG Mortgage Investment Trust Inc,주택 및 상업용 리츠,10.33,10.67,10.33,10.39,9.127359,161600.0,-2.963420789214055,11.101199999999999,11.438866666666666,11.598649999999997,-0.007966666666667344,-0.006200000000001538,0.3099999999999999,0.12903225806451915,-0.007111168830642863,0.18358247463828126,-0.17902311265351573,-0.08590831302015622,False
2022-01-05,MITT,AG Mortgage Investment Trust Inc,주택 및 상업용 리츠,10.42,10.54,10.28,10.28,9.030728,202300.0,-1.8340683205394281,11.0672,11.424,11.587349999999999,-0.007433333333333181,-0.005649999999999267,0.2999999999999998,-0.3666666666666709,-0.04708117258017452,1.3192423686342232,-0.031681607816455584,-0.07555634863285371,False
2022-01-06,MITT,AG Mortgage Investment Trust Inc,주택 및 상업용 리츠,10.38,10.46,10.23,10.33,9.074652,112800.0,-1.0353066071190908,11.0384,11.409066666666666,11.5778,-0.0074666666666667325,-0.00477499999999953,0.29714285714285704,0.16826923076923322,-0.04572292262117788,0.2533332471872195,-0.06179688894964643,-0.06803075182863892,False
2022-01-07,MITT,AG Mortgage Investment Trust Inc,주택 및 상업용 리츠,10.36,10.57,10.36,10.39,9.127359,181600.0,0.19119220840537743,11.011199999999999,11.390733333333333,11.5666,-0.009166666666666323,-0.005600000000000271,0.2878571428571428,0.2084367245657586,-0.011685648981982391,0.5770614967933195,-0.04562267123091659,-0.07396035935226628,False
2022-01-10,MITT,AG Mortgage Investment Trust Inc,주택 및 상업용 리츠,10.4,10.43,10.2,10.28,9.030728,259800.0,-0.5226583263363338,10.98,11.363466666666666,11.555,-0.01363333333333383,-0.005799999999999805,0.26857142857142857,-0.4095744680851109,0.0260046385636418,-0.2798946463826334,-0.04734323665250027,-0.09291969132308596,False
2022-01-11,MITT,AG Mortgage Investment Trust Inc,주택 및 상업용 리츠,10.34,10.46,10.29,10.39,9.127359,289200.0,-0.2659652163798487,10.9564,11.338733333333334,11.5456,-0.01236666666666597,-0.004699999999999704,0.24785714285714291,0.44380403458213735,-0.010336310365321852,-0.3876202769127598,-0.06357322139035415,-0.0934534038817484,False
2022-01-12,MITT,AG Mortgage Investment Trust Inc,주택 및 상업용 리츠,10.39,10.54,10.35,10.44,9.171284,220300.0,0.017250402243584873,10.926799999999998,11.314933333333334,11.5348,-0.0118999999999998,-0.005399999999999849,0.2485714285714286,0.201149425287352,-0.006721182445411297,-0.06059326874729573,-0.030502429044601636,-0.08818482812938708,False
2022-01-13,MITT,AG Mortgage Investment Trust Inc,주택 및 상업용 리츠,10.48,10.59,10.37,10.39,9.127359,81300.0,0.9651868970405486,10.901399999999999,11.2904,11.526299999999999,-0.012266666666667092,-0.004250000000000753,0.2457142857142858,-0.20348837209301884,-0.046679794979900366,1.0366385908540803,0.05009239555716548,-0.08001017001958154,False
2022-01-14,MITT,AG Mortgage Investment Trust Inc,주택 및 상업용 리츠,10.35,10.38,10.08,10.19,8.951664,286200.0,-0.9021909020603514,10.871200000000002,11.266933333333332,11.514399999999998,-0.011733333333333817,-0.005950000000000344,0.2514285714285715,-0.7954545454545494,-0.10349797679808247,-0.8672774838438609,0.06035002895615389,-0.0794558832341995,False
2022-01-18,MITT,AG Mortgage Investment Trust Inc,주택 및 상업용 리츠,10.17,10.19,10.01,10.09,8.863817,250500.0,0.08819595331786001,10.838000000000001,11.2428,11.503499999999999,-0.012066666666665782,-0.005449999999999733,0.2421428571428573,-0.41297935103244665,-0.126544888968603,1.065592189146149,0.1370866920682289,-0.07470313957334458,False
2022-01-19,MITT,AG Mortgage Investment Trust Inc,주택 및 상업용 리츠,10.17,10.19,9.97,10.05,8.828678,202600.0,0.6627381622688278,10.779000000000002,11.2158,11.49285,-0.013500000000000512,-0.005324999999999136,0.2442857142857144,-0.16374269005847597,-0.12054168035710346,0.5522335263175852,0.20235656388229536,-0.08129456016463418,False
2022-01-20,MITT,AG Mortgage Investment Trust Inc,주택 및 상업용 리츠,10.06,10.15,9.95,9.96,8.749616,203300.0,0.9338412472210234,10.7176,11.1912,11.481300000000001,-0.012299999999999756,-0.005774999999999864,0.2407142857142859,-0.3738872403560822,-0.10963729234208278,0.3574132839068442,0.2481092105616196,-0.07462295966304962,False
2022-01-21,MITT,AG Mortgage Investment Trust Inc,주택 및 상업용 리츠,9.93,10.02,9.78,10.01,8.79354,371100.0,3.301496666873982,10.6526,11.170933333333332,11.47075,-0.010133333333333994,-0.005275000000000141,0.24357142857142872,0.20527859237536208,-0.07474981664271906,1.3512346768553916,0.34914617420190996,-0.07153344481462924,False
2022-01-24,MITT,AG Mortgage Investment Trust Inc,주택 및 상업용 리츠,9.85,9.9,9.28,9.83,8.635413,567000.0,1.2055204656899576,10.5842,11.146066666666666,11.459299999999999,-0.012433333333333074,-0.005725000000000868,0.2692857142857145,-0.6684350132625978,-0.14558986295461354,-0.8115899915998901,0.30638258477476105,-0.06998877430140883,False
2022-01-25,MITT,AG Mortgage Investment Trust Inc,주택 및 상업용 리츠,9.72,10.23,9.59,10.2,8.960448,162700.0,6.008545704894885,10.5274,11.125466666666666,11.44895,-0.010299999999999976,-0.005174999999999486,0.290714285714286,1.272727272727269,-0.06389736190727427,1.8636907163443577,0.42639031632519503,-0.05061067372743072,False
2022-01-26,MITT,AG Mortgage Investment Trust Inc,주택 및 상업용 리츠,10.3,10.54,10.09,10.14,8.907741,605300.0,5.260478189834283,10.470999999999998,11.102666666666668,11.4389,-0.011399999999999189,-0.005024999999999835,0.30428571428571455,-0.19718309859154493,-0.051791392759050994,-0.12812809215352927,0.3230067119832128,-0.05506626713586227,False
2022-01-27,MITT,AG Mortgage Investment Trust Inc,주택 및 상업용 리츠,10.11,10.43,10.08,10.1,8.872602,367700.0,5.076653880259863,10.42,11.079199999999998,11.43075,-0.011733333333334706,-0.004075000000000273,0.31285714285714306,-0.1278538812785417,-0.07294304361960635,0.10848761201237875,0.3126605951850098,-0.04966977248522224,False
2022-01-28,MITT,AG Mortgage Investment Trust Inc,주택 및 상업용 리츠,10.04,10.13,9.78,10.13,8.898956,183500.0,2.6021343965231924,10.394400000000001,11.056333333333333,11.42365,-0.01143333333333274,-0.00354999999999972,0.320714285714286,0.09354120267260925,-0.08114986661197417,-0.9013154016554241,0.20706224529581382,-0.05203361874487034,False
2022-01-31,MITT,AG Mortgage Investment Trust Inc,주택 및 상업용 리츠,10.17,10.52,10.06,10.52,9.241562,278600.0,4.158400014330965,10.3938,11.038866666666665,11.41895,-0.008733333333333704,-0.002349999999999852,0.3371428571428573,1.156779661016945,0.030732571181029827,0.37058731105732334,0.2535252422558108,-0.04270286965227822,False
2022-02-01,MITT,AG Mortgage Investment Trust Inc,주택 및 상업용 리츠,10.52,10.68,10.22,10.26,9.013158,174700.0,0.6692395355820446,10.3922,11.022866666666667,11.4149,-0.007999999999999119,-0.0020250000000006096,0.35714285714285715,-0.7279999999999994,-0.052967717003408514,-1.020840152033453,0.20829525117576128,-0.043673986282192385,False
2022-02-02,MITT,AG Mortgage Investment Trust Inc,주택 및 상업용 리츠,10.42,10.42,9.99,10.23,8.986803,153200.0,-0.698418011837787,10.389800000000001,11.005666666666668,11.412349999999998,-0.008599999999999497,-0.0012750000000005812,0.3742857142857143,-0.08015267175572348,-0.07306072393505676,-0.4825557488080434,0.17815507402856504,-0.04743037547776655,False
2022-02-03,MITT,AG Mortgage Investment Trust Inc,주택 및 상업용 리츠,10.12,10.18,9.96,9.97,8.7584,117200.0,-0.8904444531629196,10.378799999999998,10.986333333333334,11.4073,-0.009666666666666934,-0.0025249999999994444,0.3778571428571428,-0.6880907372400752,-0.10767517858841792,0.34593485189382933,0.12881909267426137,-0.04082281962969662,False
2022-02-04,MITT,AG Mortgage Investment Trust Inc,주택 및 상업용 리츠,9.98,10.09,9.74,10.04,8.819892,164100.0,-0.7753744885071967,10.367,10.969066666666668,11.402750000000001,-0.008633333333333049,-0.002274999999999139,0.3807142857142856,0.18386491557222878,-0.03772378851507663,-0.024235980983490196,0.18903634287857357,-0.030805095210149725,False
2022-02-07,MITT,AG Mortgage Investment Trust Inc,주택 및 상업용 리츠,9.95,10.26,9.9,9.95,8.74083,139700.0,-1.29414266415796,10.3522,10.9534,11.3958,-0.007833333333334025,-0.003475000000000783,0.3935714285714284,-0.22867513611615217,-0.02455920173534131,-0.074174770050836,0.10762441722164606,-0.02892658688452221,False
2022-02-08,MITT,AG Mortgage Investment Trust Inc,주택 및 상업용 리츠,10.05,10.1,9.95,10.0,8.784755,86300.0,-1.6475463017892822,10.3448,10.939866666666667,11.38865,-0.0067666666666665876,-0.0035749999999996618,0.3885714285714285,0.12867647058823714,-0.0036721188320046616,-0.2242787782022135,0.05215925261308902,-0.023683000974164307,False
2022-02-09,MITT,AG Mortgage Investment Trust Inc,주택 및 상업용 리츠,10.03,10.08,9.91,9.93,8.723261,86700.0,-3.648310332734239,10.3332,10.925866666666666,11.379950000000001,-0.007000000000000561,-0.004349999999999632,0.3864285714285713,-0.1811460258780045,0.010095110773572316,-0.819974705545933,-0.03193988949068078,-0.03660506984763414,False
2022-02-10,MITT,AG Mortgage Investment Trust Inc,주택 및 상업용 리츠,9.9,10.03,9.74,9.76,8.57392,146700.0,-3.460416141866829,10.3222,10.905333333333333,11.3701,-0.010266666666666424,-0.004925000000000068,0.3899999999999998,-0.43589743589743596,-0.03570317696019897,0.3698154236044701,-0.10204126472288945,-0.03531340129120433,False
2022-02-11,MITT,AG Mortgage Investment Trust Inc,주택 및 상업용 리츠,9.84,9.9,9.66,9.82,8.626629,191900.0,-0.9718155352610669,10.3116,10.8894,11.360850000000001,-0.007966666666666455,-0.004624999999999879,0.3549999999999998,0.16901408450704375,0.024114615737632565,1.0394985742720104,0.030179347125103444,-0.016787976247802892,False
2022-02-14,MITT,AG Mortgage Investment Trust Inc,주택 및 상업용 리츠,9.82,9.91,9.59,9.69,8.512427,154000.0,-1.941166764258928,10.2956,10.8776,11.350050000000001,-0.00590000000000046,-0.005399999999999849,0.3321428571428569,-0.3913978494623682,-0.0947514644187701,-0.21025950940238466,-0.11795995471394959,-0.012402663697359909,False
2022-02-15,MITT,AG Mortgage Investment Trust Inc,주택 및 상업용 리츠,9.79,9.93,9.75,9.79,8.600275,61800.0,-2.434790972101286,10.283800000000001,10.866066666666667,11.33885,-0.005766666666666254,-0.005600000000000271,0.317142857142857,0.3153153153153143,-0.05814443485399444,-0.4718626580437003,-0.14251242370610465,-0.015186692886640924,False
2022-02-16,MITT,AG Mortgage Investment Trust Inc,주택 및 상업용 리츠,9.79,9.88,9.76,9.83,8.635413,67700.0,-2.0775795071975245,10.267999999999999,10.8544,11.329950000000002,-0.005833333333333357,-0.004449999999999399,0.30071428571428566,0.1330166270783879,-0.03951082711421374,0.08606904753937873,-0.14411374973989036,-0.018447835870820287,False
2022-02-17,MITT,AG Mortgage Investment Trust Inc,주택 및 상업용 리츠,9.88,9.93,9.59,9.67,8.494857,157000.0,-1.5565164214362381,10.2454,10.842266666666667,11.3198,-0.006066666666666443,-0.005075000000000607,0.2999999999999998,-0.5333333333333341,-0.08428757968606683,0.6345149359176019,-0.03441158277038852,-0.019727305788804217,False
2022-02-18,MITT,AG Mortgage Investment Trust Inc,주택 및 상업용 리츠,9.58,9.63,9.3,9.34,8.204961,370500.0,-3.954788364004491,10.2158,10.831133333333334,11.303649999999998,-0.00556666666666672,-0.008075000000001609,0.2935714285714284,-1.1240875912408768,-0.2472066691330541,-0.7247134449534447,-0.11264735105687196,-0.030595784171907062,False
2022-02-22,MITT,AG Mortgage Investment Trust Inc,주택 및 상업용 리츠,9.3,9.49,9.1,9.36,8.22253,316500.0,-2.6439466319609917,10.1854,10.817333333333332,11.289099999999998,-0.006900000000000794,-0.00727499999999992,0.28857142857142853,0.06930693069306784,-0.1902561740835493,0.6165773047253004,0.0043110387116104265,-0.02143308327553566,False
2022-02-23,MITT,AG Mortgage Investment Trust Inc,주택 및 상업용 리츠,9.32,9.47,9.11,9.12,8.011696,216000.0,-2.9633058011623192,10.1518,10.800933333333335,11.276499999999999,-0.008199999999998653,-0.006299999999999528,0.28357142857142864,-0.8463476070528972,-0.24498438374763315,0.08034286217130904,0.04451808235299275,-0.017334752896028906,False
2022-02-24,MITT,AG Mortgage Investment Trust Inc,주택 및 상업용 리츠,9.1,9.26,8.52,9.19,8.07319,411200.0,-3.250072930294934,10.125399999999999,10.7884,11.26335,-0.006266666666667753,-0.006574999999998887,0.3171428571428572,0.22072072072072155,-0.18006927960757624,-0.48233546342531397,-0.014644083026946062,-0.013444019117252693,False
2022-02-25,MITT,AG Mortgage Investment Trust Inc,주택 및 상업용 리츠,9.36,9.36,8.8,8.93,7.844786,319600.0,-7.422195963631584,10.095799999999999,10.776066666666665,11.2522,-0.006166666666667098,-0.00557500000000033,0.3321428571428572,-0.7827956989247304,-0.24911646635735904,-1.8414602295219757,-0.14444581506540932,-0.015997772721016712,False
2022-02-28,MITT,AG Mortgage Investment Trust Inc,주택 및 상업용 리츠,8.83,9.06,8.56,9.04,7.941418,378900.0,-5.582514738848843,10.067,10.764,11.23875,-0.006033333333332891,-0.006725000000000314,0.3421428571428572,0.32150313152400667,-0.20981801866877628,0.43753836936089036,-0.1078948765360003,-0.012245924606290187,False
2022-03-01,MITT,AG Mortgage Investment Trust Inc,주택 및 상업용 리츠,9.05,9.07,8.7,8.75,7.686661,501000.0,-6.539322482748277,10.0314,10.7508,11.22175,-0.006599999999999717,-0.00849999999999973,0.357857142857143,-0.8103792415169634,-0.27689342667629063,-0.09536466084742523,-0.09868672529637257,-0.014663879980828473,False
2022-03-02,MITT,AG Mortgage Investment Trust Inc,주택 및 상업용 리츠,8.78,8.9,8.76,8.86,7.783292,394600.0,-6.58754485628108,9.9998,10.737866666666667,11.203049999999998,-0.0064666666666663986,-0.009350000000001302,0.3564285714285716,0.30861723446893613,-0.24191033665150913,-0.5227429137743449,-0.07745588302697341,-0.019079523936784592,False
2022-03-03,MITT,AG Mortgage Investment Trust Inc,주택 및 상업용 리츠,8.91,8.95,8.71,8.76,7.695446,182800.0,-6.6760011631157745,9.9726,10.722399999999999,11.1843,-0.007733333333334258,-0.009374999999998579,0.3528571428571429,-0.28340080971659815,-0.23101772049573496,-0.038658686135564835,-0.10663260515126163,-0.019585721113043488,False
2022-03-04,MITT,AG Mortgage Investment Trust Inc,주택 및 상업용 리츠,8.68,8.82,8.48,8.56,7.51975,174600.0,-7.541623720715629,9.934800000000001,10.7068,11.163350000000001,-0.007799999999999585,-0.010474999999999568,0.36000000000000004,-0.5555555555555535,-0.2827726947859205,-0.17454943957672214,-0.1933503204261711,-0.02238316139635678,False
2022-03-07,MITT,AG Mortgage Investment Trust Inc,주택 및 상업용 리츠,8.55,8.89,8.53,8.72,7.660306,339500.0,-2.595242260594277,9.8992,10.692466666666666,11.143500000000001,-0.0071666666666665435,-0.009924999999999962,0.362857142857143,0.440944881889764,-0.22331964254648248,1.7762122638235245,-0.05145947948146331,-0.011452439022199556,False
2022-03-08,MITT,AG Mortgage Investment Trust Inc,주택 및 상업용 리츠,8.75,9.08,8.73,8.94,7.85357,265300.0,0.7684664759791016,9.865599999999999,10.680466666666666,11.124599999999997,-0.006000000000000227,-0.009450000000001957,0.3714285714285715,0.5923076923076891,-0.20353447276131287,0.8988935453075757,0.046451677900770705,0.0017639543185090467,False
2022-03-09,MITT,AG Mortgage Investment Trust Inc,주택 및 상업용 리츠,9.08,9.15,8.95,8.99,7.897494,196500.0,-0.9503663516503336,9.833,10.671466666666667,11.10655,-0.004499999999999282,-0.009024999999998506,0.37785714285714295,0.13232514177693946,-0.2035838645685592,-0.8978601163171137,-0.023828976660407324,-0.0024204731884038015,False
2022-03-10,MITT,AG Mortgage Investment Trust Inc,주택 및 상업용 리츠,8.98,9.0,8.84,8.97,7.879925,128400.0,-0.6068726970256733,9.800600000000001,10.66,11.08885,-0.00573333333333359,-0.008849999999999802,0.3650000000000001,-0.05479452054794402,-0.1694025207981742,0.12578207169828215,-0.06016703839035874,-0.0015268515433601937,False
2022-03-11,MITT,AG Mortgage Investment Trust Inc,주택 및 상업용 리츠,9.01,9.14,8.97,9.01,7.915063,122400.0,1.20442414354327,9.7706,10.6478,11.070150000000002,-0.006099999999999994,-0.009349999999999525,0.35071428571428587,0.11405295315682033,-0.08096391048405294,0.6483788477396709,0.03791098251629238,0.002224010208083916,False
2022-03-14,MITT,AG Mortgage Investment Trust Inc,주택 및 상업용 리츠,9.0,9.15,8.79,8.8,7.730584,142100.0,-0.1473815222859609,9.7398,10.635800000000001,11.051149999999998,-0.005999999999999339,-0.00950000000000184,0.34857142857142875,-0.6024590163934397,-0.12894719241880348,-0.29857693536886337,-0.027457177490433603,0.002775749315883267,False
2022-03-15,MITT,AG Mortgage Investment Trust Inc,주택 및 상업용 리츠,8.81,9.01,8.81,8.96,7.87114,98400.0,-0.2281214289540312,9.714,10.6252,11.03205,-0.005300000000000971,-0.00954999999999906,0.3378571428571429,0.4735729386892181,-0.03466715343722381,-0.4101419423804594,-0.062491806386988494,0.0018178501048306806,False
2022-03-16,MITT,AG Mortgage Investment Trust Inc,주택 및 상업용 리츠,9.07,9.14,8.91,9.02,7.92385,207600.0,-1.4788859115021036,9.6874,10.6148,11.012949999999998,-0.005199999999999427,-0.009550000000000836,0.3014285714285715,0.19905213270141753,-0.03621490972431696,-0.7961475584465976,-0.0849069560313659,-0.002632938282966275,False
2022-03-17,MITT,AG Mortgage Investment Trust Inc,주택 및 상업용 리츠,8.97,9.1,8.91,9.03,7.932633,96600.0,-2.22409143390625,9.6602,10.605533333333334,10.994200000000001,-0.004633333333333489,-0.009374999999998579,0.2750000000000001,0.03636363636363558,0.022296471367709188,-0.5340515975768216,0.008479374821859398,0.001064183135880165,False
2022-03-18,MITT,AG Mortgage Investment Trust Inc,주택 및 상업용 리츠,8.94,9.19,8.89,8.91,7.827216,753400.0,-4.151947966155656,9.6328,10.5952,10.976199999999999,-0.005166666666666764,-0.00900000000000123,0.26071428571428573,-0.46027397260273667,-0.03354475035562962,-1.0052152414907032,-0.09457445452468301,-0.004505976973454418,False
2022-03-21,MITT,AG Mortgage Investment Trust Inc,주택 및 상업용 리츠,9.09,9.18,9.0,9.08,7.976557,206300.0,-2.016460843761103,9.607800000000001,10.586866666666667,10.95875,-0.00416666666666643,-0.008724999999999206,0.2535714285714285,0.6704225352112675,0.0722268051249583,0.6916350241243453,-0.03836019131241368,0.005517031698712762,False
2022-03-22,MITT,AG Mortgage Investment Trust Inc,주택 및 상업용 리츠,9.05,9.36,9.05,9.33,8.196176,185300.0,-0.1885850497460595,9.586599999999999,10.580733333333333,10.9397,-0.003066666666667217,-0.009525000000000006,0.2649999999999998,0.9433962264150951,0.11756816169254107,0.3767425500099706,0.025888770386466,0.00190674164391576,False
2022-03-23,MITT,AG Mortgage Investment Trust Inc,주택 및 상업용 리츠,9.38,9.45,9.24,9.33,8.196176,134800.0,1.2094475946277106,9.5676,10.575133333333333,10.9145,-0.0027999999999996916,-0.012599999999999945,0.26285714285714273,0.0,0.1378110766722981,0.629957836458594,0.07364709342890592,-0.0030427367854883574,False
2022-03-24,MITT,AG Mortgage Investment Trust Inc,주택 및 상업용 리츠,9.33,9.33,9.23,9.24,8.117113,94600.0,-0.948040487781221,9.5446,10.57,10.8902,-0.002566666666666606,-0.012150000000000105,0.24571428571428555,-0.3662790697674415,0.15133082565716324,-1.1019885888013283,0.007401439912862621,-0.006054450740251898,False
2022-03-25,MITT,AG Mortgage Investment Trust Inc,주택 및 상업용 리츠,9.32,9.52,9.31,9.45,8.301593,100900.0,0.6865274980192293,9.5248,10.565533333333333,10.8674,-0.0022333333333337535,-0.011400000000000077,0.2399999999999997,0.8749999999999972,0.18233476266503704,0.5918577096553413,-0.07719531395629331,0.0031337589585731275,False
2022-03-28,MITT,AG Mortgage Investment Trust Inc,주택 및 상업용 리츠,9.51,9.58,9.35,9.49,8.336732,157100.0,0.3776716918511003,9.5068,10.559733333333334,10.8445,-0.0028999999999994586,-0.01144999999999996,0.23071428571428548,0.17337461300310014,0.15241097128613784,-0.2508680053048655,-0.1593211390000391,0.004254963613087917,False
2022-03-29,MITT,AG Mortgage Investment Trust Inc,주택 및 상업용 리츠,9.52,9.65,9.44,9.55,8.389441,167300.0,-0.28314823820080326,9.494,10.552533333333333,10.8237,-0.0036000000000004917,-0.010399999999999743,0.23071428571428548,0.26006191950464635,0.16153502683811688,-0.5217300668978635,-0.1324547068986641,-0.004028021231821893,False
2022-03-30,MITT,AG Mortgage Investment Trust Inc,주택 및 상업용 리츠,9.31,9.35,9.06,9.08,8.155901,209300.0,-4.481751985730586,9.4738,10.542266666666668,10.800550000000001,-0.005133333333332324,-0.011574999999999669,0.25428571428571406,-1.8483146067415772,0.033426449252857364,-1.434613834493078,-0.2439115573409041,-0.011103945091630162,False
2022-03-31,MITT,AG Mortgage Investment Trust Inc,주택 및 상업용 리츠,9.04,9.31,9.04,9.3,8.353511,154500.0,-0.720451642489317,9.4588,10.533133333333334,10.77655,-0.004566666666667274,-0.012000000000000455,0.2614285714285713,0.8415300546448117,0.08538909935914248,1.8827875080816745,-0.15573951017361815,-0.0054907717826652176,False
2022-04-01,MITT,AG Mortgage Investment Trust Inc,주택 및 상업용 리츠,9.38,9.42,9.08,9.17,8.236742,147900.0,-2.5347287719522438,9.443000000000001,10.521933333333333,10.75415,-0.005600000000000271,-0.011200000000000543,0.2599999999999998,-0.5000000000000034,0.09270760053010219,-0.7341170277966854,-0.18684951677560546,-0.0070168165400223215,False
2022-04-04,MITT,AG Mortgage Investment Trust Inc,주택 및 상업용 리츠,9.14,9.17,8.81,8.91,8.003202,183900.0,-5.759208032790253,9.421,10.51,10.73345,-0.005966666666666676,-0.01034999999999986,0.2707142857142855,-0.9604221635883904,-0.00972062106115555,-1.5521325580690326,-0.268420275039075,-0.009819504797451827,False
2022-04-05,MITT,AG Mortgage Investment Trust Inc,주택 및 상업용 리츠,9.08,9.08,8.57,8.6,7.724753,179400.0,-7.336062632784335,9.3964,10.495133333333333,10.70865,-0.007433333333333181,-0.012399999999999523,0.2907142857142855,-1.0663390663390688,-0.10010570670690457,-0.1106303228115938,-0.21945475820800328,-0.014923906567097737,False
2022-04-06,MITT,AG Mortgage Investment Trust Inc,주택 및 상업용 리츠,8.55,8.67,8.21,8.27,7.428338,255700.0,-9.452313214321551,9.3578,10.477400000000001,10.68355,-0.008866666666666134,-0.012550000000000061,0.3099999999999997,-1.0645161290322593,-0.1787399756637542,-0.3322546957542618,-0.20504069379210613,-0.019406042042057692,False
2022-04-07,MITT,AG Mortgage Investment Trust Inc,주택 및 상업용 리츠,8.25,8.28,7.8,7.89,7.087011,330300.0,-13.228176035056782,9.3128,10.457666666666666,10.6552,-0.009866666666667356,-0.014174999999999827,0.3228571428571426,-1.1769911504424784,-0.22993405979516432,-1.4959153511624992,-0.24009070162580584,-0.024850210181661624,False
2022-04-08,MITT,AG Mortgage Investment Trust Inc,주택 및 상업용 리츠,7.95,8.02,7.72,7.91,7.104975,182600.0,-11.94753075161098,9.269,10.437666666666667,10.62665,-0.009999999999999787,-0.014275000000000482,0.3249999999999998,0.061538461538463,-0.2734257793432218,0.2639775926095625,-0.2706376610197189,-0.024965250027659643,False
2022-04-11,MITT,AG Mortgage Investment Trust Inc,주택 및 상업용 리츠,7.9,8.06,7.83,7.94,7.131923,281500.0,-9.396134638416342,9.2252,10.418000000000001,10.59855,-0.009833333333332916,-0.014050000000000118,0.31928571428571423,0.09395973154362496,-0.334099814691184,1.3502822605580969,-0.20109911026628133,-0.01888396509659053,False
2022-04-12,MITT,AG Mortgage Investment Trust Inc,주택 및 상업용 리츠,7.92,7.97,7.51,7.71,6.92533,261100.0,-10.936917265703872,9.169,10.398600000000002,10.571399999999999,-0.009699999999999598,-0.013575000000000337,0.33714285714285713,-0.6822033898305098,-0.3828286282505061,-0.44175180537692993,-0.27764979896881875,-0.016280741055974275,False
2022-04-13,MITT,AG Mortgage Investment Trust Inc,주택 및 상업용 리츠,7.84,7.98,7.72,7.84,7.0421,211800.0,-9.732937933292163,9.120600000000001,10.380266666666666,10.5473,-0.0091666666666681,-0.01204999999999945,0.3492857142857143,0.37218813905930437,-0.3300809704771671,-0.41416253137652137,-0.22851936629561823,-0.023414366529313727,False
2022-04-14,MITT,AG Mortgage Investment Trust Inc,주택 및 상업용 리츠,7.85,8.0,7.82,7.88,7.078029,108200.0,-7.558558512542335,9.0736,10.363199999999999,10.52265,-0.008533333333333282,-0.012324999999999697,0.3421428571428572,0.11691022964509404,-0.38423023978823156,0.9572831834269908,-0.20241754674050041,-0.021227367383981254,False
2022-04-18,MITT,AG Mortgage Investment Trust Inc,주택 및 상업용 리츠,7.85,7.88,7.69,7.77,6.979224,123400.0,-8.29368565195363,9.029599999999999,10.344666666666667,10.497150000000001,-0.00926666666666609,-0.012749999999999595,0.3392857142857143,-0.3242105263157904,-0.41977203545386665,-0.30992069535358935,-0.20663559602969497,-0.02375321464972526,False
2022-04-19,MITT,AG Mortgage Investment Trust Inc,주택 및 상업용 리츠,7.81,7.81,7.28,7.29,6.548075,413500.0,-14.428037161393192,8.9746,10.323733333333335,10.470450000000001,-0.010466666666665958,-0.013349999999999973,0.36214285714285704,-1.3254437869822475,-0.5330224430600733,-2.42209167031947,-0.34237571055980975,-0.04223026659339863,False
2022-04-20,MITT,AG Mortgage Investment Trust Inc,주택 및 상업용 리츠,7.34,7.59,7.26,7.52,6.754667,199100.0,-10.78176187425477,8.926,10.303733333333334,10.44655,-0.010000000000000675,-0.011950000000000571,0.3507142857142856,0.65580448065173,-0.3541567939605514,0.6992399074758713,-0.1899575861334562,-0.03242008648490095,False
2022-04-21,MITT,AG Mortgage Investment Trust Inc,주택 및 상업용 리츠,7.5,7.78,7.45,7.5,6.736702,157500.0,-8.753261491805386,8.876,10.284533333333334,10.423900000000001,-0.009599999999999831,-0.011324999999999363,0.3549999999999998,-0.05633802816901291,-0.4182902284472532,0.9179878918625773,-0.25887184443482025,-0.024023899120476627,False
2022-04-22,MITT,AG Mortgage Investment Trust Inc,주택 및 상업용 리츠,7.45,7.5,7.33,7.44,6.682809,153800.0,-6.141783013530489,8.8262,10.264133333333334,10.40095,-0.010200000000000209,-0.01147500000000079,0.34285714285714264,-0.17499999999999896,-0.39507594273296714,1.4812393259472822,-0.10063210488167974,-0.025147544979015307,False
2022-04-25,MITT,AG Mortgage Investment Trust Inc,주택 및 상업용 리츠,7.35,7.39,7.11,7.38,6.628915,279800.0,-6.5136375953056,8.7786,10.2452,10.37365,-0.009466666666666512,-0.013650000000000162,0.3407142857142856,-0.17610062893081913,-0.339052975971712,-0.49041541254956106,-0.024795165916003205,-0.03319231460251692,False
2022-04-26,MITT,AG Mortgage Investment Trust Inc,주택 및 상업용 리츠,7.35,7.43,7.1,7.11,6.386394,157700.0,-6.379885133556096,8.7244,10.223866666666666,10.348149999999999,-0.010666666666667268,-0.012750000000000483,0.32785714285714274,-0.8235294117647048,-0.32170942921640033,0.6799812983993415,0.031677092741920744,-0.031528833487252016,False
2022-04-27,MITT,AG Mortgage Investment Trust Inc,주택 및 상업용 리츠,7.11,7.39,7.09,7.33,6.584004,142400.0,-2.857363702645044,8.6772,10.2026,10.3275,-0.010633333333332828,-0.01032499999999903,0.31642857142857134,0.6952595936794577,-0.19601116330842053,0.5866046586487828,0.09730990377070965,-0.027027543427908737,False
2022-04-28,MITT,AG Mortgage Investment Trust Inc,주택 및 상업용 리츠,7.33,7.66,7.33,7.6,6.826525,175700.0,-1.1626831631961543,8.6334,10.183133333333334,10.307900000000002,-0.00973333333333315,-0.009799999999999365,0.30571428571428566,0.8831775700934567,-0.04885625469871089,-0.34286287429757845,0.17967079497534685,-0.022315691747142544,False
2022-04-29,MITT,AG Mortgage Investment Trust Inc,주택 및 상업용 리츠,7.65,7.84,7.54,7.59,6.817543,180700.0,3.043838168544566,8.5886,10.161066666666667,10.287949999999999,-0.011033333333333672,-0.009975000000001621,0.30571428571428566,-0.032710280373831085,-0.05558830769244617,1.6430170760101583,0.2781736152182465,-0.019618487570122967,False
2022-05-02,MITT,AG Mortgage Investment Trust Inc,주택 및 상업용 리츠,7.54,7.63,7.3,7.44,6.682809,171000.0,1.0803101042101915,8.544,10.1356,10.2677,-0.012733333333333263,-0.010124999999999496,0.3128571428571428,-0.47945205479451897,-0.09654629243088501,-0.7268265860946422,0.12980869760019376,-0.03439874303982539,False
2022-05-03,MITT,AG Mortgage Investment Trust Inc,주택 및 상업용 리츠,7.41,7.76,7.4,7.75,6.961259,142200.0,5.046722526026892,8.5122,10.110999999999999,10.2514,-0.012300000000000644,-0.008149999999999658,0.3057142857142856,1.014018691588784,0.024612427670493115,0.7959593628710162,0.21821663818933276,-0.04402215267945445,False
2022-05-04,MITT,AG Mortgage Investment Trust Inc,주택 및 상업용 리츠,7.74,7.95,7.67,7.92,7.113958,150500.0,4.411649515174942,8.4834,10.088466666666667,10.23385,-0.01126666666666587,-0.008774999999999977,0.30642857142857133,0.5547785547785548,0.03765460022186814,-0.7028910210442402,0.19759317464163859,-0.04464754001091636,False
2022-05-05,MITT,AG Mortgage Investment Trust Inc,주택 및 상업용 리츠,7.96,7.96,7.65,7.81,7.015152,81700.0,6.653332615602747,8.4572,10.064333333333332,10.215,-0.012066666666667558,-0.009425000000000239,0.31571428571428556,-0.3484162895927614,0.00441699170487847,1.0705747488287432,0.2056854293131923,-0.04659066706825622,False
2022-05-06,MITT,AG Mortgage Investment Trust Inc,주택 및 상업용 리츠,8.0,8.2,7.68,7.96,7.149887,317400.0,8.77620875889804,8.4326,10.0406,10.199449999999999,-0.011866666666666248,-0.0077750000000005315,0.33928571428571414,0.442105263157896,0.05915383381014178,0.6529701158997159,0.27446334440271414,-0.03883589555707412,False
2022-05-09,MITT,AG Mortgage Investment Trust Inc,주택 및 상업용 리츠,7.9,8.03,7.38,7.44,6.682809,213800.0,4.735116198122502,8.4028,10.0122,10.18275,-0.014199999999999768,-0.008349999999999191,0.34785714285714275,-1.4948665297741266,0.04705220932500757,-0.36006531265177966,0.42175094137897773,-0.05151233181356852,False
2022-05-10,MITT,AG Mortgage Investment Trust Inc,주택 및 상업용 리츠,7.39,7.61,7.33,7.47,6.709756,290800.0,4.700800751641343,8.3714,9.9846,10.16585,-0.013799999999999812,-0.008449999999999847,0.3442857142857142,0.08713692946057908,0.006433098525639639,0.006387671443992715,0.3722614959481293,-0.04466334679192403,False
2022-05-11,MITT,AG Mortgage Investment Trust Inc,주택 및 상업용 리츠,7.42,7.75,7.42,7.62,6.84449,217900.0,8.036345642875208,8.3488,9.959466666666666,10.1503,-0.012566666666667281,-0.0077750000000005315,0.3442857142857142,0.43568464730290574,0.0415775753450624,0.9805060412120052,0.37672707804451694,-0.03137183545759796,False
2022-05-12,MITT,AG Mortgage Investment Trust Inc,주택 및 상업용 리츠,7.58,7.59,7.22,7.41,6.655862,437200.0,4.837590861351493,8.319799999999999,9.932533333333334,10.13335,-0.013466666666666072,-0.008474999999999788,0.36071428571428565,-0.5821782178217821,0.012493416929220744,-0.539489392936846,0.23238931240993638,-0.03272762920136343,False
2022-05-13,MITT,AG Mortgage Investment Trust Inc,주택 및 상업용 리츠,7.59,7.92,7.57,7.87,7.069047,184600.0,8.262635450414901,8.302,9.908666666666667,10.117299999999998,-0.011933333333333351,-0.008025000000000837,0.3735714285714285,1.2313575525812621,0.11302614418008369,0.4510585029838017,0.299637449233748,-0.030656053607076482,False
2022-05-16,MITT,AG Mortgage Investment Trust Inc,주택 및 상업용 리츠,7.79,8.0,7.79,7.92,7.113958,210000.0,8.75964416330044,8.2892,9.8826,10.1024,-0.013033333333333452,-0.007449999999999513,0.3649999999999999,0.13698630136986256,0.18163440940398137,0.27383882525321135,0.270627272580453,-0.040631978612853475,False
2022-05-17,MITT,AG Mortgage Investment Trust Inc,주택 및 상업용 리츠,8.02,8.07,7.91,7.98,7.167851,214400.0,6.485349664492013,8.2744,9.853733333333333,10.08795,-0.014433333333333742,-0.007225000000000037,0.3549999999999999,0.1690140845070437,0.14404544446309467,-0.5255692019448114,0.19118628253805342,-0.055337388010114286,False
2022-05-18,MITT,AG Mortgage Investment Trust Inc,주택 및 상업용 리츠,7.92,7.99,7.78,7.84,7.0421,188300.0,8.10153953933892,8.2524,9.824466666666666,10.07345,-0.014633333333333276,-0.007249999999999979,0.34642857142857136,-0.4041237113402079,0.05209535293211861,0.9707718431571772,0.2850173337848217,-0.04569248031600238,False
2022-05-19,MITT,AG Mortgage Investment Trust Inc,주택 및 상업용 리츠,7.77,7.85,7.71,7.74,6.952277,137400.0,6.549957890578195,8.2274,9.7944,10.06045,-0.015033333333333232,-0.00649999999999995,0.3349999999999999,-0.2985074626865662,0.033109839909780385,-0.0967099427809888,0.1607511181568826,-0.03843712246285355,False
2022-05-20,MITT,AG Mortgage Investment Trust Inc,주택 및 상업용 리츠,7.79,7.83,7.66,7.77,6.979224,133600.0,6.234371684876838,8.203399999999998,9.764066666666666,10.04585,-0.01516666666666655,-0.007299999999999862,0.32357142857142845,0.09271523178807753,0.07397893180853729,0.08776985197152389,0.21893657801875158,-0.0357417014275894,False
2022-05-23,MITT,AG Mortgage Investment Trust Inc,주택 및 상업용 리츠,7.89,8.05,7.86,7.87,7.069047,169900.0,4.906509278249693,8.1806,9.734266666666667,10.031,-0.014899999999999913,-0.007424999999999571,0.3178571428571429,0.31460674157303536,0.02402093537884094,-0.3028589320818197,0.1404495569506919,-0.03642531853201872,False
2022-05-24,MITT,AG Mortgage Investment Trust Inc,주택 및 상업용 리츠,7.87,7.95,7.71,7.92,7.113958,167300.0,5.580342246972703,8.163,9.705066666666669,10.0176,-0.014599999999998836,-0.006700000000000372,0.315,0.15873015873015817,-0.004268235767473102,0.44445190356570774,0.22240262299425956,-0.028671278350657133,False
2022-05-25,MITT,AG Mortgage Investment Trust Inc,주택 및 상업용 리츠,7.87,8.02,7.86,7.89,7.087011,160200.0,3.5668507996510668,8.1416,9.675866666666666,10.004299999999999,-0.0146000000000015,-0.006650000000000489,0.30428571428571427,-0.09859154929577547,0.013576388539454464,-0.45545833862110474,0.11340025960498476,-0.028941238510690345,False
2022-05-26,MITT,AG Mortgage Investment Trust Inc,주택 및 상업용 리츠,7.95,8.16,7.95,8.07,7.248692,159900.0,3.2814788046780397,8.1226,9.648466666666666,9.99175,-0.013700000000000045,-0.0062749999999995865,0.2864285714285715,0.6284289276808,0.026885221719661897,-0.1260479699127417,0.05775611061838064,-0.025866710517520843,False
2022-05-27,MITT,AG Mortgage Investment Trust Inc,주택 및 상업용 리츠,8.11,8.3,8.11,8.22,7.383426,155300.0,2.2895937183281534,8.1064,9.622599999999998,9.980749999999999,-0.012933333333333685,-0.0055000000000005045,0.25642857142857156,0.584958217270196,0.1754441322228278,-0.4043800072101922,0.05459077529277973,-0.027391742067956915,False
2022-05-31,MITT,AG Mortgage Investment Trust Inc,주택 및 상업용 리츠,8.24,8.24,8.08,8.14,7.311568,203800.0,1.4625212490707806,8.091000000000001,9.597,9.969149999999999,-0.012799999999999478,-0.005799999999999805,0.24785714285714297,-0.3227665706051875,0.14616531078955877,-0.05684097486543066,0.05007444341353522,-0.021584871719093464,False
2022-06-01,MITT,AG Mortgage Investment Trust Inc,주택 및 상업용 리츠,8.21,8.31,8.07,8.25,7.410373,166300.0,3.1956153637002993,8.074399999999999,9.573533333333334,9.95875,-0.01173333333333293,-0.005199999999999427,0.24142857142857155,0.45562130177514537,0.14758935753757588,0.7772301447092647,0.03555473652048232,-0.010168671991500856,False
2022-06-02,MITT,AG Mortgage Investment Trust Inc,주택 및 상업용 리츠,8.28,8.31,8.19,8.19,7.356479,111700.0,0.28490966322674005,8.0516,9.5498,9.948450000000001,-0.011866666666667136,-0.005149999999999544,0.22142857142857159,-0.27096774193548595,0.16981867724373986,-1.0588372442703515,-0.0015415385747680674,-0.020854285079209813,False
2022-06-03,MITT,AG Mortgage Investment Trust Inc,주택 및 상업용 리츠,8.13,8.3,8.1,8.23,7.392408,85000.0,2.1365844161725933,8.0296,9.525733333333333,9.938749999999999,-0.012033333333333118,-0.004850000000001131,0.19928571428571454,0.2007168458781406,0.09620148390780263,0.9290127402908506,0.03259804980430685,-0.009060195571388405,False
2022-06-06,MITT,AG Mortgage Investment Trust Inc,주택 및 상업용 리츠,8.23,8.39,8.23,8.27,7.428338,108100.0,2.1138619692343985,8.0102,9.503733333333335,9.93005,-0.010999999999999233,-0.004349999999999632,0.19571428571428598,0.20437956204379099,0.10101528824165465,0.06665486776853424,0.01779919569825848,-0.0006656359435392519,False
2022-06-07,MITT,AG Mortgage Investment Trust Inc,주택 및 상업용 리츠,8.26,8.35,8.21,8.23,7.392408,124600.0,0.37028400861971456,7.9858,9.479133333333333,9.9206,-0.012300000000000644,-0.004724999999999646,0.19428571428571445,-0.2058823529411719,0.07423697128106785,-0.6246227035527342,0.010723945583406851,-0.012067056119644542,False
2022-06-08,MITT,AG Mortgage Investment Trust Inc,주택 및 상업용 리츠,8.27,8.27,8.08,8.24,7.401391,139100.0,1.2419034994694433,7.960800000000001,9.456333333333331,9.91,-0.011400000000000965,-0.005300000000000082,0.192857142857143,0.051851851851850705,0.10680665436621488,0.5807360280495975,-0.01713575549570599,0.00126940518345347,False
2022-06-09,MITT,AG Mortgage Investment Trust Inc,주택 및 상업용 리츠,8.16,8.39,8.16,8.32,7.473248,102600.0,4.362325382109367,7.9362,9.433800000000002,9.89845,-0.011266666666664982,-0.005774999999999864,0.19928571428571448,0.40143369175627236,0.15680245111213192,1.5241987253559348,0.09864343508550284,0.016415193633520876,False
2022-06-10,MITT,AG Mortgage Investment Trust Inc,주택 및 상업용 리츠,8.2,8.24,8.07,8.21,7.374444,122000.0,5.487585949024143,7.9188,9.410200000000001,9.886400000000002,-0.011800000000000033,-0.006024999999999281,0.2050000000000002,-0.5365853658536552,0.11185240842343672,0.8212494997897541,0.1510348385010907,0.0247063193483082,False
2022-06-13,MITT,AG Mortgage Investment Trust Inc,주택 및 상업용 리츠,8.02,8.03,7.02,7.2,6.467234,400400.0,-3.67242728508399,7.876799999999999,9.371533333333334,9.86905,-0.01933333333333387,-0.008675000000001098,0.2700000000000002,-3.7407407407407405,-0.1778152688846901,-2.101972048388392,0.022526758764906982,-0.008267266953857166,False
2022-06-14,MITT,AG Mortgage Investment Trust Inc,주택 및 상업용 리츠,7.25,7.39,6.73,6.75,6.063032,310000.0,-8.964815957774908,7.828399999999999,9.329666666666666,9.84855,-0.020933333333333692,-0.010250000000000092,0.30000000000000016,-1.4999999999999998,-0.2962959945082728,-1.3435041517108484,-0.10518438804056131,-0.016860272743788804,False
2022-06-15,MITT,AG Mortgage Investment Trust Inc,주택 및 상업용 리츠,6.73,6.86,6.48,6.75,6.063032,294000.0,-9.886798388794272,7.7852,9.286266666666666,9.8288,-0.021700000000000053,-0.009875000000000078,0.3157142857142859,0.0,-0.28925374098714596,-0.5839764281953259,-0.11436425158157712,-0.02807230481727977,False
2022-06-16,MITT,AG Mortgage Investment Trust Inc,주택 및 상업용 리츠,6.54,6.54,6.18,6.24,5.604937,300200.0,-13.245518030004789,7.7379999999999995,9.239533333333332,9.80585,-0.02336666666666698,-0.011474999999999902,0.3371428571428573,-1.5127118644067783,-0.44219236899340153,-0.24483931876378406,-0.12284934792808014,-0.03694904955299277,False
2022-06-17,MITT,AG Mortgage Investment Trust Inc,주택 및 상업용 리츠,6.25,6.71,6.15,6.66,5.982192,413800.0,-7.203034219734839,7.7058,9.197,9.784500000000001,-0.021266666666666545,-0.010674999999999102,0.3607142857142858,1.1643564356435638,-0.4008067819667324,1.0794593736736282,-0.01686082072209297,-0.025778360638038022,False
2022-06-21,MITT,AG Mortgage Investment Trust Inc,주택 및 상업용 리츠,6.78,7.26,6.73,7.02,6.305553,213500.0,-4.212607981560446,7.688400000000001,9.157399999999999,9.76535,-0.01980000000000004,-0.009575000000000777,0.39214285714285724,0.9180327868852443,-0.3121782564317016,0.00027592600563730585,-0.012781042088445252,-0.01780780832508989,False
2022-06-22,MITT,AG Mortgage Investment Trust Inc,주택 및 상업용 리츠,7.02,7.21,7.02,7.06,6.341483,154700.0,-3.285939485247935,7.6714,9.120133333333333,9.7461,-0.018633333333332835,-0.009624999999999773,0.3885714285714287,0.1029411764705883,-0.33736969395345573,0.15325218435408347,-0.057350896399529616,-0.011711306156437513,False
2022-06-23,MITT,AG Mortgage Investment Trust Inc,주택 및 상업용 리츠,7.02,7.24,6.97,7.18,6.44927,137300.0,-2.2743230077561294,7.6562,9.091933333333333,9.72755,-0.014100000000000001,-0.0092749999999997,0.39928571428571435,0.3005366726296961,-0.2965479500559427,-0.07973534268852411,0.012584953713458054,0.007543865723206203,False
2022-06-24,MITT,AG Mortgage Investment Trust Inc,주택 및 상업용 리츠,7.21,7.4,7.17,7.2,6.467234,290700.0,-4.557263325059369,7.646,9.069600000000001,9.710450000000002,-0.011166666666666103,-0.008549999999999613,0.4014285714285714,0.04982206405694065,-0.30732614875745695,-1.145057783466005,-0.13556294084060305,0.0073095166979889265,False
2022-06-27,MITT,AG Mortgage Investment Trust Inc,주택 및 상업용 리츠,7.28,7.54,7.17,7.17,6.440288,179600.0,-4.298510251383547,7.6326,9.048466666666666,9.693349999999999,-0.010566666666667501,-0.00855000000000139,0.4164285714285714,-0.07204116638078963,-0.3270704865020698,0.04973133148354893,-0.13677176486095916,0.013508417243074418,False
2022-06-28,MITT,AG Mortgage Investment Trust Inc,주택 및 상업용 리츠,7.24,7.31,7.09,7.14,6.413341,161100.0,-2.4645093283071406,7.6178,9.027066666666666,9.67685,-0.010699999999999932,-0.008249999999999424,0.4221428571428572,-0.07106598984771631,-0.3174407462811088,0.727007127655606,-0.04022677691750627,0.016811696792799962,False
2022-06-29,MITT,AG Mortgage Investment Trust Inc,주택 및 상업용 리츠,6.99,7.14,6.69,6.74,6.237506,117900.0,-7.367483287060372,7.5972,9.001866666666666,9.6578,-0.012599999999999945,-0.009525000000000006,0.4407142857142858,-0.9076175040518625,-0.3859742717028025,-0.8796613886114062,-0.14454087810757796,0.00592191126190798,False
2022-06-30,MITT,AG Mortgage Investment Trust Inc,주택 및 상업용 리츠,6.66,6.82,6.59,6.75,6.246761,130000.0,-5.845892102572082,7.5864,8.976,9.6394,-0.012933333333332797,-0.009199999999999875,0.4407142857142858,0.02269043760129611,-0.4130273612853009,0.37203706113561963,-0.22683813983760048,0.008588219373897955,False
2022-07-01,MITT,AG Mortgage Investment Trust Inc,주택 및 상업용 리츠,6.75,7.05,6.73,6.98,6.459613,161800.0,-3.3069505174746716,7.5756000000000006,8.951266666666667,9.621699999999999,-0.012366666666666859,-0.00885000000000069,0.44571428571428573,0.516025641025642,-0.33784086079392245,0.08598135117802169,-0.2793572933098671,0.010450555835897357,False
2022-07-05,MITT,AG Mortgage Investment Trust Inc,주택 및 상업용 리츠,6.97,7.14,6.79,7.1,6.570667,156600.0,-1.4082437276056625,7.5676,8.929466666666666,9.6053,-0.010900000000000354,-0.008199999999999541,0.3857142857142856,0.3111111111111092,-0.04842287137593323,0.24180742224160862,-0.11194447397915276,-0.0009316041731433707,False
2022-07-06,MITT,AG Mortgage Investment Trust Inc,주택 및 상업용 리츠,7.14,7.24,6.81,6.92,6.404087,75400.0,-3.7200149154659634,7.5572,8.905533333333333,9.5874,-0.011966666666666903,-0.00894999999999957,0.3692857142857143,-0.4874274661508696,0.023903738184718925,-0.6454111453434391,-0.062080687810052104,0.0018156479674803537,False
2022-07-07,MITT,AG Mortgage Investment Trust Inc,주택 및 상업용 리츠,6.9,7.03,6.9,6.99,6.468867,54900.0,-3.6984482124629126,7.5494,8.8834,9.57125,-0.011066666666666336,-0.00807500000000072,0.3514285714285714,0.1991869918699195,0.03813138046114174,-0.49319090075204863,-0.05559600727838944,-0.010709620381329292,False
2022-07-08,MITT,AG Mortgage Investment Trust Inc,주택 및 상업용 리츠,7.03,7.13,6.91,7.04,6.51514,70100.0,-2.4131236256915933,7.547999999999999,8.861333333333334,9.5549,-0.011033333333332784,-0.0081749999999996,0.3264285714285714,0.1531728665207872,0.15712314695596788,0.1958713546020579,-0.024116673466543587,-0.016415916796956902,False
2022-07-11,MITT,AG Mortgage Investment Trust Inc,주택 및 상업용 리츠,7.0,7.23,6.97,7.21,6.672466,157500.0,1.6589455675965814,7.5456,8.839466666666667,9.538350000000001,-0.010933333333333906,-0.008274999999999366,0.30500000000000005,0.5573770491803276,0.11376747649430811,1.1603103960218868,-0.018341600441667976,-0.0035132027167512256,False
2022-07-12,MITT,AG Mortgage Investment Trust Inc,주택 및 상업용 리츠,7.22,7.42,7.22,7.25,6.709484,90300.0,3.7579467887621343,7.5386,8.8186,9.522,-0.010433333333333294,-0.008175000000000487,0.2771428571428572,0.1443298969072166,0.05850298435302043,0.6382243876595516,0.0272261468193259,-0.0016827775235145634,False
2022-07-13,MITT,AG Mortgage Investment Trust Inc,주택 및 상업용 리츠,7.24,7.35,7.14,7.28,6.737247,142000.0,4.668872094522114,7.5324,8.796333333333333,9.5039,-0.01113333333333344,-0.009050000000000225,0.2785714285714286,0.10769230769230859,0.05884235086885759,0.34687208183200435,0.04105613949632025,0.002463153832202039,False
2022-07-14,MITT,AG Mortgage Investment Trust Inc,주택 및 상업용 리츠,7.23,7.28,7.04,7.11,6.579922,92200.0,2.3396932122021097,7.5258,8.771733333333335,9.48315,-0.012299999999998867,-0.010374999999999801,0.2764285714285714,-0.614987080103359,-0.006552202897789199,-0.45811448852200665,0.014029057651071495,0.004866574466735293,False
2022-07-15,MITT,AG Mortgage Investment Trust Inc,주택 및 상업용 리츠,7.18,7.41,7.01,7.35,6.802028,69400.0,3.457960709713115,7.517800000000001,8.7486,9.4627,-0.011566666666667835,-0.01022500000000015,0.2885714285714286,0.8316831683168293,0.04929501883505999,-0.21581349233141434,0.08040364987497083,0.004310333415154665,False
2022-07-18,MITT,AG Mortgage Investment Trust Inc,주택 및 상업용 리츠,7.01,7.07,6.79,7.07,6.542903,219600.0,-0.034725543392577496,7.500800000000001,8.7232,9.44155,-0.012699999999999712,-0.010575000000000223,0.3021428571428571,-0.9267139479905417,-0.01175303699420802,-0.4825794837076541,0.04238144878988489,-0.0031135077616171168,False
2022-07-19,MITT,AG Mortgage Investment Trust Inc,주택 및 상업용 리츠,7.13,7.35,7.13,7.22,6.68172,172000.0,-0.7168188949034704,7.489,8.699333333333334,9.420499999999999,-0.011933333333333351,-0.01052500000000034,0.3064285714285714,0.48951048951048787,0.028288140102806565,-0.9897189765054626,-0.08024184436447714,-0.004235469896717915,False
2022-07-20,MITT,AG Mortgage Investment Trust Inc,주택 및 상업용 리츠,7.14,7.4,7.12,7.39,6.839046,114900.0,1.0209747652346834,7.477600000000001,8.678533333333332,9.39985,-0.010400000000000631,-0.01032499999999903,0.2942857142857143,0.5776699029126211,0.13438009774312681,0.25795116779058364,0.0010161953785221278,-0.0007424464216399733,False
2022-07-21,MITT,AG Mortgage Investment Trust Inc,주택 및 상업용 리츠,7.31,7.58,7.27,7.56,6.996372,122100.0,2.300306267920682,7.48,8.659533333333334,9.37915,-0.009499999999999176,-0.010350000000000747,0.3,0.5666666666666664,0.17323554267636757,0.024121430659751364,-0.02383492108403989,-0.0017228725251542884,False
2022-07-22,MITT,AG Mortgage Investment Trust Inc,주택 및 상업용 리츠,7.61,7.65,7.42,7.52,6.959354,80700.0,2.6992785002573516,7.481,8.639800000000001,9.3587,-0.009866666666666468,-0.010224999999999262,0.29357142857142865,-0.1362530413625305,0.12664420822006953,0.38439572627754404,-0.002519608576931152,0.0057966903105934635,False
2022-07-25,MITT,AG Mortgage Investment Trust Inc,주택 및 상업용 리츠,7.57,7.57,7.4,7.45,6.894573,74100.0,1.5068160740171255,7.4776,8.619266666666668,9.339,-0.010266666666666424,-0.009850000000000136,0.2807142857142858,-0.24936386768447613,0.086610281163242,-0.326533369402188,-0.04311537940863091,-0.0008798467057670671,False
2022-07-26,MITT,AG Mortgage Investment Trust Inc,주택 및 상업용 리츠,7.4,7.6,7.33,7.54,6.977863,67300.0,3.69587044096773,7.480200000000001,8.599933333333333,9.31945,-0.009666666666667822,-0.009775000000000311,0.2692857142857143,0.3342175066312992,0.14529920779053976,1.0163495286355866,0.07558181158987091,0.0035583338269295,False
2022-07-27,MITT,AG Mortgage Investment Trust Inc,주택 및 상업용 리츠,7.64,7.8,7.59,7.76,7.181462,111100.0,3.8324793557219516,7.478000000000001,8.584200000000001,9.301,-0.0078666666666658,-0.009224999999999817,0.2785714285714286,0.7897435897435888,0.1874818219243733,-0.6565834476274756,0.0639109153844833,0.0008864890459494079,False
2022-07-28,MITT,AG Mortgage Investment Trust Inc,주택 및 상업용 리츠,7.78,8.18,7.77,8.14,7.533131,150000.0,6.938147709891074,7.4824,8.568800000000001,9.28255,-0.007699999999999818,-0.009224999999999817,0.29285714285714287,1.2975609756097588,0.2692238297164427,0.6337132843395764,0.0951853389371632,0.006180580878765287,False
2022-07-29,MITT,AG Mortgage Investment Trust Inc,주택 및 상업용 리츠,8.29,8.39,8.03,8.23,7.616421,125400.0,6.01199179343701,7.4874,8.553666666666667,9.262149999999998,-0.007566666666667388,-0.010200000000001097,0.3000000000000001,0.29999999999999943,0.2508397547749907,-0.47506299717021133,-0.02162704629084381,0.006504056641549417,False
2022-08-01,MITT,AG Mortgage Investment Trust Inc,주택 및 상업용 리츠,8.16,8.39,8.12,8.27,7.653439,107400.0,6.310534037193616,7.496,8.538,9.24235,-0.007833333333333137,-0.009899999999999132,0.30428571428571444,0.13145539906103,0.24992014778597738,0.291025827451597,-0.04642694344855486,0.009055488515031128,False
2022-08-02,MITT,AG Mortgage Investment Trust Inc,주택 및 상업용 리츠,8.27,8.27,8.03,8.12,7.514622,69500.0,4.717469954493914,7.5036000000000005,8.521333333333333,9.2217,-0.008333333333333748,-0.010324999999999918,0.3064285714285716,-0.48951048951049037,0.20726280512863457,-0.11039375650776906,-0.07908878904425296,0.015058759147843992,False
2022-08-03,MITT,AG Mortgage Investment Trust Inc,주택 및 상업용 리츠,8.06,8.17,8.05,8.14,7.533131,36100.0,2.926469945457133,7.511,8.505,9.200800000000001,-0.00816666666666599,-0.010449999999999626,0.297857142857143,0.06714628297362561,0.2559866167769906,-0.8200995620419611,-0.1049448657242497,0.009649569363716923,False
2022-08-04,MITT,AG Mortgage Investment Trust Inc,주택 및 상업용 리츠,8.0,8.0,7.31,7.4,6.848301,250900.0,-6.336024692546771,7.501600000000001,8.484266666666667,9.1761,-0.01036666666666708,-0.012350000000000527,0.32857142857142874,-2.2521739130434777,0.035711110965540104,-2.2051767785282075,-0.24704224330973495,-0.0026413112992754893,False
2022-08-05,MITT,AG Mortgage Investment Trust Inc,주택 및 상업용 리츠,7.4,7.46,7.31,7.4,6.848301,68300.0,-6.133647095618199,7.4912,8.464666666666666,9.1516,-0.009800000000000253,-0.012249999999999872,0.2992857142857145,0.0,0.10190496439343597,0.10238347805160307,-0.20525917461264512,-7.126298157350192e-05,False
2022-08-08,MITT,AG Mortgage Investment Trust Inc,주택 및 상업용 리츠,7.35,7.59,7.35,7.45,6.894573,49300.0,-5.205167230491625,7.4824,8.446,9.1275,-0.009333333333333194,-0.012050000000000338,0.2964285714285717,0.16867469879517996,0.07898812219948538,0.2510644392069899,-0.11663178777604137,0.0020243853738642534,False
2022-08-09,MITT,AG Mortgage Investment Trust Inc,주택 및 상업용 리츠,7.59,7.59,7.33,7.53,6.968609,60500.0,-3.595780451242847,7.4716000000000005,8.427200000000001,9.10425,-0.009399999999999409,-0.011624999999999552,0.29500000000000026,0.2711864406779661,0.05709644632558146,0.5617352950924073,-0.09493292154019684,0.007188618938612336,False
2022-08-10,MITT,AG Mortgage Investment Trust Inc,주택 및 상업용 리츠,7.53,7.6,7.5,7.51,6.9501,56900.0,-5.529264932860856,7.4574,8.408,9.0813,-0.009600000000000719,-0.011474999999999902,0.2800000000000002,-0.07142857142857303,0.011518215033064353,-1.492854375282638,-0.2032883362503675,-0.0039876267275271255,False
2022-08-11,MITT,AG Mortgage Investment Trust Inc,주택 및 상업용 리츠,7.56,7.75,7.47,7.53,6.968609,107800.0,-4.994338164474133,7.4452,8.389666666666667,9.05905,-0.009166666666666323,-0.011125000000000718,0.28357142857142875,0.07052896725440964,0.026288358505702936,0.11960079657838998,-0.22220225980030706,-0.011985237207899346,False
2022-08-12,MITT,AG Mortgage Investment Trust Inc,주택 및 상업용 리츠,7.58,7.68,7.49,7.58,7.014881,64200.0,-5.6623710677474515,7.431800000000001,8.371333333333334,9.0381,-0.009166666666666323,-0.010474999999999568,0.28500000000000014,0.17543859649122737,0.05663139166111032,-0.9725982993761227,-0.26834975479844525,-0.020158114184988297,False
2022-08-15,MITT,AG Mortgage Investment Trust Inc,주택 및 상업용 리츠,7.52,7.53,7.37,7.47,6.913082,56900.0,-7.133871923377022,7.4174,8.351866666666666,9.0167,-0.009733333333334038,-0.010699999999999932,0.28071428571428586,-0.3918575063613241,0.004768890733065805,-0.6629142649891486,-0.3882971686287835,-0.028424619263538085,False
2022-08-16,MITT,AG Mortgage Investment Trust Inc,주택 및 상업용 리츠,7.41,7.48,7.17,7.17,6.635448,329100.0,-10.627831454352677,7.3962,8.331133333333334,8.99335,-0.010366666666666191,-0.011675000000000324,0.28428571428571453,-1.0552763819095463,-0.12701825009930098,-1.195183606555422,-0.4267686085522082,-0.03452654566469,False
2022-08-17,MITT,AG Mortgage Investment Trust Inc,주택 및 상업용 리츠,7.17,7.19,7.0,7.11,6.579922,129000.0,-10.241473915735144,7.373000000000001,8.309266666666666,8.97105,-0.010933333333333906,-0.011149999999999771,0.2678571428571431,-0.2239999999999983,-0.23570117692856934,0.3405829439528587,-0.4477064900084024,-0.029671857525585887,False
2022-08-18,MITT,AG Mortgage Investment Trust Inc,주택 및 상업용 리츠,7.1,7.2,7.07,7.1,6.570667,141000.0,-10.004816356141887,7.3504,8.287,8.946950000000001,-0.011133333333332551,-0.01204999999999945,0.2514285714285716,-0.03977272727272993,-0.25997065744805,-0.224410167492434,-0.4298027164599897,-0.030763970183886803,False
2022-08-19,MITT,AG Mortgage Investment Trust Inc,주택 및 상업용 리츠,7.01,7.05,6.89,6.95,6.43185,74400.0,-10.133711925730026,7.324599999999999,8.264066666666666,8.923399999999999,-0.01146666666666718,-0.011775000000000979,0.2471428571428572,-0.6069364161849689,-0.31271292996562133,0.42236487652989885,-0.42042135581153955,-0.03485912827938135,False
2022-08-22,MITT,AG Mortgage Investment Trust Inc,주택 및 상업용 리츠,6.9,6.94,6.64,6.76,6.256016,139300.0,-10.078145776925773,7.2934,8.2412,8.8987,-0.011433333333333628,-0.012349999999999639,0.2521428571428572,-0.7535410764872534,-0.3315722576068187,0.8509275296836085,-0.3517555496550126,-0.023404428189198218,False
2022-08-23,MITT,AG Mortgage Investment Trust Inc,주택 및 상업용 리츠,6.76,6.84,6.75,6.77,6.26527,239400.0,-9.034074392672697,7.264600000000001,8.219066666666667,8.8738,-0.011066666666666336,-0.012450000000000294,0.2500000000000001,0.03999999999999913,-0.3335112778192206,0.21312350855330142,-0.277953901755351,-0.02908755272648387,False
2022-08-24,MITT,AG Mortgage Investment Trust Inc,주택 및 상업용 리츠,6.77,6.88,6.72,6.75,6.246761,161300.0,-8.811540013233587,7.2556,8.197066666666666,8.84255,-0.01100000000000012,-0.015625,0.2021428571428572,-0.09893992932861977,-0.17970885041101647,-0.3208557491728714,-0.14335954251568414,-0.034908147896420244,False
2022-08-25,MITT,AG Mortgage Investment Trust Inc,주택 및 상업용 리츠,6.75,6.89,6.74,6.78,6.274524,265400.0,-8.697942933097714,7.2562,8.175866666666668,8.8113,-0.010599999999999277,-0.015625,0.20214285714285715,0.14840989399293408,-0.16910814369723548,-0.906051001281996,-0.21539057675379833,-0.04333124313101252,False
2022-08-26,MITT,AG Mortgage Investment Trust Inc,주택 및 상업용 리츠,6.78,6.83,6.63,6.66,6.163471,144100.0,-6.256235681916933,7.2544,8.153533333333334,8.7783,-0.011166666666666991,-0.016499999999999737,0.1992857142857143,-0.6021505376344092,-0.22416708915649183,1.694174360538096,-0.11231129665871939,-0.04104497857312782,False
2022-08-29,MITT,AG Mortgage Investment Trust Inc,주택 및 상업용 리츠,6.36,6.64,6.3,6.51,6.024654,554500.0,-6.706105126468575,7.2598,8.131400000000001,8.744599999999998,-0.011066666666666336,-0.016850000000000698,0.20642857142857146,-0.7266435986159185,-0.29544066339176933,-0.296325370299128,-0.17360134418668619,-0.037609881097789406,False
2022-08-30,MITT,AG Mortgage Investment Trust Inc,주택 및 상업용 리츠,6.59,6.6,6.46,6.49,6.006145,129700.0,-4.9768916133429375,7.2564,8.106666666666667,8.71185,-0.012366666666666859,-0.01637499999999914,0.20928571428571432,-0.09556313993173855,-0.29716456114199546,0.6187007133290945,-0.02277598071441957,-0.04590981445122449,False
2022-08-31,MITT,AG Mortgage Investment Trust Inc,주택 및 상업용 리츠,6.53,6.56,6.37,6.41,5.932109,402500.0,-4.465737277930659,7.244200000000001,8.0818,8.6791,-0.012433333333333962,-0.01637500000000003,0.20285714285714285,-0.39436619718309895,-0.3303713586018175,0.10385612322047588,-0.02390060023998486,-0.04436325301539779,False
2022-09-01,MITT,AG Mortgage Investment Trust Inc,주택 및 상업용 리츠,6.38,6.45,6.01,6.2,5.737765,228400.0,-7.272145420525722,7.227,8.055800000000001,8.64685,-0.012999999999999012,-0.016124999999999723,0.22071428571428578,-0.9514563106796112,-0.41086385197116304,-1.1423734707195883,-0.03602739819308954,-0.05270232690027757,False
2022-09-02,MITT,AG Mortgage Investment Trust Inc,주택 및 상업용 리츠,6.22,6.38,6.09,6.15,5.691493,227000.0,-6.416425256473679,7.2063999999999995,8.029266666666667,8.62055,-0.013266666666667426,-0.013150000000000439,0.22642857142857148,-0.2208201892744471,-0.39864690075067183,0.41600673163395563,0.04103838727998933,-0.04392017934501504,False
2022-09-06,MITT,AG Mortgage Investment Trust Inc,주택 및 상업용 리츠,6.11,6.12,5.89,5.94,5.497149,254500.0,-8.476227630680489,7.1812000000000005,7.998733333333333,8.5975,-0.015266666666666762,-0.011524999999999785,0.22285714285714292,-0.9423076923076918,-0.3905777086362537,-0.7041294045751261,0.07611368742143905,-0.051084957449231375,False
2022-09-07,MITT,AG Mortgage Investment Trust Inc,주택 및 상업용 리츠,5.94,5.98,5.83,5.92,5.478641,174000.0,-9.503312863789738,7.1562,7.9698,8.5754,-0.014466666666666406,-0.011050000000000004,0.22000000000000006,-0.09090909090909298,-0.3810712151297605,-1.1208703271663343,-0.028275831944217598,-0.051751825283450584,False
2022-09-08,MITT,AG Mortgage Investment Trust Inc,주택 및 상업용 리츠,5.89,5.96,5.8,5.92,5.478641,145000.0,-9.252848172594897,7.131800000000001,7.941066666666666,8.553249999999998,-0.014366666666667083,-0.011075000000000834,0.22214285714285723,0.0,-0.37823030603885116,-0.3648818117618642,-0.038309520820605465,-0.05096733236980939,False
2022-09-09,MITT,AG Mortgage Investment Trust Inc,주택 및 상업용 리츠,5.97,6.07,5.95,5.96,5.515658,298100.0,-9.108462389275596,7.1162,7.9143333333333326,8.53045,-0.013366666666666749,-0.011399999999999189,0.21785714285714297,0.18360655737704926,-0.32176295078442135,-0.6602075899971549,-0.11563612557253787,-0.05767494864908262,False
2022-09-12,MITT,AG Mortgage Investment Trust Inc,주택 및 상업용 리츠,5.98,6.07,5.9,5.9,5.460132,391400.0,-10.029433488289929,7.0992,7.886733333333333,8.5068,-0.013799999999999812,-0.011824999999999974,0.20785714285714293,-0.288659793814431,-0.28855714487921974,-0.9110529314714386,-0.24149187279789838,-0.0635870616523356,False
2022-09-13,MITT,AG Mortgage Investment Trust Inc,주택 및 상업용 리츠,5.86,5.89,5.72,5.74,5.31206,175300.0,-7.707320083026515,7.0744,7.858666666666666,8.482050000000001,-0.014033333333333342,-0.01237499999999958,0.2142857142857144,-0.7466666666666669,-0.3447476210696959,1.471370338013517,-0.15161709926502587,-0.053283427598573255,False
2022-09-14,MITT,AG Mortgage Investment Trust Inc,주택 및 상업용 리츠,5.76,5.88,5.71,5.85,5.413859,368300.0,-5.710860660318218,7.0494,7.8309999999999995,8.459449999999999,-0.013833333333333364,-0.011300000000001198,0.2150000000000001,0.5116279069767413,-0.3011356327621701,0.3473159388305077,-0.10389055012192736,-0.049472796151688446,False
2022-09-15,MITT,AG Mortgage Investment Trust Inc,주택 및 상업용 리츠,5.84,5.88,5.62,5.67,5.247279,331200.0,-6.943924294329595,7.024400000000001,7.802600000000001,8.43525,-0.014199999999999324,-0.012099999999999334,0.222857142857143,-0.8076923076923059,-0.36942864716825863,-0.2621135059853287,-0.057895014743593966,-0.04575372148795108,False
2022-09-16,MITT,AG Mortgage Investment Trust Inc,주택 및 상업용 리츠,5.7,5.94,5.57,5.94,5.497149,291000.0,-1.416517077057522,7.0034,7.777133333333334,8.413400000000001,-0.012733333333333263,-0.010924999999999407,0.23500000000000013,1.1489361702127674,-0.2443510251791746,1.51730908384989,-0.07052824879275152,-0.03810376375298161,False
2022-09-19,MITT,AG Mortgage Investment Trust Inc,주택 및 상업용 리츠,5.89,5.99,5.7,5.7,5.275042,1090300.0,-5.490979923553551,6.976600000000001,7.749666666666665,8.39015,-0.013733333333334485,-0.01162500000000044,0.23000000000000012,-1.0434782608695656,-0.2669820724830065,-1.3873646580947896,-0.14845962649244163,-0.05428285196876028,False
2022-09-20,MITT,AG Mortgage Investment Trust Inc,주택 및 상업용 리츠,5.71,5.83,5.67,5.7,5.275042,114400.0,-3.9308411303804136,6.9464,7.723066666666667,8.3662,-0.013299999999999201,-0.011975000000000513,0.23142857142857157,0.0,-0.26015613391645376,0.5731097826612483,-0.15171612154014497,-0.0490603900216694,False
2022-09-21,MITT,AG Mortgage Investment Trust Inc,주택 및 상업용 리츠,5.7,5.78,5.62,5.66,5.238025,211000.0,-2.4801515965875764,6.9146,7.695533333333333,8.3426,-0.013766666666667149,-0.011800000000000033,0.22928571428571448,-0.17445482866043616,-0.24444817902197785,0.6428106214689292,-0.11321937166525542,-0.04162923482491853,False
2022-09-22,MITT,AG Mortgage Investment Trust Inc,주택 및 상업용 리츠,5.64,5.64,5.44,5.5,5.089953,248900.0,-3.9088572730472504,6.879000000000001,7.666666666666667,8.317,-0.014433333333332854,-0.012799999999999478,0.21357142857142872,-0.7491638795986624,-0.22999871965905294,-0.3446667908305388,-0.0562403231017519,-0.04450080708071798,False
2022-09-23,MITT,AG Mortgage Investment Trust Inc,주택 및 상업용 리츠,5.38,5.46,5.09,5.19,4.803065,381600.0,-7.096448522026044,6.8406,7.6368,8.288950000000002,-0.014933333333333465,-0.014024999999999288,0.22214285714285728,-1.3954983922829556,-0.3139043055882321,-0.5740949074837396,-0.12696186875301582,-0.05255820603672693,False
2022-09-26,MITT,AG Mortgage Investment Trust Inc,주택 및 상업용 리츠,5.25,5.25,4.83,4.83,4.469904,468100.0,-11.7036346369224,6.7902,7.606733333333334,8.259,-0.015033333333333232,-0.014975000000000627,0.23357142857142868,-1.5412844036697255,-0.35668835639980595,-1.0634320306711136,-0.15262634204558637,-0.05481632994151139,False
2022-09-27,MITT,AG Mortgage Investment Trust Inc,주택 및 상업용 리츠,4.99,5.0,4.63,4.67,4.321833,477000.0,-13.479597170016966,6.7422,7.575466666666668,8.22795,-0.015633333333332722,-0.015525000000000233,0.24928571428571436,-0.6418338108882525,-0.39604012211260303,-0.5459230158974716,-0.11155867695495335,-0.06256633207899652,False
2022-09-28,MITT,AG Mortgage Investment Trust Inc,주택 및 상업용 리츠,4.72,4.92,4.66,4.89,4.525431,479700.0,-10.20104896597357,6.695600000000001,7.547266666666666,8.1984,-0.01410000000000089,-0.014775000000000205,0.2564285714285715,0.8579387186629515,-0.3347587850652494,-0.006742751883617948,-0.0859773155350786,-0.0631469028393627,False
2022-09-29,MITT,AG Mortgage Investment Trust Inc,주택 및 상업용 리츠,4.71,4.71,4.05,4.19,4.051615,549700.0,-20.11351734312171,6.6316,7.513933333333333,8.1668,-0.016666666666666607,-0.015799999999999592,0.3057142857142857,-2.289719626168222,-0.5114249410327688,-1.3728468525879804,-0.13688012000585187,-0.06908364543378048,False
2022-09-30,MITT,AG Mortgage Investment Trust Inc,주택 및 상업용 리츠,4.18,4.32,4.11,4.11,3.974257,309700.0,-19.272639374941768,6.562600000000001,7.4818,8.135299999999999,-0.016066666666666674,-0.015750000000000597,0.3085714285714286,-0.25925925925925947,-0.5093249028502564,0.36247019373582606,-0.045914182491047235,-0.054390775945395146,False
2022-10-03,MITT,AG Mortgage Investment Trust Inc,주택 및 상업용 리츠,4.19,4.25,3.86,4.03,3.896899,415900.0,-21.53814771992725,6.4928,7.448400000000001,8.103050000000001,-0.01669999999999927,-0.016124999999998835,0.3235714285714285,-0.24724061810154552,-0.4736516136670335,-1.3686160721129452,-0.2487703546429374,-0.06643180555522071,False
2022-10-04,MITT,AG Mortgage Investment Trust Inc,주택 및 상업용 리츠,4.15,4.61,4.15,4.56,4.409394,598700.0,-12.864866325066004,6.435,7.420466666666668,8.0732,-0.013966666666666683,-0.014925000000000743,0.3528571428571428,1.502024291497974,-0.4029090147726598,0.21360662996618052,-0.2583210195618179,-0.06437199694979667,False
2022-10-05,MITT,AG Mortgage Investment Trust Inc,주택 및 상업용 리츠,4.49,4.49,4.12,4.21,4.070954,247100.0,-18.281171947120523,6.368399999999999,7.389466666666667,8.04205,-0.015500000000000291,-0.015575000000000117,0.36571428571428566,-0.9570312499999992,-0.4135760820803522,-0.8703692302458964,-0.30176785700900133,-0.06668950572627369,False
2022-10-06,MITT,AG Mortgage Investment Trust Inc,주택 및 상업용 리츠,4.19,4.26,3.95,4.03,3.896899,355100.0,-19.782856575955567,6.2938,7.357933333333333,8.011600000000001,-0.01576666666666693,-0.015224999999999156,0.3614285714285713,-0.4980237154150191,-0.5312160739109084,-0.05694603293062034,-0.4142146510647521,-0.06681142137157405,False
2022-10-07,MITT,AG Mortgage Investment Trust Inc,주택 및 상업용 리츠,3.88,4.05,3.84,3.91,3.780862,417700.0,-18.745030375595405,6.209199999999999,7.326933333333333,7.978899999999999,-0.015500000000000291,-0.016350000000000975,0.3557142857142856,-0.33734939759036187,-0.4807782979623938,0.7988178324076363,-0.2580587588860074,-0.06032230622501166,False
2022-10-10,MITT,AG Mortgage Investment Trust Inc,주택 및 상업용 리츠,3.85,3.89,3.52,3.57,3.452092,446600.0,-23.964931837390026,6.1160000000000005,7.292600000000001,7.94425,-0.017166666666665886,-0.01732499999999959,0.37214285714285705,-0.9136276391554713,-0.5460374150449274,-0.616249254071428,-0.34301297579548423,-0.07627204967764468,False
2022-10-11,MITT,AG Mortgage Investment Trust Inc,주택 및 상업용 리츠,3.56,3.96,3.56,3.83,3.703505,266900.0,-16.633773407768114,6.027200000000001,7.258533333333333,7.910299999999999,-0.0170333333333339,-0.016975000000000406,0.38928571428571423,0.6678899082568814,-0.48586993383654764,0.9341076384856322,-0.3222060460085769,-0.07603728905645762,False
2022-10-12,MITT,AG Mortgage Investment Trust Inc,주택 및 상업용 리츠,3.87,3.87,3.6,3.73,3.606807,176700.0,-17.1188280711712,5.939400000000001,7.223466666666667,7.875850000000001,-0.01753333333333318,-0.01722499999999938,0.3928571428571428,-0.2545454545454548,-0.4505400463327471,-0.12028354098544408,-0.3061786710196416,-0.07085344522091318,False
2022-10-13,MITT,AG Mortgage Investment Trust Inc,주택 및 상업용 리츠,3.66,3.84,3.6,3.84,3.713174,212600.0,-15.466789639886846,5.853400000000001,7.189266666666666,7.842099999999999,-0.01710000000000056,-0.01687500000000064,0.3807142857142856,0.2889305816135082,-0.33022369105442817,-0.7000629497254149,-0.3151763883226183,-0.07635907869707116,False
2022-10-14,MITT,AG Mortgage Investment Trust Inc,주택 및 상업용 리츠,3.88,4.0,3.77,3.77,3.645486,138600.0,-13.310617065002905,5.780799999999999,7.154333333333333,7.808399999999999,-0.01746666666666652,-0.016850000000000254,0.36714285714285705,-0.1906614785992214,-0.23375062497796364,0.6927552296973052,-0.1897344411534456,-0.07606323615068693,False
2022-10-17,MITT,AG Mortgage Investment Trust Inc,주택 및 상업용 리츠,3.84,3.91,3.74,3.79,3.664826,236900.0,-13.563807016254492,5.708600000000001,7.1209333333333324,7.77565,-0.01670000000000016,-0.016374999999999584,0.35285714285714276,0.0566801619433199,-0.1838567697757085,-0.8998945063839604,-0.21501811904533766,-0.08007201995745425,False
2022-10-18,MITT,AG Mortgage Investment Trust Inc,주택 및 상업용 리츠,4.15,4.34,4.06,4.15,4.012936,600800.0,-4.977627850958399,5.6426,7.088866666666666,7.74515,-0.016033333333333122,-0.015249999999999986,0.3735714285714285,0.9636711281070756,-0.17630445481541393,0.536452904085957,-0.17621842933322515,-0.07376138764767814,False
2022-10-19,MITT,AG Mortgage Investment Trust Inc,주택 및 상업용 리츠,4.06,4.15,3.93,4.06,3.925908,384300.0,-4.81391896408282,5.573199999999999,7.0558,7.7137,-0.01653333333333329,-0.015724999999999767,0.32928571428571424,-0.2733188720173559,-0.032275829518923466,-0.012204160799072883,-0.07902966563401745,-0.06853509833002797,False
2022-10-20,MITT,AG Mortgage Investment Trust Inc,주택 및 상업용 리츠,4.11,4.42,4.05,4.24,4.099963,217000.0,1.5528984766963294,5.5078,7.023866666666666,7.68295,-0.015966666666666907,-0.015375000000000139,0.3407142857142857,0.5283018867924546,0.023978538056198966,0.8391978244185907,-0.04497769201381997,-0.05938010218339188,False
2022-10-21,MITT,AG Mortgage Investment Trust Inc,주택 및 상업용 리츠,4.24,4.33,4.16,4.3,4.157982,143100.0,1.762217297303148,5.443200000000001,6.993133333333332,7.6530499999999995,-0.015366666666666973,-0.014950000000000241,0.3249999999999999,0.18461538461538346,0.054825395393122464,-0.7372697700452959,0.0001184724195835469,-0.05759379904042251,False
2022-10-24,MITT,AG Mortgage Investment Trust Inc,주택 및 상업용 리츠,4.34,4.4,4.23,4.31,4.167651,76500.0,1.6427358205235443,5.3778,6.961333333333334,7.62295,-0.015899999999998915,-0.015049999999999564,0.29571428571428565,0.03381642512077224,-0.050046595062391945,-0.4552824136925083,-0.04765931641317994,-0.06523991529253487,False
2022-10-25,MITT,AG Mortgage Investment Trust Inc,주택 및 상업용 리츠,4.3,4.63,4.22,4.61,4.457743,167600.0,7.390172057542266,5.320600000000001,6.929866666666666,7.594049999999999,-0.01573333333333382,-0.014450000000000518,0.29357142857142854,1.0218978102189806,0.09130548066753519,0.3342598629768916,0.0383856188170192,-0.06552313320608873,False
2022-10-26,MITT,AG Mortgage Investment Trust Inc,주택 및 상업용 리츠,4.64,4.76,4.55,4.59,4.438404,179600.0,8.2876663337349,5.269,6.898266666666666,7.565600000000001,-0.015800000000000036,-0.014224999999999266,0.2864285714285714,-0.06982543640897917,0.12189107202510947,0.24670631582445848,0.060075072299524836,-0.06807814334364962,False
2022-10-27,MITT,AG Mortgage Investment Trust Inc,주택 및 상업용 리츠,4.7,4.84,4.62,4.65,4.496422,137700.0,10.024620196706667,5.2198,6.867666666666666,7.536899999999999,-0.015300000000000313,-0.014350000000000751,0.28928571428571426,0.20740740740740915,0.16080227238209308,0.4807562091889752,0.03735638492676333,-0.057526511357047595,False
2022-10-28,MITT,AG Mortgage Investment Trust Inc,주택 및 상업용 리츠,4.66,4.88,4.62,4.86,4.699486,134700.0,11.728572779197123,5.175,6.837066666666666,7.509000000000001,-0.01529999999999987,-0.013949999999999019,0.27999999999999997,0.75,0.27963281803605533,-0.3194480240196964,0.05855647278760131,-0.06360188291488118,False
2022-10-31,MITT,AG Mortgage Investment Trust Inc,주택 및 상업용 리츠,4.9,5.06,4.81,4.91,4.747835,218800.0,12.85282105299672,5.1342,6.806533333333332,7.481599999999999,-0.015266666666666762,-0.013700000000000934,0.26928571428571424,0.18567639257294366,0.24518899548720266,0.5269146817904232,0.029471261595086378,-0.058416665000912596,False
2022-11-01,MITT,AG Mortgage Investment Trust Inc,주택 및 상업용 리츠,4.87,5.0,4.79,4.87,4.709156,147900.0,12.094815977511807,5.0964,6.775333333333333,7.455,-0.015599999999999614,-0.013299999999999645,0.26499999999999996,-0.15094339622641526,0.2525891425099912,0.030307217747075593,0.04022774436169493,-0.05473641643661299,False
2022-11-02,MITT,AG Mortgage Investment Trust Inc,주택 및 상업용 리츠,4.85,5.0,4.81,4.81,4.651137,92700.0,12.719576085334051,5.0572,6.746866666666667,7.4286,-0.01423333333333332,-0.013199999999999878,0.26142857142857145,-0.22950819672131337,0.2155578012003611,0.925588625389003,0.15634571401272476,-0.039001733370732455,False
2022-11-03,MITT,AG Mortgage Investment Trust Inc,주택 및 상업용 리츠,4.78,4.82,4.58,4.76,4.602789,160600.0,11.740252500725678,5.0174,6.7166,7.402150000000001,-0.015133333333333443,-0.01322499999999982,0.2621428571428572,-0.19073569482288757,0.21555250004152776,0.316857868395638,0.12949590249117712,-0.0494412643019727,False
2022-11-04,MITT,AG Mortgage Investment Trust Inc,주택 및 상업용 리츠,4.8,5.08,4.79,5.06,4.89288,193100.0,15.832866783976819,4.9830000000000005,6.6892,7.37765,-0.013700000000000045,-0.012250000000000316,0.2728571428571429,1.099476439790575,0.29003794845918884,0.4419000754518616,0.22533837262230727,-0.041601150280315725,False
2022-11-07,MITT,AG Mortgage Investment Trust Inc,주택 및 상업용 리츠,5.07,5.32,5.03,5.24,5.066936,153400.0,16.85333141781793,4.9546,6.6647333333333325,7.3538,-0.01223333333333354,-0.011925000000000185,0.25428571428571434,0.7078651685393281,0.2717660942043497,0.22127864748261522,0.20282592572206856,-0.02977840890997141,False
2022-11-08,MITT,AG Mortgage Investment Trust Inc,주택 및 상업용 리츠,5.27,5.35,5.1,5.27,5.095945,248100.0,15.352907324562093,4.9298,6.642533333333334,7.331,-0.011099999999999444,-0.011399999999999633,0.2564285714285715,0.11699164345403647,0.2996454167380206,-0.1660561567558982,0.19183649743943818,-0.030147914469600103,False
2022-11-09,MITT,AG Mortgage Investment Trust Inc,주택 및 상업용 리츠,5.24,5.33,5.12,5.14,4.970238,173500.0,13.335200965185013,4.9028,6.621666666666667,7.305700000000001,-0.010433333333333294,-0.012649999999999828,0.24500000000000005,-0.5306122448979587,0.22400869304584825,0.5215445743295637,0.16914697957593625,-0.02445591933570793,False
2022-11-10,MITT,AG Mortgage Investment Trust Inc,주택 및 상업용 리츠,5.31,5.45,5.29,5.44,5.26033,366600.0,12.127031309364188,4.8834,6.605333333333333,7.2822000000000005,-0.008166666666666877,-0.01175000000000015,0.25500000000000006,1.1764705882352966,0.29485549330441346,-1.336552289827385,0.12634108530578705,-0.023393498926807168,False
2022-11-11,MITT,AG Mortgage Investment Trust Inc,주택 및 상업용 리츠,5.45,5.87,5.41,5.65,5.463395,490100.0,13.707013232609189,4.8724,6.5902666666666665,7.25995,-0.007533333333333392,-0.011125000000000274,0.2757142857142858,0.7616580310880825,0.3468441794449357,0.31472422543781675,0.1813415595293817,-0.023055188041285472,False
2022-11-14,MITT,AG Mortgage Investment Trust Inc,주택 및 상업용 리츠,5.64,5.7,5.43,5.46,5.27967,217300.0,9.339534385580016,4.8586,6.573733333333334,7.236599999999999,-0.0082666666666662,-0.011675000000000324,0.26571428571428585,-0.7150537634408614,0.22277620989780406,-0.2738915568391051,0.13790217239966765,-0.033883013490600154,False
2022-11-15,MITT,AG Mortgage Investment Trust Inc,주택 및 상업용 리츠,5.54,5.75,5.45,5.52,5.337688,246300.0,8.43790242515845,4.8502,6.5591333333333335,7.2116,-0.007300000000000306,-0.012499999999999734,0.27214285714285724,0.22047244094488036,0.24351177256593687,-0.2007967005221102,0.10593767123205558,-0.03227664612490136,False
2022-11-16,MITT,AG Mortgage Investment Trust Inc,주택 및 상업용 리츠,5.51,5.52,5.19,5.27,5.095945,121900.0,3.4452724327098894,4.837199999999999,6.542,7.186649999999999,-0.008566666666666833,-0.012475000000000236,0.2778571428571429,-0.8997429305912594,0.164429605566032,-0.4905874566128407,0.036555980817640166,-0.03278614562647682,False
2022-11-17,MITT,AG Mortgage Investment Trust Inc,주택 및 상업용 리츠,5.19,5.29,5.08,5.29,5.115284,178900.0,3.4212162949980085,4.8246,6.524733333333334,7.161949999999999,-0.008633333333333049,-0.012350000000000083,0.27428571428571435,0.07291666666666834,0.11606651032793688,0.23127306140832826,0.07589320120535623,-0.03762621310660123,False
2022-11-18,MITT,AG Mortgage Investment Trust Inc,주택 및 상업용 리츠,5.38,5.41,5.19,5.36,5.182972,145400.0,3.471602978969912,4.8126,6.5086666666666675,7.1389,-0.008033333333333115,-0.011524999999999785,0.2721428571428572,0.2572178477690299,0.12117661427051447,0.015398592187451543,0.039356337662286814,-0.03545741785632763,False
2022-11-21,MITT,AG Mortgage Investment Trust Inc,주택 및 상업용 리츠,5.29,5.51,5.26,5.41,5.231321,189100.0,3.9108310637360644,4.8027999999999995,6.496133333333334,7.115749999999999,-0.006266666666666865,-0.011575000000000113,0.275,0.18181818181818116,0.14494529841655707,0.38690541355060026,0.06482763736253858,-0.01673077063052716,False
2022-11-22,MITT,AG Mortgage Investment Trust Inc,주택 및 상업용 리츠,5.43,5.56,5.34,5.54,5.357028,56100.0,4.234073572867336,4.798800000000001,6.4829333333333325,7.0937,-0.006600000000000605,-0.011024999999999618,0.27714285714285714,0.4690721649484532,0.19484389567868327,-0.3039598543068199,-0.02299725404430591,-0.023418769042411768,False
2022-11-23,MITT,AG Mortgage Investment Trust Inc,주택 및 상업용 리츠,5.56,5.59,5.43,5.52,5.337688,116200.0,2.580977313718602,4.792199999999999,6.469733333333333,7.0713,-0.006599999999999717,-0.011200000000000099,0.2714285714285714,-0.0736842105263175,0.20320471598558112,-0.42448687020476195,-0.07595044965862019,-0.03236860078952736,False
2022-11-25,MITT,AG Mortgage Investment Trust Inc,주택 및 상업용 리츠,5.48,5.78,5.48,5.74,5.550422,110500.0,5.889818711745876,4.7936000000000005,6.4584,7.050350000000001,-0.005666666666666487,-0.010474999999999568,0.26999999999999996,0.8148148148148173,0.182871742773027,0.8331412784477734,-0.04800464944462649,-0.036689254439524095,False
2022-11-28,MITT,AG Mortgage Investment Trust Inc,주택 및 상업용 리츠,5.8,5.84,5.6,5.69,5.502073,181000.0,5.8684761311651235,4.7886,6.447133333333333,7.03,-0.005633333333333379,-0.010175000000000267,0.2664285714285714,-0.18766756032171517,0.11890511928295247,0.788374698569189,-0.007497788652728369,-0.028163987032065758,False
2022-11-29,MITT,AG Mortgage Investment Trust Inc,주택 및 상업용 리츠,5.65,5.83,5.62,5.81,5.61811,192600.0,7.4809898991839985,4.7908,6.438466666666667,7.00995,-0.0043333333333333,-0.010025000000000173,0.2635714285714285,0.4552845528455256,0.14306889852520172,0.5582590282022156,0.04423901027285119,-0.028975468833379932,False
2022-11-30,MITT,AG Mortgage Investment Trust Inc,주택 및 상업용 리츠,5.84,6.01,5.71,5.98,5.782495,178900.0,6.51460371900483,4.7964,6.429466666666666,6.991400000000001,-0.0045000000000001705,-0.009274999999999256,0.26999999999999996,0.6296296296296328,0.22594331813431534,-1.2432992978162667,-0.08182126630899385,-0.04117482854314692,False
2022-12-01,MITT,AG Mortgage Investment Trust Inc,주택 및 상업용 리츠,5.96,6.18,5.96,6.1,5.898532,236700.0,7.8956190249196645,4.8052,6.4194666666666675,6.97295,-0.004999999999999449,-0.009225000000000705,0.26357142857142846,0.4552845528455257,0.17443002989218886,0.5208920396966974,0.05085332865701204,-0.035416462449851756,False
2022-12-02,MITT,AG Mortgage Investment Trust Inc,주택 및 상업용 리츠,6.05,6.15,5.84,6.1,5.898532,170800.0,7.1802092009334295,4.817200000000001,6.409533333333334,6.9543,-0.004966666666666786,-0.009325000000000028,0.2528571428571428,0.0,0.1200258848144687,0.09059477681519562,0.034844082326824816,-0.045765944444484834,False
2022-12-05,MITT,AG Mortgage Investment Trust Inc,주택 및 상업용 리츠,6.16,6.16,6.0,6.03,5.830844,150200.0,7.244060932512175,4.8340000000000005,6.400133333333333,6.936099999999999,-0.004700000000000593,-0.009100000000000552,0.2449999999999999,-0.28571428571428337,0.15069299036636713,1.0099999738017857,0.1265506202297456,-0.034187100711841986,False
2022-12-06,MITT,AG Mortgage Investment Trust Inc,주택 및 상업용 리츠,6.14,6.14,5.85,5.88,5.685798,177800.0,5.670390150058235,4.855,6.387666666666666,6.9188,-0.006233333333333313,-0.00864999999999938,0.24428571428571422,-0.6140350877192998,0.09108530974749711,0.40034932737878315,0.16948962222266653,-0.03682450094845687,False
2022-12-07,MITT,AG Mortgage Investment Trust Inc,주택 및 상업용 리츠,5.88,6.09,5.85,5.94,5.743816,244700.0,6.445386838992562,4.8804,6.374466666666667,6.901700000000001,-0.006599999999999717,-0.008549999999999613,0.23785714285714285,0.25225225225225434,0.1733706799506052,0.3819701329026957,0.23181516433091914,-0.0295920932554773,False
2022-12-08,MITT,AG Mortgage Investment Trust Inc,주택 및 상업용 리츠,6.04,6.18,6.0,6.17,5.96622,199000.0,9.028626901577862,4.906,6.363533333333333,6.88695,-0.005466666666666953,-0.0073750000000005755,0.23999999999999996,0.9583333333333316,0.2366147275696526,0.4273722803437735,0.24582225139773667,-0.03388010971204377,False
2022-12-09,MITT,AG Mortgage Investment Trust Inc,주택 및 상업용 리츠,6.02,6.29,6.0,6.21,6.004899,152700.0,9.766102271523792,4.9464,6.351866666666666,6.872049999999999,-0.005833333333333357,-0.007450000000000401,0.24499999999999997,0.16326530612244913,0.22990383173775397,0.6859259347604344,0.29371706158152117,-0.03366040425297231,False
2022-12-12,MITT,AG Mortgage Investment Trust Inc,주택 및 상업용 리츠,6.19,6.29,6.07,6.2,5.995229,127400.0,7.528059184534985,4.9882,6.3435999999999995,6.8584000000000005,-0.004133333333333322,-0.006824999999999193,0.24285714285714283,-0.04117647058823442,0.2139756422801529,-1.0186961644654986,0.19331694886608553,-0.0380512765983971,False
2022-12-13,MITT,AG Mortgage Investment Trust Inc,주택 및 상업용 리츠,6.38,6.53,6.18,6.18,5.97589,186600.0,5.82801010347167,5.0312,6.335000000000001,6.844100000000001,-0.004299999999999304,-0.007149999999999768,0.25214285714285717,-0.07932011331444942,0.17480476526137415,-0.5533881806021375,0.1755006398449914,-0.04178311561203797,False
2022-12-14,MITT,AG Mortgage Investment Trust Inc,주택 및 상업용 리츠,6.14,6.31,6.09,6.24,6.033908,162400.0,6.848039894759839,5.0648,6.3258,6.831550000000001,-0.0046000000000003816,-0.0062750000000000306,0.2564285714285714,0.23398328690807996,0.1967810150781168,0.60744288738963,0.24920990824459086,-0.04427020330418714,False
2022-12-15,MITT,AG Mortgage Investment Trust Inc,주택 및 상업용 리츠,6.18,6.24,6.06,6.24,6.033908,86000.0,8.57420652272416,5.1054,6.318,6.81845,-0.0039000000000002366,-0.006550000000000278,0.24785714285714291,0.0,0.13857995687705843,1.3738263574413558,0.2878302710298467,-0.03151476496833246,False
2022-12-16,MITT,AG Mortgage Investment Trust Inc,주택 및 상업용 리츠,6.15,6.21,6.02,6.03,5.830844,144300.0,5.299488044284284,5.1453999999999995,6.305733333333333,6.8048,-0.006133333333333102,-0.006825000000000081,0.2464285714285715,-0.8521739130434779,0.0911152173969325,-0.252013600508033,0.21351682109575942,-0.03620191232494469,False
2022-12-19,MITT,AG Mortgage Investment Trust Inc,주택 및 상업용 리츠,6.02,6.13,5.93,6.06,5.859853,172100.0,5.945484478675578,5.188400000000001,6.293333333333333,6.7923,-0.006200000000000205,-0.006250000000000089,0.2457142857142858,0.12209302325581131,0.06731582242623863,0.5947279779945546,0.21612174608092646,-0.034062651306669064,False
2022-12-20,MITT,AG Mortgage Investment Trust Inc,주택 및 상업용 리츠,5.89,6.03,5.76,5.77,5.579431,192500.0,0.30170520368404397,5.2324,6.2786,6.77755,-0.0073666666666665215,-0.0073750000000001315,0.2457142857142858,-1.1802325581395345,-0.06196004812870189,-1.2399159193768734,0.2163634159694546,-0.03882496275621615,False
2022-12-21,MITT,AG Mortgage Investment Trust Inc,주택 및 상업용 리츠,5.81,6.0,5.75,5.88,5.685798,128200.0,0.27571637653327485,5.2734000000000005,6.265533333333333,6.76225,-0.006533333333333502,-0.007649999999999935,0.24785714285714297,0.44380403458213363,-0.06278008514751561,-0.39574079300361015,0.15088964220514692,-0.04793504699728806,False
2022-12-22,MITT,AG Mortgage Investment Trust Inc,주택 및 상업용 리츠,5.81,5.85,5.7,5.78,5.589101,118300.0,-0.4500495318539244,5.314400000000001,6.252466666666667,6.7462,-0.006533333333333058,-0.008024999999999949,0.23857142857142863,-0.419161676646705,-0.09272020490799456,0.3596122531764665,0.17010517623095198,-0.04489289902423836,False
2022-12-23,MITT,AG Mortgage Investment Trust Inc,주택 및 상업용 리츠,5.79,5.81,5.66,5.76,5.569762,107900.0,-1.6078459325550742,5.352799999999999,6.239066666666667,6.73015,-0.006699999999999928,-0.008024999999999949,0.23785714285714285,-0.08408408408408603,-0.07831804764869474,-0.4080889864519411,0.06881310764140007,-0.04819862461372813,False
2022-12-27,MITT,AG Mortgage Investment Trust Inc,주택 및 상업용 리츠,5.76,5.78,5.64,5.69,5.502073,159300.0,-2.5699160792832743,5.3912,6.224533333333333,6.713550000000001,-0.007266666666667199,-0.008299999999999752,0.22714285714285717,-0.30817610062892814,-0.05647097714223962,-0.071111506142394,0.03513733381845884,-0.046653641774131956,False
2022-12-28,MITT,AG Mortgage Investment Trust Inc,주택 및 상업용 리츠,5.64,5.69,5.43,5.45,5.27,200800.0,-5.45885539053338,5.4244,6.208066666666667,6.6968,-0.008233333333332649,-0.008375000000000465,0.22857142857142865,-1.0500000000000005,-0.14948899516025782,-0.3731945514223495,-0.018803000776187243,-0.052104618140719004,False
2022-12-29,MITT,AG Mortgage Investment Trust Inc,주택 및 상업용 리츠,5.28,5.42,5.18,5.37,5.37,216500.0,-8.232748159601455,5.4488,6.191266666666667,6.67885,-0.008399999999999963,-0.008974999999999955,0.23071428571428587,-0.346749226006192,-0.2427091779702238,-1.2839136603500285,-0.14103771082574454,-0.057627653618911825,False
2022-12-30,MITT,AG Mortgage Investment Trust Inc,주택 및 상업용 리츠,5.27,5.42,5.23,5.31,5.31,250700.0,-8.686477691270788,5.4738,6.172866666666667,6.660299999999999,-0.009200000000000319,-0.009275000000000144,0.2235714285714287,-0.2683706070287561,-0.27354031462388134,-0.1303195707726766,-0.19934096122096676,-0.05765613095797806,False
2023-01-03,MITT,AG Mortgage Investment Trust Inc,주택 및 상업용 리츠,5.39,5.53,5.37,5.51,5.51,181100.0,-4.686291506579532,5.499199999999999,6.1548,6.6427,-0.009033333333333449,-0.008799999999999919,0.22357142857142875,0.8945686900958467,-0.20670137457501836,1.1054743572782864,-0.047614495382124956,-0.047590435194721545,False
2023-01-04,MITT,AG Mortgage Investment Trust Inc,주택 및 상업용 리츠,5.62,5.8,5.6,5.78,5.78,182600.0,-0.7382902323921692,5.528800000000001,6.139066666666666,6.62705,-0.007866666666667133,-0.007824999999999971,0.21928571428571444,1.2312703583061901,-0.11308776945925839,0.8137024354656979,0.05003483433700614,-0.04178681245918068,False
2023-01-05,MITT,AG Mortgage Investment Trust Inc,주택 및 상업용 리츠,5.65,5.88,5.64,5.83,5.83,122300.0,1.1694022442991336,5.559200000000001,6.122933333333333,6.6108,-0.008066666666666222,-0.008124999999999716,0.2207142857142859,0.22653721682847797,-0.11361963160780139,0.9026957919608561,0.07112432752066515,-0.040950374810836736,False
2023-01-06,MITT,AG Mortgage Investment Trust Inc,주택 및 상업용 리츠,5.9,5.93,5.78,5.89,5.89,75200.0,-0.07916890111649977,5.5848,6.1076,6.5936,-0.0076666666666667105,-0.008599999999999941,0.21857142857142867,0.2745098039215667,-0.09401178847054663,-1.0617941752923985,-0.10284856767460303,-0.04097008768431705,False
2023-01-09,MITT,AG Mortgage Investment Trust Inc,주택 및 상업용 리츠,5.96,6.05,5.92,5.92,5.92,134600.0,0.6254966127895889,5.6114,6.0922,6.57655,-0.007699999999999818,-0.008525000000000116,0.21428571428571436,0.14000000000000112,-0.023142223253155274,0.18632721277016687,-0.07153850958330302,-0.045921324534454945,False
2023-01-10,MITT,AG Mortgage Investment Trust Inc,주택 및 상업용 리츠,5.92,6.1,5.87,6.1,6.1,74600.0,3.041425260591435,5.6404,6.077733333333333,6.56085,-0.007233333333333647,-0.007849999999999913,0.21642857142857144,0.8316831683168303,0.027542787108346085,0.4050667345441578,-0.08508574125833136,-0.04366524542261745,False
2023-01-11,MITT,AG Mortgage Investment Trust Inc,주택 및 상업용 리츠,6.15,6.36,6.15,6.27,6.27,82700.0,4.480069163756029,5.6686000000000005,6.064666666666667,6.54495,-0.006533333333333058,-0.007950000000000124,0.21357142857142866,0.795986622073578,0.1687012999807113,0.012162788316061879,0.004348452148306877,-0.03942000881015881,False
2023-01-12,MITT,AG Mortgage Investment Trust Inc,주택 및 상업용 리츠,6.29,6.4,6.29,6.38,6.38,109700.0,5.726319402554791,5.698,6.052266666666667,6.529400000000001,-0.006199999999999761,-0.007774999999999643,0.20500000000000013,0.5365853658536598,0.1753285379286774,0.3236413452369864,0.05573289059406377,-0.041133973362242886,False
2023-01-13,MITT,AG Mortgage Investment Trust Inc,주택 및 상업용 리츠,6.32,6.44,6.31,6.41,6.41,110600.0,5.657494854719203,5.7288,6.039533333333334,6.5137,-0.006366666666666632,-0.007850000000000357,0.20142857142857165,0.14893617021276703,0.21590695556149683,-0.11836657152344907,0.021591545972641235,-0.05208440867477211,False
2023-01-17,MITT,AG Mortgage Investment Trust Inc,주택 및 상업용 리츠,6.39,6.51,6.37,6.37,6.37,69500.0,5.231366537858251,5.76,6.027266666666667,6.50015,-0.006133333333333546,-0.0067750000000001975,0.20071428571428593,-0.19928825622775798,0.2076780861226631,-0.05994684187399654,0.04645884201392298,-0.05795905095253045,False
2023-01-18,MITT,AG Mortgage Investment Trust Inc,주택 및 상업용 리츠,6.48,6.51,6.33,6.42,6.42,131800.0,7.490235701439607,5.793200000000001,6.0220666666666665,6.48575,-0.0026000000000001577,-0.007199999999999651,0.20357142857142874,0.24561403508771823,0.2472345243881379,1.245095174802026,0.14047360493852443,-0.03564526946459433,False
2023-01-19,MITT,AG Mortgage Investment Trust Inc,주택 및 상업용 리츠,6.33,6.38,6.18,6.31,6.31,132600.0,6.3530251135345495,5.818200000000001,6.0191333333333334,6.47145,-0.0014666666666665051,-0.007150000000000212,0.20214285714285726,-0.5441696113074218,0.2833652664376078,-0.0474147483206806,0.16374359087435789,-0.027004673441993213,False
2023-01-20,MITT,AG Mortgage Investment Trust Inc,주택 및 상업용 리츠,6.32,6.46,6.24,6.45,6.45,144300.0,6.296786317661507,5.8424000000000005,6.017133333333333,6.459150000000001,-0.001000000000000334,-0.006149999999999434,0.19857142857142865,0.7050359712230242,0.35849278052540895,-0.5157239812617286,0.21861428223780788,-0.02654965712910256,False
2023-01-23,MITT,AG Mortgage Investment Trust Inc,주택 및 상업용 리츠,6.56,6.63,6.53,6.55,6.55,184500.0,6.282946196819794,5.868,6.0192,6.4489,0.0010333333333334416,-0.00512500000000049,0.19785714285714295,0.5054151624548716,0.41376319263138234,-0.2588419248834367,0.20943411408703932,-0.026643007836566913,False
2023-01-24,MITT,AG Mortgage Investment Trust Inc,주택 및 상업용 리츠,6.5,6.6,6.45,6.54,6.54,84000.0,5.796141391336085,5.896,6.0184,6.44025,-0.00039999999999995595,-0.004325000000000134,0.19285714285714287,-0.05185185185185075,0.346161725349404,-0.00269882551775244,0.1302788867444651,-0.03385739583117611,False
2023-01-25,MITT,AG Mortgage Investment Trust Inc,주택 및 상업용 리츠,6.49,6.59,6.4,6.55,6.55,43200.0,5.521978243603742,5.9182,6.015266666666666,6.43355,-0.0015666666666667162,-0.003349999999999742,0.1857142857142857,0.053846153846152704,0.2620599964594013,0.06619284089612434,0.07688534427520985,-0.033417949731906205,False
2023-01-26,MITT,AG Mortgage Investment Trust Inc,주택 및 상업용 리츠,6.62,6.69,6.56,6.62,6.62,67300.0,4.997863721701701,5.9376,6.012333333333332,6.4271,-0.0014666666666669492,-0.0032250000000000334,0.17857142857142858,0.39200000000000157,0.2738787666859387,-0.35781182334258266,-0.013150913960750065,-0.03682504311655064,False
2023-01-27,MITT,AG Mortgage Investment Trust Inc,주택 및 상업용 리츠,6.62,6.74,6.62,6.69,6.69,193500.0,5.156881226513743,5.962199999999999,6.009066666666667,6.420849999999999,-0.0016333333333329314,-0.0031250000000007105,0.17642857142857146,0.3967611336032404,0.28261100452034393,0.21326330774056823,0.07792462054160472,-0.0348717187803567,False
2023-01-30,MITT,AG Mortgage Investment Trust Inc,주택 및 상업용 리츠,6.63,6.67,6.51,6.54,6.54,106000.0,3.380179186387533,5.9826,6.004666666666666,6.415,-0.002200000000000202,-0.0029249999999994003,0.17785714285714294,-0.8433734939759052,0.21237004066492204,0.1192711389880361,0.07313490098573823,-0.026442859297329757,False
2023-01-31,MITT,AG Mortgage Investment Trust Inc,주택 및 상업용 리츠,6.6,6.76,6.6,6.75,6.75,96900.0,4.256771552811323,6.0122,6.0018666666666665,6.40955,-0.0013999999999998458,-0.0027249999999998664,0.17714285714285724,1.185483870967741,0.2376415194257014,0.13573621556962379,0.05389700677327151,-0.02586949340342259,False
2023-02-01,MITT,AG Mortgage Investment Trust Inc,주택 및 상업용 리츠,6.86,6.9,6.69,6.85,6.85,170500.0,3.9798562855295927,6.0434,5.999933333333334,6.404400000000001,-0.0009666666666663382,-0.002574999999999772,0.17357142857142863,0.5761316872427962,0.22193759550921696,-0.12939655661169558,0.0437856249927174,-0.03157885129853793,False
2023-02-02,MITT,AG Mortgage Investment Trust Inc,주택 및 상업용 리츠,6.88,7.05,6.88,6.91,6.91,136000.0,2.8788257171526777,6.0744,6.0010666666666665,6.4001,0.0005666666666663822,-0.0021500000000003183,0.17857142857142858,0.3360000000000028,0.20761006937681295,-0.6479213775736694,-0.025611712350900873,-0.030033917891619688,False
2023-02-03,MITT,AG Mortgage Investment Trust Inc,주택 및 상업용 리츠,6.77,6.95,6.77,6.85,6.85,82600.0,2.653174732288255,6.1032,6.001733333333333,6.3979,0.0003333333333332966,-0.001100000000000101,0.18214285714285713,-0.3294117647058851,0.17344235973976635,0.37166216096738086,0.009390339969872694,-0.030036417226074613,False
2023-02-06,MITT,AG Mortgage Investment Trust Inc,주택 및 상업용 리츠,6.8,6.81,6.56,6.59,6.59,85500.0,-0.9119177642261,6.124199999999999,5.999133333333333,6.393249999999999,-0.0013000000000000789,-0.0023250000000003546,0.19285714285714287,-1.348148148148147,0.09138093888830998,-0.9424683706875894,-0.05364691208824108,-0.03689274870517869,False
2023-02-07,MITT,AG Mortgage Investment Trust Inc,주택 및 상업용 리츠,6.51,6.65,6.45,6.59,6.59,78200.0,-2.357058832210035,6.145600000000001,5.995733333333334,6.3887,-0.0016999999999995907,-0.002274999999999583,0.19428571428571434,0.0,0.07383707923918724,-0.8446622465536817,-0.20291529932793448,-0.04413587983048062,False
2023-02-08,MITT,AG Mortgage Investment Trust Inc,주택 및 상업용 리츠,6.53,6.6,6.49,6.5,6.5,45000.0,-2.677696899776638,6.1608,5.992933333333334,6.3839999999999995,-0.0013999999999998458,-0.0023500000000002963,0.185,-0.48648648648648574,0.07795730244068266,0.24247467283791513,-0.1822089121023205,-0.03821664104260492,False
2023-02-09,MITT,AG Mortgage Investment Trust Inc,주택 및 상업용 리츠,6.55,6.61,6.29,6.32,6.32,60400.0,-4.438322408358064,6.1734,5.988466666666667,6.3787,-0.0022333333333337535,-0.002649999999999597,0.19214285714285717,-0.9368029739776935,-0.03931690793079717,-0.36969317966509885,-0.1717781405597041,-0.03739332290202526,False
2023-02-10,MITT,AG Mortgage Investment Trust Inc,주택 및 상업용 리츠,6.28,6.37,6.18,6.35,6.35,166100.0,-4.048919072334211,6.1842,5.983866666666667,6.3749,-0.0022999999999999687,-0.0019000000000000128,0.19285714285714292,0.1555555555555522,-0.06430687985217713,0.01028701641859947,-0.15255464475241579,-0.038630551823248316,False
2023-02-13,MITT,AG Mortgage Investment Trust Inc,주택 및 상업용 리츠,6.35,6.41,6.3,6.4,6.4,91900.0,-4.222389877773991,6.1926,5.978466666666667,6.3702499999999995,-0.0026999999999999247,-0.0023250000000003546,0.19000000000000014,0.26315789473684564,-0.04180618366727024,-0.48372433085064653,-0.18691360941905108,-0.04959078333573187,False
2023-02-14,MITT,AG Mortgage Investment Trust Inc,주택 및 상업용 리츠,6.35,6.36,6.22,6.33,6.33,227700.0,-5.05030365386232,6.1972000000000005,5.972333333333333,6.3639,-0.003066666666666773,-0.003174999999999706,0.1892857142857145,-0.36981132075471806,-0.07206743185304673,-0.3511866836636933,-0.2167264326018952,-0.05618685714455351,False
2023-02-15,MITT,AG Mortgage Investment Trust Inc,주택 및 상업용 리츠,6.32,6.33,6.11,6.19,6.19,306000.0,-6.998465416474264,6.199,5.965066666666667,6.3568999999999996,-0.0036333333333331552,-0.0035000000000002807,0.19500000000000015,-0.7179487179487157,-0.15134948313509794,-0.902967017635756,-0.2556660893371219,-0.0645191178076719,False
2023-02-16,MITT,AG Mortgage Investment Trust Inc,주택 및 상업용 리츠,6.08,6.28,6.07,6.24,6.24,91600.0,-4.660449626201768,6.203200000000001,5.959266666666666,6.3509,-0.0029000000000003467,-0.0029999999999996696,0.20142857142857157,0.24822695035460887,-0.16195906765285734,1.157522642395443,-0.18821899400463082,-0.05374820360155558,False
2023-02-17,MITT,AG Mortgage Investment Trust Inc,주택 및 상업용 리츠,6.22,6.26,6.14,6.23,6.23,56900.0,-4.2609388872271285,6.210200000000001,5.9517999999999995,6.3433,-0.0037333333333333663,-0.0038000000000000256,0.19714285714285726,-0.050724637681158306,-0.10534129220323256,0.13185727770494446,-0.18731998409628023,-0.05143039846797985,False
2023-02-21,MITT,AG Mortgage Investment Trust Inc,주택 및 상업용 리츠,6.18,6.18,5.96,6.01,6.01,62200.0,-5.379479752192373,6.211600000000001,5.944733333333334,6.33375,-0.003533333333332944,-0.004774999999999974,0.20071428571428587,-1.0960854092526713,-0.2683105265046906,0.1862808642225684,-0.18370965204964132,-0.04697132948177837,False
2023-02-22,MITT,AG Mortgage Investment Trust Inc,주택 및 상업용 리츠,5.97,6.11,5.97,6.01,6.01,84400.0,-4.864441044739431,6.2084,5.9366666666666665,6.32475,-0.004033333333333555,-0.0045000000000001705,0.19571428571428592,0.0,-0.3094627898791761,0.1072325858124601,-0.16680757044791594,-0.03965831906632555,False
2023-02-23,MITT,AG Mortgage Investment Trust Inc,주택 및 상업용 리츠,6.2,6.2,6.0,6.1,6.1,52400.0,-3.615021763230597,6.2062,5.928066666666667,6.315449999999999,-0.0042999999999997485,-0.004650000000000265,0.19571428571428592,0.4598540145985389,-0.3006160745507091,0.08952238215930669,-0.11413301618127476,-0.040781177637200725,False
2023-02-24,MITT,AG Mortgage Investment Trust Inc,주택 및 상업용 리츠,6.05,6.24,5.99,6.22,6.22,158400.0,-0.4714891932051102,6.2066,5.919133333333334,6.309349999999999,-0.004466666666666619,-0.003049999999999997,0.20071428571428587,0.5978647686832741,-0.2343820364514835,1.3247443104262675,-0.04605571979135429,-0.032110358438757286,False
2023-02-27,MITT,AG Mortgage Investment Trust Inc,주택 및 상업용 리츠,6.25,6.33,6.18,6.24,6.24,156900.0,-0.21472910443175452,6.2078,5.9106000000000005,6.3031999999999995,-0.004266666666666641,-0.003074999999999939,0.1907142857142859,0.10486891385768023,-0.13059510345106726,-0.10361597856142,0.01386230821765781,-0.03536376980435038,False
2023-02-28,MITT,AG Mortgage Investment Trust Inc,주택 및 상업용 리츠,6.25,6.38,6.24,6.35,6.35,115300.0,1.9455016613831866,6.21,5.903266666666667,6.296850000000001,-0.003666666666666707,-0.0031749999999992617,0.18642857142857158,0.5900383141762416,-0.08844950958133573,0.8128646315926628,0.132257085228111,-0.02776778313105138,False
2023-03-01,MITT,AG Mortgage Investment Trust Inc,주택 및 상업용 리츠,6.3,6.3,6.05,6.06,6.06,171900.0,-1.8663454047080807,6.2063999999999995,5.8934,6.2901,-0.004933333333333678,-0.003375000000000572,0.20000000000000018,-1.4499999999999988,-0.1572719034037295,-1.095061940810482,0.036718755681796895,-0.041843859594025166,False
2023-03-02,MITT,AG Mortgage Investment Trust Inc,주택 및 상업용 리츠,5.99,6.04,5.91,5.99,5.99,111800.0,-3.239398179212105,6.2056,5.8816,6.2807,-0.005900000000000016,-0.004699999999999704,0.18785714285714297,-0.37262357414448327,-0.11697337484421451,-0.9583717269975833,-0.005329711984809138,-0.04385578145649255,False
2023-03-03,MITT,AG Mortgage Investment Trust Inc,주택 및 상업용 리츠,6.01,6.19,6.01,6.12,6.12,90800.0,-2.2689828115942556,6.206799999999999,5.868133333333334,6.271699999999999,-0.006733333333333036,-0.004500000000000615,0.18857142857142867,0.6893939393939384,-0.0788420617129012,-0.5115622289673037,-0.04260465808380222,-0.05149095154520509,False
2023-03-06,MITT,AG Mortgage Investment Trust Inc,주택 및 상업용 리츠,6.12,6.25,6.11,6.16,6.16,99200.0,-1.2690786867591175,6.214600000000001,5.854333333333333,6.2626,-0.00690000000000035,-0.00454999999999961,0.19071428571428578,0.20973782771535593,-0.08265778078586476,0.15677699586841062,0.003145436681844711,-0.047278684924947606,False
2023-03-07,MITT,AG Mortgage Investment Trust Inc,주택 및 상업용 리츠,6.06,6.17,5.96,5.98,5.98,118800.0,-2.3362237805511388,6.2166,5.839066666666667,6.2533,-0.007633333333333159,-0.004649999999999821,0.19285714285714287,-0.9333333333333318,-0.1229093531129086,0.24086701445544567,0.045434986547497495,-0.047613077011588616,False
2023-03-08,MITT,AG Mortgage Investment Trust Inc,주택 및 상업용 리츠,5.96,5.98,5.75,5.8,5.8,162100.0,-5.008673775151751,6.217,5.8236,6.2436,-0.00773333333333337,-0.004850000000000243,0.19357142857142864,-0.9298892988929917,-0.13804796603749975,-1.0385966064906278,0.03574715877214951,-0.053801096011474335,False
2023-03-09,MITT,AG Mortgage Investment Trust Inc,주택 및 상업용 리츠,5.8,5.84,5.5,5.5,5.5,162500.0,-7.7004613159788455,6.211799999999999,5.806,6.2322500000000005,-0.008799999999999919,-0.0056749999999996525,0.2028571428571429,-1.4788732394366184,-0.2614122653083017,-0.15170784713218977,-0.05776930476553854,-0.049345151245409204,False
2023-03-10,MITT,AG Mortgage Investment Trust Inc,주택 및 상업용 리츠,5.5,5.52,5.23,5.26,5.26,208200.0,-9.879231692459967,6.203199999999999,5.791733333333333,6.2192,-0.007133333333333436,-0.006525000000000336,0.215,-1.116279069767443,-0.33752329617160776,-0.1507919261841657,-0.0779585336147607,-0.035649252229782255,False
2023-03-13,MITT,AG Mortgage Investment Trust Inc,주택 및 상업용 리츠,5.16,5.24,4.96,5.12,5.12,245000.0,-11.487870108016828,6.1966,5.776533333333333,6.205200000000001,-0.007600000000000051,-0.006999999999999229,0.21714285714285708,-0.6447368421052618,-0.3052841128039357,-0.5469753406903651,-0.13033397682282738,-0.03997831102139538,False
2023-03-14,MITT,AG Mortgage Investment Trust Inc,주택 및 상업용 리츠,5.29,5.44,5.27,5.3,5.3,185400.0,-9.272809945917615,6.1952,5.7622,6.1922500000000005,-0.0071666666666665435,-0.006475000000000453,0.22999999999999993,0.782608695652173,-0.24938349168592328,-0.23275781033431908,-0.1546190051190259,-0.0432037926850041,False
2023-03-15,MITT,AG Mortgage Investment Trust Inc,주택 및 상업용 리츠,5.28,5.175,5.04,5.06,5.06,131438.0,-11.428708111414066,6.1902,5.745733333333334,6.1772,-0.008233333333333093,-0.007525000000000226,0.23428571428571418,-1.0243902439024404,-0.35540093872170747,-0.12161473263256195,-0.16970022760415934,-0.0477594595365039,False
