Date,Symbol,Name,Industry,Open,High,Low,Close,Adj Close,Volume,RS,50MA,150MA,200MA,MA150_Slope,MA200_Slope,ATR,TC,ATC,TRS,ATRS,ATRS150,IsOriginData_NaN
2021-02-17,PRDS,Pardes Biosciences Inc,생명과학 및 메디컬 리서치,10.5,11.12,10.45,10.79,10.79,3333000.0,,,,,,,,,,,,,False
2021-02-18,PRDS,Pardes Biosciences Inc,생명과학 및 메디컬 리서치,10.78,10.79,10.56,10.65,10.65,356300.0,,,,,,,,,,,,,False
2021-02-19,PRDS,Pardes Biosciences Inc,생명과학 및 메디컬 리서치,11.0,11.0,10.7,11.0,11.0,103100.0,,,,,,,,,,,,,False
2021-02-22,PRDS,Pardes Biosciences Inc,생명과학 및 메디컬 리서치,11.0,11.17,10.64,10.74,10.74,137100.0,,,,,,,,,,,,,False
2021-02-23,PRDS,Pardes Biosciences Inc,생명과학 및 메디컬 리서치,10.56,10.97,10.55,10.97,10.97,189600.0,,,,,,,,,,,,,False
2021-02-24,PRDS,Pardes Biosciences Inc,생명과학 및 메디컬 리서치,10.9,10.99,10.65,10.85,10.85,109400.0,,,,,,,,,,,,,False
2021-02-25,PRDS,Pardes Biosciences Inc,생명과학 및 메디컬 리서치,10.75,10.81,10.55,10.65,10.65,148800.0,,,,,,,,,,,,,False
2021-02-26,PRDS,Pardes Biosciences Inc,생명과학 및 메디컬 리서치,10.63,10.64,10.44,10.64,10.64,188400.0,,,,,,,,,,,,,False
2021-03-01,PRDS,Pardes Biosciences Inc,생명과학 및 메디컬 리서치,10.55,11.0,10.55,10.58,10.58,49800.0,,,,,,,,,,,,,False
2021-03-02,PRDS,Pardes Biosciences Inc,생명과학 및 메디컬 리서치,10.66,10.66,10.35,10.42,10.42,209600.0,,,,,,,,,,,,,False
2021-03-03,PRDS,Pardes Biosciences Inc,생명과학 및 메디컬 리서치,10.5,10.515,10.25,10.27,10.27,65100.0,,,,,,,,,,,,,False
2021-03-04,PRDS,Pardes Biosciences Inc,생명과학 및 메디컬 리서치,10.26,10.29,10.01,10.29,10.29,353100.0,,,,,,,,,,,,,False
2021-03-05,PRDS,Pardes Biosciences Inc,생명과학 및 메디컬 리서치,10.3,10.32,10.16,10.29,10.29,43100.0,,,,,,,,,,,,,False
2021-03-08,PRDS,Pardes Biosciences Inc,생명과학 및 메디컬 리서치,10.34,10.42,10.12,10.41,10.41,161400.0,,,,,,,,,,,,,False
2021-03-09,PRDS,Pardes Biosciences Inc,생명과학 및 메디컬 리서치,10.66,10.66,10.2,10.22,10.22,422400.0,,,,,,,0.32892857142857135,-0.5776330076004329,,-1.312222029992682,,,False
2021-03-10,PRDS,Pardes Biosciences Inc,생명과학 및 메디컬 리서치,10.29,10.36,10.18,10.33,10.33,101700.0,,,,,,,0.32535714285714284,0.3380900109769467,,0.019345289508237717,,,False
2021-03-11,PRDS,Pardes Biosciences Inc,생명과학 및 메디컬 리서치,10.35,10.5,10.21,10.4,10.4,34000.0,,,,,,,0.3210714285714285,0.21802002224694197,,-0.316984786404933,,,False
2021-03-12,PRDS,Pardes Biosciences Inc,생명과학 및 메디컬 리서치,10.37,10.41,10.261,10.39,10.39,15900.0,,,,,,,0.29385714285714293,-0.0340301409820119,,-0.08694172434861543,,,False
2021-03-15,PRDS,Pardes Biosciences Inc,생명과학 및 메디컬 리서치,10.38,10.465,10.29,10.34,10.34,11700.0,,,,,,,0.27635714285714297,-0.18092530369604798,,-0.5341939499292025,,,False
2021-03-16,PRDS,Pardes Biosciences Inc,생명과학 및 메디컬 리서치,10.3,10.35,10.2,10.2,10.2,81400.0,-4.986142652413417,,,,,,0.26278571428571446,-0.5327534656156583,,-0.4431198981368457,,,False
2021-03-17,PRDS,Pardes Biosciences Inc,생명과학 및 메디컬 리서치,10.21,10.4,10.2,10.2,10.2,97600.0,-4.946642253921974,,,,,,0.25564285714285745,0.0,,-0.17557750880927978,,,False
2021-03-18,PRDS,Pardes Biosciences Inc,생명과학 및 메디컬 리서치,10.2,10.22,10.1,10.13,10.13,67000.0,-3.946624582387037,,,,,,0.24921428571428603,-0.2808827744339289,,0.6300599061755165,,,False
2021-03-19,PRDS,Pardes Biosciences Inc,생명과학 및 메디컬 리서치,10.1,10.15,10.05,10.05,10.05,58300.0,-4.207838232568973,,,,,,0.22421428571428606,-0.3568015291494104,,-0.3175429230085834,,,False
2021-03-22,PRDS,Pardes Biosciences Inc,생명과학 및 메디컬 리서치,10.05,10.09,10.049,10.075,10.075,29200.0,-4.257699434674311,,,,,,0.20500000000000032,0.121951219512188,,-0.3330088045642218,,,False
2021-03-23,PRDS,Pardes Biosciences Inc,생명과학 및 메디컬 리서치,10.1,10.1,9.96,9.96,9.96,22000.0,-4.121248596386129,,,,,,0.19607142857142876,-0.5865209471766764,,-0.08407916956269268,,,False
2021-03-24,PRDS,Pardes Biosciences Inc,생명과학 및 메디컬 리서치,9.96,10.0,9.95,9.95,9.95,166300.0,-3.3167716052291407,,,,,,0.17964285714285744,-0.05566600397615175,,0.3327859633285896,,,False
2021-03-25,PRDS,Pardes Biosciences Inc,생명과학 및 메디컬 리서치,9.93,9.99,9.92,9.93,9.93,7300.0,-3.5746326376895454,,,,,,0.17321428571428601,-0.11546391752577054,,-0.514464944995957,,,False
2021-03-26,PRDS,Pardes Biosciences Inc,생명과학 및 메디컬 리서치,9.957,9.98,9.92,9.92,9.92,900.0,-4.712343268548002,,,,,,0.15607142857142886,-0.06407322654462094,-0.1504777902831881,-1.3249361933302146,-0.31863434100506316,,False
2021-03-29,PRDS,Pardes Biosciences Inc,생명과학 및 메디컬 리서치,9.89,10.0,9.89,9.97,9.97,4400.0,-3.779844148902889,,,,,,0.13107142857142876,0.3814713896457815,-0.08197033333702992,0.45269667162603383,-0.19256871946086918,,False
2021-03-30,PRDS,Pardes Biosciences Inc,생명과학 및 메디컬 리서치,9.95,9.97,9.9,9.97,9.97,182000.0,-3.1526660350918223,,,,,,0.12321428571428594,0.0,-0.10611961983538325,0.2648170968559708,-0.17503501893603107,,False
2021-03-31,PRDS,Pardes Biosciences Inc,생명과학 및 메디컬 리서치,9.92,10.0,9.92,9.96,9.96,15300.0,-3.261088562340353,,,,,,0.10821428571428601,-0.09240924092409018,-0.12829313863331412,-0.40739752906426,-0.18149307198312586,,False
2021-04-01,PRDS,Pardes Biosciences Inc,생명과학 및 메디컬 리서치,9.985,10.0,9.98,10.0,10.0,73100.0,-3.555707773677852,,,,,,0.1004285714285716,0.3982930298719681,-0.09741291214374412,-0.6053893155621359,-0.21852504278409163,,False
2021-04-05,PRDS,Pardes Biosciences Inc,생명과학 및 메디컬 리서치,10.0,10.0,9.98,9.99,9.99,21500.0,-4.600791406511052,,,,,,0.08935714285714294,-0.11191047162269935,-0.09248328128136207,-1.3204976662790355,-0.2746895939519368,,False
2021-04-06,PRDS,Pardes Biosciences Inc,생명과학 및 메디컬 리서치,9.997,9.997,9.997,9.997,9.997,400.0,-3.9353684798746347,,,,,,0.07914285714285718,0.08844765342959872,-0.04811177277812944,0.1723021663077896,-0.23073087506303433,,False
2021-04-07,PRDS,Pardes Biosciences Inc,생명과학 및 메디컬 리서치,10.0,10.02,9.98,10.0,10.0,7600.0,-3.697270847436296,,,,,,0.06771428571428562,0.04430379746835617,-0.044947215816103996,-0.08935816519147091,-0.22457235051890514,,False
2021-04-08,PRDS,Pardes Biosciences Inc,생명과학 및 메디컬 리서치,10.03,10.1,9.98,10.09,10.09,20300.0,-2.8824418829807352,,,,,,0.06771428571428549,1.329113924050635,0.07005254836136486,0.9166450553825494,-0.20410198271840277,,False
2021-04-09,PRDS,Pardes Biosciences Inc,생명과학 및 메디컬 리서치,10.05,10.1,10.03,10.05,10.05,36600.0,-3.6171611803464065,,,,,,0.06557142857142839,-0.6100217864923634,0.05196538712258251,-1.38003442455715,-0.2799942328290147,,False
2021-04-12,PRDS,Pardes Biosciences Inc,생명과학 및 메디컬 리서치,10.1,10.1,10.06,10.1,10.1,11900.0,-2.7564866715418024,,,,,,0.06621428571428543,0.755124056094917,0.09719201830706314,0.7757384645911921,-0.20079799931791367,,False
2021-04-13,PRDS,Pardes Biosciences Inc,생명과학 및 메디컬 리서치,10.1,10.15,10.1,10.14,10.14,12300.0,-2.3876028613344036,,,,,,0.059785714285714144,0.6690561529271377,0.18687609688590698,0.3069649781623582,-0.17286627448041006,,False
2021-04-14,PRDS,Pardes Biosciences Inc,생명과학 및 메디컬 리서치,10.15,10.17,10.04,10.17,10.17,26200.0,-1.4842116517056136,,,,,,0.06549999999999986,0.45801526717556373,0.2235676162538867,0.9286306662481725,-0.1303059385575827,,False
2021-04-15,PRDS,Pardes Biosciences Inc,생명과학 및 메디컬 리서치,10.17,10.17,10.071,10.16,10.16,1200.0,-2.406739630357868,,,,,,0.06757142857142842,-0.14799154334037773,0.22124421440998618,-1.4650381205286431,-0.19820402252420313,,False
2021-04-16,PRDS,Pardes Biosciences Inc,생명과학 및 메디컬 리서치,10.102,10.115,10.093,10.115,10.115,3200.0,-2.8566438100056546,,,,,,0.06807142857142841,-0.6610703043022041,0.17860156599873026,-1.1414286602530985,-0.18509634159012342,,False
2021-04-19,PRDS,Pardes Biosciences Inc,생명과학 및 메디컬 리서치,10.1,10.14,10.069,10.13,10.13,1900.0,-1.9272603260723886,,,,,,0.06528571428571414,0.22975929978119083,0.16776498815125945,0.9444808764643796,-0.14996889838738442,,False
2021-04-20,PRDS,Pardes Biosciences Inc,생명과학 및 메디컬 리서치,10.129,10.129,10.069,10.069,10.069,300.0,-1.609018058870182,,,,,,0.06464285714285697,-0.9436464088397806,0.10036167323413227,-0.0688047605586306,-0.17379903105985597,,False
2021-04-21,PRDS,Pardes Biosciences Inc,생명과학 및 메디컬 리서치,10.065,10.07,10.05,10.07,10.07,3300.0,-2.2417082857696835,,,,,,0.06035714285714265,0.01656804733726898,0.1081457652528008,-1.139459872587667,-0.22608919845438505,,False
2021-04-22,PRDS,Pardes Biosciences Inc,생명과학 및 메디컬 리서치,10.06,10.07,10.05,10.06,10.06,11800.0,-1.179658905176062,,,,,,0.058928571428571254,-0.16969696969696657,0.06757505099787689,0.9653027797173339,-0.11389690593442289,,False
2021-04-23,PRDS,Pardes Biosciences Inc,생명과학 및 메디컬 리서치,10.01,10.06,10.01,10.05,10.05,9400.0,-2.0751641739825355,,,,,,0.06107142857142848,-0.1637426900584763,0.06387274968103566,-1.5104297685421209,-0.12746348466750043,,False
2021-04-26,PRDS,Pardes Biosciences Inc,생명과학 및 메디컬 리서치,10.01,10.06,10.01,10.06,10.06,1700.0,-1.9653106422307665,,,,,,0.06414285714285713,0.1559020044543397,0.06869091761137432,-0.0680585311849565,-0.1446321059169823,,False
2021-04-27,PRDS,Pardes Biosciences Inc,생명과학 및 메디컬 리서치,10.065,10.09,10.03,10.09,10.09,4900.0,-1.4494455538905937,,,,,,0.06557142857142864,0.4575163398692708,0.09820609921143965,0.4844348000613078,-0.10364689411321239,,False
2021-04-28,PRDS,Pardes Biosciences Inc,생명과학 및 메디컬 리서치,10.105,10.118,10.105,10.118,10.118,1200.0,-0.8899665503145471,10.24008,,,,,0.05900000000000016,0.4745762711864473,0.03716769543542623,0.5801277026878063,-0.12768384787712259,,False
2021-04-29,PRDS,Pardes Biosciences Inc,생명과학 및 메디컬 리서치,10.149,10.149,10.105,10.13,10.13,800.0,-1.2332676773936013,10.22688,,,,,0.0571428571428572,0.21000000000000776,0.09574068018488131,-0.6193783204076919,-0.07335126900930418,,False
2021-04-30,PRDS,Pardes Biosciences Inc,생명과학 및 메디컬 리서치,10.06,10.15,10.05,10.15,10.15,87300.0,-0.19797894542524785,10.21688,,,,,0.06071428571428582,0.32941176470587474,0.06533265937137829,1.1825647997861537,-0.04429224506680691,,False
2021-05-03,PRDS,Pardes Biosciences Inc,생명과학 및 메디컬 리서치,10.13,10.14,10.105,10.105,10.105,2500.0,-0.8319858785887368,10.19898,,,,,0.0603571428571429,-0.745562130177513,-0.035711503707525336,-1.0660901452329894,-0.14236761102361745,,False
2021-05-04,PRDS,Pardes Biosciences Inc,생명과학 및 메디컬 리서치,10.08,10.15,10.08,10.15,10.15,10900.0,0.3138304379368462,10.18718,,,,,0.056071428571428585,0.8025477707006354,-0.011102039170020212,1.5350935815321123,-0.09904883136047889,,False
2021-05-05,PRDS,Pardes Biosciences Inc,생명과학 및 메디컬 리서치,10.16,10.16,10.06,10.15,10.15,34500.0,0.27540298108272854,10.17078,,,,,0.05614285714285711,0.0,-0.0005312146457075173,-0.07994154204747816,-0.00011336146896709762,,False
2021-05-06,PRDS,Pardes Biosciences Inc,생명과학 및 메디컬 리서치,10.09,10.09,10.06,10.06,10.06,900.0,-1.279769233428818,10.15498,,,,,0.05778571428571423,-1.557478368355994,-0.06456036207812109,-2.4275789382775286,-0.09198123847071209,,False
2021-05-07,PRDS,Pardes Biosciences Inc,생명과학 및 메디컬 리서치,10.085,10.15,10.02,10.15,10.15,23500.0,-1.0520464020987719,10.14498,,,,,0.06200000000000002,1.4516129032258036,0.022714895310779828,0.661552309501257,-0.11219042182522086,,False
2021-05-10,PRDS,Pardes Biosciences Inc,생명과학 및 메디컬 리서치,10.085,10.123,10.05,10.123,10.123,21700.0,-0.21317777578249153,10.13464,,,,,0.0647857142857143,-0.41675854465271694,0.06034974275271294,0.7027820581339326,-0.057077077632894935,,False
2021-05-11,PRDS,Pardes Biosciences Inc,생명과학 및 메디컬 리서치,10.03,10.1,10.03,10.08,10.08,15000.0,0.2751014057455148,10.124640000000001,,,,,0.07000000000000003,-0.6142857142857034,0.015288759779643486,0.2617695541728895,0.04301073856428767,,False
2021-05-12,PRDS,Pardes Biosciences Inc,생명과학 및 메디컬 리서치,10.035,10.13,10.035,10.13,10.13,700.0,2.9228278019159726,10.11884,,,,,0.07535714285714297,0.6635071090047477,0.07480333682976593,2.6747957209912823,0.16511737722671255,,False
2021-05-13,PRDS,Pardes Biosciences Inc,생명과학 및 메디컬 리서치,10.13,10.13,10.13,10.13,10.13,0.0,1.628330328798011,10.11604,,,,,0.07178571428571434,0.0,0.08649924326251424,-1.1003826990513994,0.19440645361890693,,False
2021-05-14,PRDS,Pardes Biosciences Inc,생명과학 및 메디컬 리서치,10.02,10.11,10.01,10.11,10.11,153700.0,-0.07457105801590425,10.11244,,,,,0.07678571428571436,-0.2604651162790871,0.05675873463869805,-1.5127245260217728,0.09121602541627723,,False
2021-05-17,PRDS,Pardes Biosciences Inc,생명과학 및 메디컬 리서치,10.01,10.088,10.01,10.055,10.055,1700.0,-0.3290297812144183,10.10774,,,,,0.07964285714285715,-0.6905829596412519,-0.02524835818348215,-0.47935511122013785,0.022373888896173953,,False
2021-05-18,PRDS,Pardes Biosciences Inc,생명과학 및 메디컬 리서치,10.1,10.1,10.01,10.05,10.05,8400.0,0.47804830766031703,10.10054,,,,,0.08407142857142855,-0.05947323704331869,-0.06339475162846543,0.6268600160536634,0.025711911279449457,,False
2021-05-19,PRDS,Pardes Biosciences Inc,생명과학 및 메디컬 리서치,10.01,10.02,10.0,10.0,10.0,27400.0,0.2384656911623484,10.09614,,,,,0.08450000000000012,-0.5917159763313685,-0.12066017850927802,-0.3642419743388071,0.043935935998655515,,False
2021-05-20,PRDS,Pardes Biosciences Inc,생명과학 및 메디컬 리서치,10.0,10.03,10.0,10.01,10.01,800.0,-0.6557115392452628,10.089739999999999,,,,,0.0795000000000001,0.12578616352200975,-0.13520486430812553,-0.6658081859122053,-0.08809070583694156,,False
2021-05-21,PRDS,Pardes Biosciences Inc,생명과학 및 메디컬 리서치,10.0,10.0,10.0,10.0,10.0,300.0,-0.681265330537506,10.08174,,,,,0.07700000000000008,-0.12987012987012697,-0.09122686428616937,-0.0711306720815847,-0.017022172040412648,,False
2021-05-24,PRDS,Pardes Biosciences Inc,생명과학 및 메디컬 리서치,10.01,10.03,9.98,10.0,10.0,28400.0,-1.6159962223471935,10.07394,,,,,0.07557142857142855,0.0,-0.14855170505050047,-0.752189465838965,-0.18039953256691815,,False
2021-05-25,PRDS,Pardes Biosciences Inc,생명과학 및 메디컬 리서치,10.0,10.0,9.963,10.0,10.0,24000.0,-1.3610417561886523,10.06714,,,,,0.07107142857142865,0.0,-0.14855170505050047,0.16202037857414903,-0.16311653823680192,,False
2021-05-26,PRDS,Pardes Biosciences Inc,생명과학 및 메디컬 리서치,10.04,10.05,9.97,10.0,10.0,12600.0,-1.4735623475599202,10.063139999999999,,,,,0.07035714285714294,0.0,-0.03730325016792947,-0.14994734438426832,-0.0004285672444261923,,False
2021-05-27,PRDS,Pardes Biosciences Inc,생명과학 및 메디컬 리서치,9.99,9.99,9.96,9.99,9.99,6000.0,-1.6312201582550534,10.05894,,,,,0.0639285714285714,-0.15642458100558332,-0.15216307047017139,-0.2521846955264456,-0.06569549617497637,,False
2021-05-28,PRDS,Pardes Biosciences Inc,생명과학 및 메디컬 리서치,9.95,9.99,9.9,9.99,9.99,57800.0,-1.6023869314334194,10.056140000000001,,,,,0.0632142857142857,0.0,-0.12239460299497733,-0.06610298626021915,-0.12061585648884436,,False
2021-06-01,PRDS,Pardes Biosciences Inc,생명과학 및 메디컬 리서치,9.9,9.99,9.9,9.99,9.99,800.0,-1.4871247524585796,10.05494,,,,,0.06299999999999997,0.0,-0.07851705197456994,0.04501646501473108,-0.1360982200001414,,False
2021-06-02,PRDS,Pardes Biosciences Inc,생명과학 및 메디컬 리서치,9.915,9.915,9.915,9.915,9.915,1500.0,-2.203827186274876,10.05174,,,,,0.061571428571428576,-1.2180974477958408,-0.21291737746032627,-1.3680668834585086,-0.4248741203179836,,False
2021-06-03,PRDS,Pardes Biosciences Inc,생명과학 및 메디컬 리서치,9.92,9.96,9.91,9.91,9.91,10000.0,-1.7505277127241925,10.05074,,,,,0.0651428571428572,-0.07675438596489695,-0.21839983360067605,0.3196933245739473,-0.32344011863045885,,False
2021-06-04,PRDS,Pardes Biosciences Inc,생명과학 및 메디컬 리서치,9.98,10.0,9.98,10.0,10.0,10700.0,-1.6647132857954383,10.05174,,,,,0.06299999999999997,1.4285714285714268,-0.09775436611135362,0.41020801226928416,-0.18608779446681195,,False
2021-06-07,PRDS,Pardes Biosciences Inc,생명과학 및 메디컬 리서치,10.025,10.025,9.98,9.98,9.98,400.0,-1.707959769272538,10.05274,,,,,0.059071428571428566,-0.33857315598548254,-0.0726108087073701,-0.24320455126661641,-0.1692198973272747,,False
2021-06-08,PRDS,Pardes Biosciences Inc,생명과학 및 메디컬 리서치,9.959,10.043,9.93,10.0,10.0,143800.0,-1.4229694039790242,10.054340000000002,,,,,0.060714285714285686,0.32941176470587546,-0.04483330858242767,0.3078313283606111,-0.19200766073392125,,False
2021-06-09,PRDS,Pardes Biosciences Inc,생명과학 및 메디컬 리서치,9.995,10.0,9.995,10.0,10.0,1700.0,-1.1238434160884436,10.05494,,,,,0.05749999999999998,0.0,-0.0025678817016156286,0.24995873078041153,-0.14813618179683422,,False
2021-06-10,PRDS,Pardes Biosciences Inc,생명과학 및 메디컬 리서치,10.0,10.0,10.0,10.0,10.0,0.0,-1.3052892831022511,10.05554,,,,,0.05535714285714288,0.0,-0.011552607667473468,-0.6787484840605111,-0.14906048880742748,,False
2021-06-11,PRDS,Pardes Biosciences Inc,생명과학 및 메디컬 리서치,9.956,10.0,9.956,10.0,10.0,600.0,-1.2723810855323814,10.05634,,,,,0.057785714285714364,0.0,-0.0022761698196072555,-0.30111391047730923,-0.16548786297855064,,False
2021-06-14,PRDS,Pardes Biosciences Inc,생명과학 및 메디컬 리서치,9.91,10.0,9.9,9.95,9.95,13900.0,-1.7712525631957132,10.05534,,,,,0.061357142857142985,-0.8149010477299284,-0.060483387514602145,-1.121643388461556,-0.19187742888016432,,False
2021-06-15,PRDS,Pardes Biosciences Inc,생명과학 및 메디컬 리서치,9.95,9.95,9.95,9.95,9.95,0.0,-1.4239647817613,10.05454,,,,,0.05871428571428578,0.0,-0.060483387514602145,0.35268064001791005,-0.17825883877703852,,False
2021-06-16,PRDS,Pardes Biosciences Inc,생명과학 및 메디컬 리서치,9.95,10.0,9.95,10.0,10.0,11200.0,-0.2509087706783597,10.0546,,,,,0.05657142857142868,0.8838383838383946,0.0026479256167117565,1.7482050731988648,-0.04267652323538616,,False
2021-06-17,PRDS,Pardes Biosciences Inc,생명과학 및 메디컬 리서치,10.0,10.0,10.0,10.0,10.0,0.0,-0.07880250683549583,10.0546,,,,,0.05371428571428589,0.0,0.013821109974253423,0.06613266812861916,-0.019939568688595817,,False
2021-06-18,PRDS,Pardes Biosciences Inc,생명과학 및 메디컬 리서치,9.96,9.96,9.95,9.95,9.95,200.0,0.7834144455476144,10.0518,,,,,0.050857142857143094,-0.9831460674157397,-0.05640360912687085,0.8226941690618381,0.04354594240583685,,False
2021-06-21,PRDS,Pardes Biosciences Inc,생명과학 및 메디컬 리서치,9.93,9.95,9.9,9.9,9.9,5600.0,-0.9762625251749313,10.0488,,,,,0.04800000000000017,-1.0416666666666408,-0.1308083710316309,-2.8453406218310597,-0.16290813522600536,,False
2021-06-22,PRDS,Pardes Biosciences Inc,생명과학 및 메디컬 리서치,9.914,9.914,9.88,9.88,9.88,1400.0,-1.5637374736572007,10.044400000000001,,,,,0.04507142857142859,-0.4437400950871536,-0.07549713155243896,-1.0854905794891927,-0.14272411351391137,,False
2021-06-23,PRDS,Pardes Biosciences Inc,생명과학 및 메디컬 리서치,9.86,9.88,9.86,9.88,9.88,1000.0,-1.3348412020038336,10.039200000000001,,,,,0.04292857142857149,0.0,-0.07001467541208918,0.1439845040168619,-0.15527474355370322,,False
2021-06-24,PRDS,Pardes Biosciences Inc,생명과학 및 메디컬 리서치,9.88,9.88,9.88,9.88,9.88,0.0,-1.764437815183617,10.0334,,,,,0.036500000000000074,0.0,-0.17205549173861967,-0.7913091662287853,-0.24109739916070816,,False
2021-06-25,PRDS,Pardes Biosciences Inc,생명과학 및 메디컬 리서치,9.87,9.878,9.87,9.878,9.878,600.0,-1.9637422552539419,10.027759999999999,,,,,0.03400000000000019,-0.05882352941178402,-0.15207337555478403,-0.5119165071701612,-0.2602911102966756,,False
2021-06-28,PRDS,Pardes Biosciences Inc,생명과학 및 메디컬 리서치,9.878,9.878,9.878,9.878,9.878,0.0,-2.036156367652009,10.02302,,,,,0.02592857142857165,0.0,-0.17560278731948945,-0.32398908160847395,-0.3054211395801817,,False
2021-06-29,PRDS,Pardes Biosciences Inc,생명과학 및 메디컬 리서치,9.94,10.0,9.92,9.99,9.99,1630400.0,-0.8479893820433015,10.02022,,,,,0.03428571428571444,3.266666666666655,0.05773054601384305,3.227314904642715,-0.09275284144716002,,False
2021-06-30,PRDS,Pardes Biosciences Inc,생명과학 및 메디컬 리서치,10.0,10.0,9.913,9.98,9.98,94100.0,-1.0071950485976089,10.01844,,,,,0.04050000000000014,-0.24691358024690746,0.04009386171049254,-0.44269079161606006,-0.07589157770112778,,False
2021-07-01,PRDS,Pardes Biosciences Inc,생명과학 및 메디컬 리서치,9.9,10.0,9.9,9.99,9.99,20700.0,-1.315435405465648,10.01684,,,,,0.04450000000000008,0.2247191011235903,0.056145226076463266,-0.5329292233898546,-0.09244981433773816,,False
2021-07-02,PRDS,Pardes Biosciences Inc,생명과학 및 메디컬 리서치,9.992,9.992,9.97,9.99,9.99,6700.0,-1.9060460280605374,10.015440000000002,,,,,0.03892857142857155,0.0,0.11435244377145816,-1.058275397053603,-0.08792352923717009,,False
2021-07-06,PRDS,Pardes Biosciences Inc,생명과학 및 메디컬 리서치,10.0,10.0,9.91,9.979,9.979,43500.0,-1.68140880080897,10.01402,,,,,0.04535714285714297,-0.24251968503939172,0.09702960912578733,0.0301007246370735,-0.11096495176437271,,False
2021-07-07,PRDS,Pardes Biosciences Inc,생명과학 및 메디컬 리서치,9.963,9.963,9.92,9.92,9.92,7800.0,-2.403225819861954,10.011220000000002,,,,,0.046000000000000006,-1.282608695652158,-0.05771661083782359,-1.7526528282192138,-0.36102623043709264,,False
2021-07-08,PRDS,Pardes Biosciences Inc,생명과학 및 메디컬 리서치,9.89,9.98,9.89,9.96,9.96,24200.0,-1.0260468670801326,10.00862,,,,,0.05242857142857143,0.7629427792915707,-0.0032206980312828237,1.8812784047661126,-0.23137296353441444,,False
2021-07-09,PRDS,Pardes Biosciences Inc,생명과학 및 메디컬 리서치,9.96,9.975,9.9,9.9,9.9,5900.0,-2.5242267210172087,10.004259999999999,,,,,0.05421428571428561,-1.1067193675889442,-0.012047362329368856,-2.588548964291051,-0.4750331873453351,,False
2021-07-12,PRDS,Pardes Biosciences Inc,생명과학 및 메디컬 리서치,9.96,9.98,9.96,9.97,9.97,2100.0,-2.002909953135601,10.00106,,,,,0.056357142857142835,1.242078580481628,0.1510772981812218,0.7432697273573431,-0.21870387668902064,,False
2021-07-13,PRDS,Pardes Biosciences Inc,생명과학 및 메디컬 리서치,9.98,9.98,9.95,9.95,9.95,3200.0,-1.7250625071551395,9.99706,,,,,0.05607142857142871,-0.35668789808919515,0.1572953122525045,0.16967802069894417,-0.1290489766755823,,False
2021-07-14,PRDS,Pardes Biosciences Inc,생명과학 및 메디컬 리서치,10.0,10.0,9.95,9.95,9.95,22600.0,-1.6943122256224297,9.99396,,,,,0.05821428571428581,0.0,0.1572953122525045,-0.1671615054579974,-0.15127369163807222,,False
2021-07-15,PRDS,Pardes Biosciences Inc,생명과학 및 메디컬 리서치,9.95,10.0,9.95,9.95,9.95,8100.0,-1.1900124147096736,9.989960000000002,,,,,0.06178571428571443,0.0,0.1572953122525045,0.4641293840551712,-0.061599509474932486,,False
2021-07-16,PRDS,Pardes Biosciences Inc,생명과학 및 메디컬 리서치,9.95,9.95,9.9,9.9,9.9,200.0,-0.7662689845901793,9.98496,,,,,0.0646428571428571,-0.7734806629834095,0.10624837414024556,0.21962142729844802,-0.009346799870031829,,False
2021-07-19,PRDS,Pardes Biosciences Inc,생명과학 및 메디컬 리서치,9.91,9.93,9.9,9.91,9.91,4000.0,1.0694914295088287,9.98196,,,,,0.0667857142857142,0.14973262032085263,0.11694356130602072,1.930290932832836,0.1516732011614903,,False
2021-07-20,PRDS,Pardes Biosciences Inc,생명과학 및 메디컬 리서치,9.984,9.984,9.984,9.984,9.984,100.0,0.37709281960138785,9.97864,,,,,0.06335714285714276,1.167981961668545,-0.032962489050987136,-0.3266879733250232,-0.10218414726477673,,False
2021-07-21,PRDS,Pardes Biosciences Inc,생명과학 및 메디컬 리서치,9.955,9.955,9.905,9.95,9.95,237100.0,-0.687812649678976,9.97518,,,,,0.06278571428571425,-0.5415244596132082,-0.05400612329143718,-1.3371251842186591,-0.16607231816496237,,False
2021-07-22,PRDS,Pardes Biosciences Inc,생명과학 및 메디컬 리서치,9.943,9.943,9.92,9.92,9.92,500.0,-1.062029941328424,9.97198,,,,,0.05778571428571423,-0.5191594561186544,-0.10714030595159753,-0.716491847674269,-0.17918393418527767,,False
2021-07-23,PRDS,Pardes Biosciences Inc,생명과학 및 메디컬 리서치,9.9,9.91,9.9,9.91,9.91,13700.0,-2.006191274272595,9.96758,,,,,0.057642857142857044,-0.1734820322180883,-0.11953187968146096,-1.1491206004858043,-0.18567287728757778,,False
2021-07-26,PRDS,Pardes Biosciences Inc,생명과학 및 메디컬 리서치,9.905,9.95,9.905,9.91,9.91,151900.0,-2.0967418022696416,9.96318,,,,,0.05442857142857133,0.0,-0.10220904503579013,-0.24080488558393795,-0.20502327801765002,,False
2021-07-27,PRDS,Pardes Biosciences Inc,생명과학 및 메디컬 리서치,9.91,9.91,9.91,9.91,9.91,0.0,-1.524106091709243,9.959179999999998,,,,,0.05021428571428567,0.0,-0.010594138203493125,0.46404995680872596,-0.046687364801368626,,False
2021-07-28,PRDS,Pardes Biosciences Inc,생명과학 및 메디컬 리서치,9.91,9.915,9.91,9.915,9.915,2400.0,-1.2950090650485246,9.956380000000001,,,,,0.04414285714285704,0.11326860841421721,-0.0569994361233041,0.13277424881760347,-0.1715805187976907,,False
2021-07-29,PRDS,Pardes Biosciences Inc,생명과학 및 메디컬 리서치,9.925,9.95,9.86,9.9,9.9,12000.0,-1.6804759235251598,9.953380000000001,,,,,0.04521428571428565,-0.3317535545023434,-0.0016447351885468928,-0.7888080109834358,-0.04302759356143249,,False
2021-07-30,PRDS,Pardes Biosciences Inc,생명과학 및 메디컬 리서치,9.886,9.886,9.85,9.87,9.87,7000.0,-1.3006617786922248,9.95078,,,,,0.04307142857142855,-0.6965174129353501,-0.1401158775754739,-0.11364920143599055,-0.10423608847524204,,False
2021-08-02,PRDS,Pardes Biosciences Inc,생명과학 및 메디컬 리서치,9.86,9.9,9.86,9.87,9.87,2300.0,-1.0193173701007585,9.94798,,,,,0.043785714285714254,0.0,-0.11463817056910279,0.19359169603101534,-0.10252796880866552,,False
2021-08-03,PRDS,Pardes Biosciences Inc,생명과학 및 메디컬 리서치,9.9,9.9,9.9,9.9,9.9,1100.0,-1.3978537504916622,9.94598,,,,,0.04235714285714286,0.7082630691399932,-0.06404795134481758,-0.1242679039001029,-0.09946414012595876,,False
2021-08-04,PRDS,Pardes Biosciences Inc,생명과학 및 메디컬 리서치,9.86,9.92,9.86,9.895,9.895,32400.0,-0.9263620914610304,9.94388,,,,,0.04307142857142855,-0.11608623548923876,-0.07233982530833463,0.36640594627358636,-0.10644438568178625,,False
2021-08-05,PRDS,Pardes Biosciences Inc,생명과학 및 메디컬 리서치,9.9,9.9,9.895,9.9,9.9,137600.0,-1.3159880703949023,9.94188,,,,,0.03985714285714297,0.12544802867385438,-0.008130633047101512,-0.5250149812467892,-0.15963270057787463,,False
2021-08-06,PRDS,Pardes Biosciences Inc,생명과학 및 메디컬 리서치,9.866,9.94,9.86,9.9,9.9,44500.0,-1.4065976270867253,9.93988,,,,,0.043428571428571594,0.0,-0.018825820212876702,-0.21339571412224542,-0.3127531753603804,,False
2021-08-09,PRDS,Pardes Biosciences Inc,생명과학 및 메디컬 리서치,9.87,9.898,9.87,9.895,9.895,300.0,-1.2733843792598565,9.93798,,,,,0.04028571428571454,-0.12411347517732357,-0.11111835141615302,0.013868661460108789,-0.28842770144715674,,False
2021-08-10,PRDS,Pardes Biosciences Inc,생명과학 및 메디컬 리서치,9.88,9.88,9.88,9.88,9.88,300.0,-1.4108365677591106,9.93578,,,,,0.035714285714285844,-0.4199999999999646,-0.1024380328723499,-0.5733714387516177,-0.23387386248522518,,False
2021-08-11,PRDS,Pardes Biosciences Inc,생명과학 및 메디컬 리서치,9.88,9.9,9.87,9.88,9.88,253800.0,-1.4259684413010398,9.93358,,,,,0.03571428571428597,0.0,-0.0653552145781603,-0.20069424873066088,-0.19703117684639607,,False
2021-08-12,PRDS,Pardes Biosciences Inc,생명과학 및 메디컬 리서치,9.86,9.9,9.86,9.9,9.9,3100.0,-1.4972496963141957,9.93328,,,,,0.03714285714285749,0.5384615384615219,-0.014502102386759577,-0.15299515137488928,-0.12587935905275924,,False
2021-08-13,PRDS,Pardes Biosciences Inc,생명과학 및 메디컬 리서치,9.9,9.9,9.86,9.86,9.86,1400.0,-1.8761343100208827,9.93228,,,,,0.036785714285714706,-1.0873786407767116,-0.09217200529938184,-1.3637365325338966,-0.20608876240632773,,False
2021-08-16,PRDS,Pardes Biosciences Inc,생명과학 및 메디컬 리서치,9.9,9.9,9.88,9.9,9.9,400.0,-1.4790020691660244,9.93028,,,,,0.03964285714285763,1.0090090090090198,-0.020099933227308995,0.5485440836596419,-0.20005346763126228,,False
2021-08-17,PRDS,Pardes Biosciences Inc,생명과학 및 메디컬 리서치,9.885,9.9,9.87,9.9,9.9,127700.0,-0.592753170592486,9.92868,,,,,0.04142857142857207,0.0,-0.028190548114038795,1.1370360582295211,-0.12832048124469678,,False
2021-08-18,PRDS,Pardes Biosciences Inc,생명과학 및 메디컬 리서치,9.88,9.9,9.88,9.9,9.9,1300.0,0.5612928009393059,9.92668,,,,,0.036428571428572046,0.0,-0.0044938656495856965,1.6057129342025451,0.042716729125730435,,False
2021-08-19,PRDS,Pardes Biosciences Inc,생명과학 및 메디컬 리서치,9.891,9.9,9.87,9.87,9.87,19300.0,0.20037915424804265,9.92408,,,,,0.03500000000000065,-0.8571428571428737,-0.015967111664408815,-1.0338014140404523,-0.023008428917445405,,False
2021-08-20,PRDS,Pardes Biosciences Inc,생명과학 및 메디컬 리서치,9.87,9.9,9.86,9.9,9.9,22300.0,-0.26799514078919007,9.92208,,,,,0.03500000000000065,0.8571428571428737,0.04525737813151074,-0.2857123695070186,-0.057244433598733546,,False
2021-08-23,PRDS,Pardes Biosciences Inc,생명과학 및 메디컬 리서치,9.9,9.92,9.88,9.905,9.905,220600.0,-0.9950741371028138,9.92018,,,,,0.03571428571428622,0.13999999999997018,0.004667158907223383,-1.0733749446168666,-0.12503779364993095,,False
2021-08-24,PRDS,Pardes Biosciences Inc,생명과학 및 메디컬 리서치,9.906,9.91,9.9,9.9,9.9,1300.0,-1.093701799220903,9.91918,,,,,0.0321428571428576,-0.15555555555552242,0.0018479217596316933,-0.3751364031796059,-0.17800510432515898,,False
2021-08-25,PRDS,Pardes Biosciences Inc,생명과학 및 메디컬 리서치,9.9,9.92,9.88,9.9,9.9,46900.0,-1.1993987459388178,9.91818,,,,,0.03464285714285748,0.0,-0.007112651717072193,-0.33507811655725406,-0.1644381854187636,,False
2021-08-26,PRDS,Pardes Biosciences Inc,생명과학 및 메디컬 리서치,9.9,9.93,9.9,9.91,9.91,43100.0,-0.46822463689280003,9.91638,,,,,0.03107142857142886,0.3218390804597603,0.01587585403005354,1.1713937615955974,-0.06552465143891768,,False
2021-08-27,PRDS,Pardes Biosciences Inc,생명과학 및 메디컬 리서치,9.902,9.902,9.902,9.902,9.902,200.0,-1.3066874186382527,9.91442,,,,,0.029500000000000273,-0.27118644067799397,0.005370642208577085,-1.4687044471788047,-0.17142273062741148,,False
2021-08-30,PRDS,Pardes Biosciences Inc,생명과학 및 메디컬 리서치,9.93,9.93,9.886,9.886,9.886,1400.0,-1.7411277762011124,9.91314,,,,,0.031571428571428965,-0.5067873303167362,-0.0008284528140494542,-1.0814874720525087,-0.2077167330060466,,False
2021-08-31,PRDS,Pardes Biosciences Inc,생명과학 및 메디컬 리서치,9.899,9.93,9.89,9.89,9.89,2700.0,-1.4544262130086416,9.912939999999999,,,,,0.03257142857142892,0.12280701754389936,0.007943477010514786,0.30264113772488066,-0.17176420540207935,,False
2021-09-01,PRDS,Pardes Biosciences Inc,생명과학 및 메디컬 리서치,9.93,9.93,9.89,9.921,9.921,3700.0,-1.0546602017594275,9.91376,,,,,0.03257142857142879,0.9517543859648692,0.03746439468932531,0.9093063502524168,-0.09588552671441462,,False
2021-09-02,PRDS,Pardes Biosciences Inc,생명과학 및 메디컬 리서치,9.902,9.92,9.902,9.92,9.92,300.0,-1.2365062120224257,9.91456,,,,,0.031071428571428732,-0.032183908045959005,0.11283544702723622,-0.4079510030375157,-0.02761513175038739,,False
2021-09-03,PRDS,Pardes Biosciences Inc,생명과학 및 메디컬 리서치,9.94,9.95,9.925,9.95,9.95,74100.0,-0.8203127853548153,9.91596,,,,,0.03035714285714291,0.9882352941176243,0.11135161024927939,1.034831992118508,0.007119718853817332,,False
2021-09-07,PRDS,Pardes Biosciences Inc,생명과학 및 메디컬 리서치,9.96,10.029,9.91,10.0,10.0,255600.0,0.06310205848192307,9.9184,,,,,0.036714285714285665,1.3618677042801768,0.2086278748407206,1.878608910571163,0.060089208306791764,,False
2021-09-08,PRDS,Pardes Biosciences Inc,생명과학 및 메디컬 리서치,10.03,10.2,10.0,10.0,10.0,104100.0,0.22141497903969132,9.92084,,,,,0.0495714285714285,0.0,0.2086278748407206,0.2148560012730199,-0.039257715473888614,,False
2021-09-09,PRDS,Pardes Biosciences Inc,생명과학 및 메디컬 리서치,10.0,10.02,10.0,10.02,10.02,65500.0,0.8728589564241718,9.92144,,,,,0.048857142857142676,0.40935672514619165,0.299092130718511,1.1848961344287057,0.11922068084533696,,False
2021-09-10,PRDS,Pardes Biosciences Inc,생명과학 및 메디컬 리서치,10.02,10.02,10.02,10.02,10.02,0.0,1.5935038068924268,9.92224,,,,,0.045999999999999756,0.0,0.23786764092259144,1.2158254903980714,0.22647338512427195,,False
2021-09-13,PRDS,Pardes Biosciences Inc,생명과학 및 메디컬 리서치,10.005,10.005,9.95,9.98,9.98,384000.0,0.8976920335122651,9.922039999999999,,,,,0.04814285714285698,-0.8308605341246141,0.16852045991369252,-1.1873185042574914,0.2183345594356559,,False
2021-09-14,PRDS,Pardes Biosciences Inc,생명과학 및 메디컬 리서치,9.98,9.99,9.95,9.98,9.98,249700.0,1.397856736032388,9.92184,,,,,0.050285714285714204,0.0,0.1796315710248013,0.8253868011182257,0.304086216885501,,False
2021-09-15,PRDS,Pardes Biosciences Inc,생명과학 및 메디컬 리서치,9.98,9.99,9.95,9.98,9.98,113400.0,0.5420847911084881,9.92186,,,,,0.05028571428571433,0.0,0.1796315710248013,-1.1262196930684432,0.2475761042775589,,False
2021-09-16,PRDS,Pardes Biosciences Inc,생명과학 및 메디컬 리서치,9.984,9.984,9.95,9.98,9.98,20600.0,0.7416450741851266,9.92306,,,,,0.05057142857142871,0.0,0.15664306527767555,0.2014960752875665,0.17829769811269958,,False
2021-09-17,PRDS,Pardes Biosciences Inc,생명과학 및 메디컬 리서치,9.97,9.98,9.97,9.98,9.98,7100.0,1.642514951295082,9.92346,,,,,0.050714285714285774,0.0,0.1760135253261037,1.1752099335416466,0.3671487253070175,,False
2021-09-20,PRDS,Pardes Biosciences Inc,생명과학 및 메디컬 리서치,9.955,9.955,9.93,9.95,9.95,2100.0,2.960661827482558,9.92446,10.056266666666668,,,,0.05114285714285722,-0.586592178770971,0.17031317900794404,1.2155804283819935,0.531225003909482,,False
2021-09-21,PRDS,Pardes Biosciences Inc,생명과학 및 메디컬 리서치,9.95,9.95,9.95,9.95,9.95,0.0,2.872767122809017,9.924059999999999,10.050666666666668,,-0.0027999999999996916,,0.04800000000000004,0.0,0.16154124918337984,0.08045913110960588,0.5153548605798195,,False
2021-09-22,PRDS,Pardes Biosciences Inc,생명과학 및 메디컬 리서치,9.94,10.0,9.94,9.99,9.99,16700.0,2.160689497644386,9.92486,10.046266666666668,,-0.002200000000000202,,0.049428571428571565,0.8092485549133113,0.15136226125112567,-0.06543655202388732,0.44573036756008344,,False
2021-09-23,PRDS,Pardes Biosciences Inc,생명과학 및 메디컬 리서치,9.98,10.0,9.98,9.99,9.99,252300.0,0.8370608714017402,9.92566,10.039533333333333,,-0.003366666666667406,,0.0495000000000001,0.0,0.15366111182583705,-1.0496406264125069,0.3998953944618698,,False
2021-09-24,PRDS,Pardes Biosciences Inc,생명과학 및 메디컬 리서치,9.99,10.0,9.99,10.0,10.0,53500.0,0.7287153846086358,9.92666,10.034600000000001,,-0.002466666666665951,,0.0480714285714287,0.20802377414561163,0.09793171754212185,0.08235765950026644,0.33186151356056687,,False
2021-09-27,PRDS,Pardes Biosciences Inc,생명과학 및 메디컬 리서치,10.0,10.02,10.0,10.02,10.02,29000.0,1.0766618645491777,9.92906,10.028266666666667,,-0.003166666666666984,,0.04100000000000011,0.48780487804876876,0.03549865852559271,0.7273962650149504,0.24963203887798022,,False
2021-09-28,PRDS,Pardes Biosciences Inc,생명과학 및 메디컬 리서치,9.981,10.0,9.981,9.99,9.99,31000.0,2.610771843218185,9.93066,10.022533333333334,,-0.002866666666666795,,0.029500000000000144,-1.0169491525423462,-0.037140566656003446,0.5829277476435877,0.27592287790444936,,False
2021-09-29,PRDS,Pardes Biosciences Inc,생명과학 및 메디컬 리서치,9.98,10.0,9.91,10.0,10.0,338100.0,2.3076158862679774,9.93098,10.0182,,-0.00216666666666665,,0.03450000000000016,0.2898550724637606,-0.045676398990462816,0.16833434019352939,0.20331132117336534,,False
2021-09-30,PRDS,Pardes Biosciences Inc,생명과학 및 메디컬 리서치,9.95,10.01,9.95,9.95,9.95,37600.0,2.7550066876328883,9.93098,10.0136,,-0.0022999999999999687,,0.038785714285714486,-1.2891344383057206,-0.1377574302980143,-0.380955967534348,0.0892555027496211,,False
2021-10-01,PRDS,Pardes Biosciences Inc,생명과학 및 메디컬 리서치,10.0,10.87,9.973,10.2,10.2,798100.0,3.7833124039261534,9.93658,10.011066666666666,,-0.0012666666666669713,,0.09950000000000017,2.5125628140703475,0.10105852314448298,1.6873172032927477,0.2945866247174953,,False
2021-10-04,PRDS,Pardes Biosciences Inc,생명과학 및 메디컬 리서치,10.2,10.2,10.02,10.03,10.03,65200.0,3.0798961481098175,9.93898,10.008466666666667,,-0.0012999999999996348,,0.10950000000000008,-1.5525114155251123,-0.009835149393025036,-0.6395402173835284,0.1899489805387986,,False
2021-10-05,PRDS,Pardes Biosciences Inc,생명과학 및 메디컬 리서치,10.01,10.09,10.0,10.0,10.0,8700.0,1.5021802620314828,9.94078,10.006666666666666,,-0.000900000000000567,,0.11307142857142859,-0.2653190145293689,-0.028786507573694244,-0.9789620231613192,0.2004673855321646,,False
2021-10-06,PRDS,Pardes Biosciences Inc,생명과학 및 메디컬 리서치,10.02,10.02,9.95,9.95,9.95,17600.0,0.4381102432952533,9.94158,10.0044,,-0.0011333333333327644,,0.11564285714285713,-0.4323656578134713,-0.059669768846085054,-0.7034176420515852,0.13583069143651091,,False
2021-10-07,PRDS,Pardes Biosciences Inc,생명과학 및 메디컬 리서치,9.95,9.95,9.95,9.95,9.95,0.0,-0.45752899452456974,9.94228,10.002133333333333,,-0.0011333333333336526,,0.11492857142857142,0.0,-0.059669768846085054,-0.5385299699262386,0.01342069833166196,,False
2021-10-08,PRDS,Pardes Biosciences Inc,생명과학 및 메디컬 리서치,9.955,9.975,9.95,9.96,9.96,4000.0,-0.211998776078981,9.94348,9.999133333333335,,-0.0014999999999991687,,0.11314285714285711,0.08838383838385222,-0.011457196192169105,0.2287060022246121,-0.057070332108150996,-0.08368776033134866,False
2021-10-11,PRDS,Pardes Biosciences Inc,생명과학 및 메디컬 리서치,10.0,10.0,10.0,10.0,10.0,2000.0,0.7491699292070164,9.94608,9.997666666666667,,-0.0007333333333336967,,0.11599999999999991,0.34482758620688947,0.013173345679751572,0.8423278895993742,-0.0026511350731675465,-0.06932409420073495,False
2021-10-12,PRDS,Pardes Biosciences Inc,생명과학 및 메디컬 리서치,9.95,9.98,9.94,9.98,9.98,8900.0,0.6857379665186958,9.94828,9.995333333333335,,-0.0011666666666663161,,0.11599999999999991,-0.17241379310344473,-0.05694539346430243,0.007828414540865108,0.002582076824314771,-0.06940087336718409,False
2021-10-13,PRDS,Pardes Biosciences Inc,생명과학 및 메디컬 리서치,9.98,9.98,9.98,9.98,9.98,0.0,0.25105460941350355,9.94988,9.992533333333334,,-0.00140000000000029,,0.11457142857142852,0.0,-0.05694539346430243,-0.23248605009004467,0.06095026084734779,-0.06883754845841818,False
2021-10-14,PRDS,Pardes Biosciences Inc,생명과학 및 메디컬 리서치,10.0,10.0,9.975,10.0,10.0,2900.0,-1.2816540361819118,9.951979999999999,9.989933333333333,,-0.001300000000000523,,0.11564285714285713,0.17294626312538236,-0.059450929965747364,-1.0755594211199917,-0.02175810205409922,-0.07542833310356069,False
2021-10-15,PRDS,Pardes Biosciences Inc,생명과학 및 메디컬 리서치,9.975,10.05,9.95,9.95,9.95,31500.0,-2.4469614781479243,9.95298,9.987333333333332,,-0.001300000000000523,,0.12135714285714297,-0.412007062978228,-0.12372321146767572,-0.9564573430405143,-0.1420333597723467,-0.07824342239096943,False
2021-10-18,PRDS,Pardes Biosciences Inc,생명과학 및 메디컬 리서치,9.95,9.95,9.95,9.95,9.95,2700.0,-2.6352533811830114,9.95398,9.985666666666667,,-0.0008333333333325754,,0.1185714285714287,0.0,-0.05108398628607956,-0.26543264548718737,-0.2026305307102592,-0.07705884070663838,False
2021-10-19,PRDS,Pardes Biosciences Inc,생명과학 및 메디컬 리서치,9.96,9.97,9.95,9.95,9.95,11400.0,-3.172031320107338,9.95508,9.984,,-0.0008333333333334636,,0.11357142857142881,0.0,-0.07178792003349102,-0.5827317935414464,-0.2562781116913289,-0.07977320260485281,False
2021-10-20,PRDS,Pardes Biosciences Inc,생명과학 및 메디컬 리서치,10.0,10.01,9.939,10.0,10.0,149100.0,-2.895053353765642,9.95748,9.983133333333333,,-0.00043333333333350765,,0.11435714285714305,0.4372267332916982,0.05152359222346746,0.12470144306582304,-0.22015972521988814,-0.0831422590255841,False
2021-10-21,PRDS,Pardes Biosciences Inc,생명과학 및 메디컬 리서치,10.0,10.04,9.95,10.04,10.04,10900.0,-2.7147936475904633,9.96068,9.983066666666668,,-3.333333333266353e-05,,0.05507142857142876,0.7263294422827318,-0.07606450576136224,0.4464193465652968,-0.30879528641470605,-0.0780491772284249,False
2021-10-22,PRDS,Pardes Biosciences Inc,생명과학 및 메디컬 리서치,10.0,10.0,9.99,9.99,9.99,400.0,-2.9962185628178983,9.96248,9.9825,,-0.00028333333333385724,,0.045785714285714416,-1.0920436817472434,-0.04317395334865732,-0.9848406735637415,-0.33345960471329267,-0.08239472302175505,False
2021-10-25,PRDS,Pardes Biosciences Inc,생명과학 및 메디컬 리서치,10.05,10.2,10.01,10.03,10.03,78700.0,-2.94227299630061,9.96588,9.982966666666666,,0.0002333333333330856,,0.05435714285714293,0.7358738501970924,0.02833982270323277,0.23548323903267598,-0.24671351455657872,-0.08026430696445258,False
2021-10-26,PRDS,Pardes Biosciences Inc,생명과학 및 메디컬 리서치,10.3,10.3,10.0,10.05,10.05,43600.0,-2.7140110419763164,9.96888,9.983633333333332,,0.00033333333333285253,,0.07078571428571438,0.2825428859737826,0.07940471868803663,0.07506584382138679,-0.19110755127993787,-0.0819824410945006,False
2021-10-27,PRDS,Pardes Biosciences Inc,생명과학 및 메디컬 리서치,10.03,10.2,10.015,10.19,10.19,347900.0,-0.736792342844983,9.974680000000001,9.985366666666668,,0.0008666666666679035,,0.084,1.666666666666652,0.19845233773565463,2.2803231268461746,0.010239098489520204,-0.06335052061555305,False
2021-10-28,PRDS,Pardes Biosciences Inc,생명과학 및 메디컬 리서치,10.15,10.25,10.12,10.2,10.2,621700.0,-1.4080861116276266,9.98068,9.987233333333334,,0.0009333333333332305,,0.09150000000000004,0.10928961748633642,0.19994560767154637,-1.0351588944829795,-0.08003696556102205,-0.06141867195657149,False
2021-10-29,PRDS,Pardes Biosciences Inc,생명과학 및 메디컬 리서치,10.26,10.3,10.12,10.12,10.12,330400.0,-2.0592199191766802,9.98568,9.988233333333334,,0.0004999999999997229,,0.10150000000000022,-0.7881773399014769,0.11901668437809163,-1.0237443909938613,-0.21332784274625313,-0.07126161237403746,False
2021-11-01,PRDS,Pardes Biosciences Inc,생명과학 및 메디컬 리서치,10.22,10.24,10.195,10.21,10.21,15100.0,-1.1027788688892204,9.99188,9.989833333333333,,0.0007999999999999119,,0.10578571428571452,0.8507765023632816,0.1921017054828578,0.6297001585596749,-0.16890843245919532,-0.06882905862934609,False
2021-11-02,PRDS,Pardes Biosciences Inc,생명과학 및 메디컬 리서치,10.25,10.25,10.12,10.15,10.15,8900.0,-1.8048742788772665,9.99678,9.9911,,0.0006333333333330415,,0.11507142857142887,-0.521415270018625,0.15485775762438458,-0.993231770767063,-0.22324741250755378,-0.07273462024069811,False
2021-11-03,PRDS,Pardes Biosciences Inc,생명과학 및 메디컬 리서치,10.12,10.12,10.05,10.05,10.05,368300.0,-3.127724443325164,9.99978,9.991433333333333,,0.00016666666666687036,,0.12042857142857168,-0.8303677342823204,0.08319247209526295,-1.7212597828303555,-0.26936886691543693,-0.08017375668915291,False
2021-11-04,PRDS,Pardes Biosciences Inc,생명과학 및 메디컬 리서치,10.04,10.05,10.02,10.05,10.05,25600.0,-3.2833245990412263,10.00278,9.991833333333332,,0.00019999999999953388,,0.11542857142857166,0.0,0.11262154802227924,-0.599634547301764,-0.24388152436266902,-0.07536800256263776,False
2021-11-05,PRDS,Pardes Biosciences Inc,생명과학 및 메디컬 리서치,10.65,11.56,10.65,11.56,11.56,1056800.0,10.355459015985069,10.035779999999999,10.002253333333334,,0.005210000000000825,,0.2232857142857145,6.762635956493915,0.5956669734861303,6.221788894049283,0.21949144274707885,-0.03503809104436115,False
2021-11-08,PRDS,Pardes Biosciences Inc,생명과학 및 메디컬 리서치,11.42,12.51,11.172,12.12,12.12,428000.0,14.865164973803147,10.08014,10.016386666666667,,0.0070666666666667766,,0.3174285714285715,1.7641764176417598,0.721679574746256,1.6311184615234626,0.3776236038231438,-0.023568246866261588,False
2021-11-09,PRDS,Pardes Biosciences Inc,생명과학 및 메디컬 리서치,12.18,12.65,12.02,12.65,12.65,212100.0,19.23043258190522,10.13542,10.033453333333334,,0.008533333333333282,,0.357357142857143,1.4831101339196509,0.7963855319339669,1.9890267520420868,0.5107896973214483,-0.01641903555519801,False
2021-11-10,PRDS,Pardes Biosciences Inc,생명과학 및 메디컬 리서치,12.71,12.71,12.405,12.5,12.5,45900.0,17.745876110837067,10.187619999999999,10.049786666666668,,0.008166666666666877,,0.37271428571428594,-0.40245304714450053,0.7157582112605931,0.7099074178431592,0.5296102738412957,-0.0024860899391959458,False
2021-11-11,PRDS,Pardes Biosciences Inc,생명과학 및 메디컬 리서치,12.045,12.68,12.045,12.49,12.49,160500.0,16.482289183307365,10.238999999999999,10.06572,,0.007966666666666455,,0.4145000000000003,-0.024125452352231073,0.7920380847888084,-0.10083478694654746,0.5927535514568094,-0.008329911616114209,False
2021-11-12,PRDS,Pardes Biosciences Inc,생명과학 및 메디컬 리서치,12.5,12.61,12.27,12.48,12.48,144500.0,14.463108593577022,10.2902,10.08132,,0.007799999999999585,,0.42378571428571465,-0.023596831282655807,0.7377901789688263,-1.0213728880217112,0.5029781138100676,-0.01718549739067467,False
2021-11-15,PRDS,Pardes Biosciences Inc,생명과학 및 메디컬 리서치,12.63,12.8,12.45,12.79,12.79,41700.0,16.02814863086881,10.347000000000001,10.098786666666667,,0.008733333333333704,,0.42735714285714327,0.7253886010362658,0.7694220157590037,0.7269071121135836,0.5495382044023673,-0.018530321084905266,False
2021-11-16,PRDS,Pardes Biosciences Inc,생명과학 및 메디컬 리서치,12.62,13.81,12.62,13.3,13.3,360800.0,18.608718386284018,10.413,10.119720000000001,,0.010466666666666846,,0.4991428571428577,1.0217515741270768,0.7233566520061769,0.47832145507858836,0.4208237992761112,-0.005574590580857053,False
2021-11-17,PRDS,Pardes Biosciences Inc,생명과학 및 메디컬 리서치,13.47,13.55,12.95,13.53,13.53,147600.0,19.2715602521208,10.4836,10.142486666666667,,0.011383333333332857,,0.5327142857142864,0.4317511397157384,0.7463896178797056,0.8230925928253414,0.5535560483695626,0.007522217772999212,False
2021-11-18,PRDS,Pardes Biosciences Inc,생명과학 및 메디컬 리서치,13.67,13.971,13.27,13.85,13.85,74200.0,19.854457795695946,10.5602,10.167286666666666,,0.012399999999999523,,0.569928571428572,0.5614738689058778,0.8427932756516595,0.04841131712847746,0.6301385989497297,0.001548420710759865,False
2021-11-19,PRDS,Pardes Biosciences Inc,생명과학 및 메디컬 리서치,13.34,15.046,13.34,14.64,14.64,349800.0,24.54065384570958,10.6526,10.19776,,0.015236666666667453,,0.6832142857142862,1.1562990067956096,0.8646163116825402,1.3698884657567891,0.6830091923209521,0.011139708886195997,False
2021-11-22,PRDS,Pardes Biosciences Inc,생명과학 및 메디컬 리서치,14.66,14.66,13.52,14.14,14.14,32400.0,18.720523907540798,10.7358,10.224893333333332,,0.013566666666665839,,0.7553571428571433,-0.6619385342789594,0.8545789356639447,-0.21562563330824808,0.7385524878537247,0.017298603814725456,False
2021-11-23,PRDS,Pardes Biosciences Inc,생명과학 및 메디컬 리서치,14.03,14.15,13.0,14.02,14.02,126700.0,15.716380103753579,10.816600000000001,10.251293333333335,,0.01320000000000121,,0.8303571428571433,-0.1445161290322592,0.9035683360389491,-0.3729461180284714,0.834860606768145,0.008376944496420088,False
2021-11-24,PRDS,Pardes Biosciences Inc,생명과학 및 메디컬 리서치,13.95,14.36,13.77,13.99,13.99,63900.0,13.584179580570122,10.8968,10.27756,,0.013133333333332331,,0.8703571428571433,-0.03446860894542395,0.9011062925428474,-0.3380739475397512,0.853543506751146,0.016192649969769216,False
2021-11-26,PRDS,Pardes Biosciences Inc,생명과학 및 메디컬 리서치,14.17,14.75,14.04,14.5,14.5,86800.0,18.346503753110778,10.9872,10.30716,,0.014800000000000146,,0.8167857142857147,0.6243987756886745,0.4626607796281874,3.2313862932658353,0.6399433209808996,0.038188948799441166,False
2021-11-29,PRDS,Pardes Biosciences Inc,생명과학 및 메디컬 리서치,14.68,14.97,14.5,14.97,14.97,141600.0,18.331437652545212,11.086999999999998,10.339693333333333,,0.01626666666666665,,0.7547857142857148,0.6226932904324789,0.3811262705418102,-0.7217749292988103,0.4718795073507373,0.030147550603707045,False
2021-11-30,PRDS,Pardes Biosciences Inc,생명과학 및 메디컬 리서치,15.0,15.0,14.2,14.74,14.74,128400.0,16.589083207832147,11.1828,10.370506666666667,10.3379,0.015406666666667235,,0.766928571428572,-0.2998975505262181,0.25376857879567666,1.493270942236774,0.43646837807892924,0.03623517220070016,False
2021-12-01,PRDS,Pardes Biosciences Inc,생명과학 및 메디컬 리서치,14.64,15.0,13.85,14.65,14.65,90500.0,15.07157282989795,11.276799999999998,10.40064,10.3572,0.015066666666665895,0.009650000000000603,0.8272857142857147,-0.10878950094974937,0.2747445463810161,0.8629118667832899,0.4473972672889386,0.04611710678197337,False
2021-12-02,PRDS,Pardes Biosciences Inc,생명과학 및 메디컬 리서치,14.595,14.82,14.2,14.2,14.2,77400.0,8.162301700867758,11.360999999999999,10.42764,10.374949999999998,0.013500000000000512,0.008874999999998856,0.8262142857142862,-0.5446528918474981,0.237564014988497,-1.599350178469873,0.340360453608701,0.027571006926933195,False
2021-12-03,PRDS,Pardes Biosciences Inc,생명과학 및 메디컬 리서치,14.3,14.707,12.83,12.84,12.84,66600.0,-2.5220478252402923,11.418,10.445873333333333,10.38415,0.00911666666666644,0.004600000000000826,0.9360000000000006,-1.4529914529914514,0.13546439915215444,-0.8671086220951781,0.3513793297463105,0.028897550414518604,False
2021-12-06,PRDS,Pardes Biosciences Inc,생명과학 및 메디컬 리서치,13.0,13.725,11.44,11.46,11.46,58200.0,-14.05917174203395,11.447199999999999,10.454606666666667,10.38775,0.004366666666666852,0.0018000000000002458,1.0742142857142862,-1.2846598843008163,-0.008110492657637127,-2.0501884547314084,0.15301536068595392,0.0049956701727618,False
2021-12-07,PRDS,Pardes Biosciences Inc,생명과학 및 메디컬 리서치,11.44,11.8,10.08,11.05,11.05,536200.0,-18.50616013406291,11.4678,10.460606666666665,10.388150000000001,0.0029999999999992255,0.00020000000000042206,1.112071428571429,-0.3686813539726379,-0.10742713037904532,-1.648003636029298,0.0011349970353906455,-0.0054580771204503315,False
2021-12-08,PRDS,Pardes Biosciences Inc,생명과학 및 메디컬 리서치,11.05,12.52,10.59,12.2,12.2,123900.0,-10.138755800766596,11.511999999999999,10.474873333333333,10.3949,0.00713333333333388,0.0033749999999992397,1.2070714285714288,0.9527190958044841,-0.0702151335155635,0.7606402686728518,-0.0033258832612157612,0.015796717592552204,False
2021-12-09,PRDS,Pardes Biosciences Inc,생명과학 및 메디컬 리서치,12.11,12.32,11.35,12.09,12.09,481100.0,-10.149624508077048,11.553799999999999,10.487806666666666,10.4021,0.0064666666666663986,0.0036000000000004917,1.2262857142857146,-0.089701770736253,-0.11672767920428713,0.3590823407269564,0.01886490413867559,0.013780251134056867,False
2021-12-10,PRDS,Pardes Biosciences Inc,생명과학 및 메디컬 리서치,11.97,12.18,10.74,10.82,10.82,108600.0,-19.805898561586076,11.571200000000001,10.492453333333334,10.402999999999999,0.002323333333333899,0.00044999999999895124,1.2072857142857145,-1.0519465152053007,-0.27445950220435217,-1.631991861100816,-0.1955551192082962,-0.0017849083275081235,False
2021-12-13,PRDS,Pardes Biosciences Inc,생명과학 및 메디컬 리서치,10.77,10.77,10.2,10.3,10.3,222600.0,-22.333588165686223,11.5732,10.49392,10.4016,0.0007333333333328085,-0.0006999999999992568,1.1701428571428576,-0.44439018434867483,-0.258920334352189,0.12499840868227707,-0.17122483049468726,-0.0026967159641122064,False
2021-12-14,PRDS,Pardes Biosciences Inc,생명과학 및 메디컬 리서치,10.42,10.79,10.25,10.79,10.79,169900.0,-17.440885487523005,11.5884,10.49832,10.40345,0.002200000000000202,0.0009249999999996206,1.1265714285714288,0.4349480091301025,-0.21753003876916313,0.8895341650335991,-0.08104766741882509,-0.014598459670496762,False
2021-12-15,PRDS,Pardes Biosciences Inc,생명과학 및 메디컬 리서치,10.859,11.88,10.85,11.61,11.61,144300.0,-12.027606860091222,11.6206,10.508186666666665,10.410150000000002,0.00493333333333279,0.0033500000000010743,1.1622857142857146,0.7055063913470994,-0.16467468160541143,-0.23094569356429162,-0.07339564927772083,-0.008802212967249376,False
2021-12-16,PRDS,Pardes Biosciences Inc,생명과학 및 메디컬 리서치,11.1,11.105,10.64,10.64,10.64,82900.0,-17.77636387939626,11.634399999999998,10.51172,10.411900000000001,0.0017666666666675823,0.0008749999999997371,1.1772857142857147,-0.823929134813735,-0.2681266752127264,-0.2982356831051236,-0.32551150473278934,-0.0007056206811383814,False
2021-12-17,PRDS,Pardes Biosciences Inc,생명과학 및 메디컬 리서치,10.774,10.774,10.24,10.39,10.39,180900.0,-17.843154779253524,11.643200000000002,10.513953333333333,10.4124,0.0011166666666664327,0.00024999999999941735,1.1818571428571434,-0.21153148797292387,-0.3277141593845409,0.40717606714115584,-0.24487214784422034,0.0052045871746035765,False
2021-12-20,PRDS,Pardes Biosciences Inc,생명과학 및 메디컬 리서치,10.48,10.58,10.0,10.12,10.12,252400.0,-17.701957388065047,11.646399999999998,10.51442,10.410949999999998,0.0002333333333330856,-0.0007250000000009749,1.1661428571428571,-0.23153252480705738,-0.32283094326174366,0.44989923843633045,-0.31939869811568056,0.004024848657154691,False
2021-12-21,PRDS,Pardes Biosciences Inc,생명과학 및 메디컬 리서치,10.61,10.865,9.64,10.0,10.0,153800.0,-18.788118802447297,11.646399999999998,10.51442,10.409849999999999,0.0,-0.0005499999999996064,1.1715000000000002,-0.10243277848911583,-0.32237689165741273,-1.2154105886595499,-0.4678503020758834,-0.001649608771650261,False
2021-12-22,PRDS,Pardes Biosciences Inc,생명과학 및 메디컬 리서치,10.14,10.33,9.85,10.0,10.0,1191500.0,-18.280270727115234,11.646799999999999,10.514353333333334,10.408199999999999,-3.333333333266353e-05,-0.0008249999999998536,1.1615000000000002,0.0,-0.28347311366830574,-0.6741219959964352,-0.40176257475635213,-0.0017050341722117939,False
2021-12-23,PRDS,Pardes Biosciences Inc,생명과학 및 메디컬 리서치,10.05,10.16,9.69,9.8,9.8,289200.0,-19.008172216751962,11.6432,10.51302,10.4052,-0.0006666666666674814,-0.0014999999999991687,1.0610000000000002,-0.1885014137606025,-0.19315239658038794,-0.6361225707210899,-0.38526357108677445,-0.005471646829808495,False
2021-12-27,PRDS,Pardes Biosciences Inc,생명과학 및 메디컬 리서치,10.0,11.315,9.69,10.62,10.62,630000.0,-11.811743677533403,11.6556,10.517153333333335,10.40635,0.0020666666666677713,0.0005749999999995481,1.013857142857143,0.808792447513032,-0.04362008716511308,-0.20209190391666676,-0.25325667460000717,-0.0018043297503265077,False
2021-12-28,PRDS,Pardes Biosciences Inc,생명과학 및 메디컬 리서치,10.82,11.47,10.36,11.38,11.38,259200.0,-3.8012803108793847,11.6842,10.526353333333333,10.41155,0.004599999999999049,0.0026000000000001577,0.9702857142857144,0.7832744405182582,0.03866246958423664,0.8648759267405168,-0.07376527725930611,0.0028813739041159444,False
2021-12-29,PRDS,Pardes Biosciences Inc,생명과학 및 메디컬 리서치,11.89,14.39,11.257,13.63,13.63,876400.0,15.957734359870269,11.7578,10.550553333333333,10.428700000000001,0.012100000000000222,0.008575000000000443,1.056214285714286,2.1302495435179543,0.12277178727805595,2.016492475058078,0.015938451768210054,0.017324306033731588,False
2021-12-30,PRDS,Pardes Biosciences Inc,생명과학 및 메디컬 리서치,13.51,17.76,13.3,17.02,17.02,2790900.0,44.3043421090948,11.8992,10.59742,10.4628,0.023433333333333195,0.017049999999999343,1.3055,2.596706242818842,0.3146580739605627,2.840131145781519,0.19315622355782167,0.03793974497578468,False
2021-12-31,PRDS,Pardes Biosciences Inc,생명과학 및 메디컬 리서치,17.0,17.5,15.845,16.370001,16.370001,507100.0,38.22847822797246,12.02660002,10.63995334,10.494000004999998,0.021266670000000154,0.015600002499999377,1.3208571428571432,-0.4921039368375521,0.3546468295582591,-0.2722406835304955,0.29028130766998744,0.03656549366064951,False
2022-01-03,PRDS,Pardes Biosciences Inc,생명과학 및 메디컬 리서치,16.6,16.879999,13.15,14.07,14.07,673800.0,17.80778370209546,12.10720002,10.66715334,10.514100005,0.013600000000000279,0.010050000000000558,1.5429999285714284,-1.4906034390613563,0.27991731136449616,-2.0268288137850865,0.1365793632080329,0.022753191801984058,False
2022-01-04,PRDS,Pardes Biosciences Inc,생명과학 및 메디컬 리서치,14.11,14.645,13.06,13.88,13.88,411400.0,15.364101462375412,12.18500002,10.693586673333334,10.533125004999999,0.013216666666666654,0.00951249999999959,1.6176427857142859,-0.11745485571841076,0.24045996387531662,-0.06290463914464864,0.06854802005244376,0.03145427343074313,False
2022-01-05,PRDS,Pardes Biosciences Inc,생명과학 및 메디컬 리서치,13.64,14.82,12.47,12.67,12.67,985900.0,6.672112645863315,12.23780002,10.711986673333332,10.546675005000003,0.009199999999998987,0.006775000000001974,1.7076427857142857,-0.7085791068966879,0.13945385685790326,0.9773299284042062,0.15485342162162216,0.03583851745627818,False
2022-01-06,PRDS,Pardes Biosciences Inc,생명과학 및 메디컬 리서치,12.53,14.25,12.5,13.71,13.71,562000.0,14.802573991789615,12.311000020000002,10.736720006666665,10.565475005000001,0.012366666666666859,0.009399999999999409,1.7633570714285713,0.5897841207835758,0.240433375114854,0.674848137201562,0.2243594087863854,0.0376027849558267,False
2022-01-07,PRDS,Pardes Biosciences Inc,생명과학 및 메디컬 리서치,13.7,13.7,12.112,13.56,13.56,528900.0,13.319830192985037,12.378400019999999,10.760586673333332,10.583625005000002,0.011933333333333351,0.009075000000000166,1.8393570714285716,-0.08155023422586459,0.24971775038250107,0.2870745380016963,0.21578072813356688,0.041137978884282125,False
2022-01-10,PRDS,Pardes Biosciences Inc,생명과학 및 메디컬 리서치,13.24,15.1,13.13,14.66,14.66,370200.0,20.701360637072952,12.467600019999999,10.79165334,10.607325005,0.015533333333333843,0.011849999999999028,1.9386427857142858,0.5674072645594215,0.30678487819439243,0.697087086261899,0.23343700297825037,0.043733017270290706,False
2022-01-11,PRDS,Pardes Biosciences Inc,생명과학 및 메디컬 리서치,14.56,15.943,13.73,14.74,14.74,587100.0,18.165130398166873,12.56000002,10.823253339999999,10.631175005,0.015799999999999592,0.011924999999999741,2.009214214285714,0.03981656083815855,0.3169455452891977,-0.7916077506567386,0.26370863426416546,0.036789240727376375,False
2022-01-12,PRDS,Pardes Biosciences Inc,생명과학 및 메디컬 리서치,14.98,15.92,13.57,15.64,15.64,441800.0,22.75353741163386,12.668600020000001,10.86085334,10.659525005,0.018800000000000594,0.014175000000000715,2.142785642857143,0.4200140144676162,0.34694654632259886,0.1582713204329685,0.32316529972340857,0.0423693727573329,False
2022-01-13,PRDS,Pardes Biosciences Inc,생명과학 및 메디컬 리서치,15.5,15.799,13.75,14.01,14.01,366000.0,10.438763602545652,12.74580002,10.887586673333333,10.679775005,0.013366666666666305,0.010124999999999496,2.255571357142857,-0.722655035868486,0.3087927161720358,0.5174719270786132,0.4055649067091016,0.04782661167437239,False
2022-01-14,PRDS,Pardes Biosciences Inc,생명과학 및 메디컬 리서치,13.94,14.36,13.75,13.95,13.95,156700.0,8.456257224211505,12.823800019999998,10.91425334,10.699525005,0.013333333333333641,0.009875000000000078,2.183071357142857,-0.02748421383647616,0.2490586689327852,-0.09930715222578766,0.4129066746870215,0.054642186582610844,False
2022-01-18,PRDS,Pardes Biosciences Inc,생명과학 및 메디컬 리서치,13.97,14.58,13.86,14.26,14.26,130000.0,11.195926836183357,12.90800002,10.942986673333333,10.720875005,0.014366666666666639,0.01067499999999999,2.155214214285714,0.1438372102156636,0.20338458105402846,1.6224087503942592,0.46701616209086033,0.0631070406517865,False
2022-01-19,PRDS,Pardes Biosciences Inc,생명과학 및 메디컬 리서치,14.26,14.605,13.25,13.58,13.58,400300.0,5.460527063792431,12.94840002,10.96685334,10.738790004999998,0.011933333333333351,0.008957499999999285,2.0282142142857142,-0.33527030587322776,0.027276020383229755,0.38070591050283337,0.3501742646226286,0.0539903795671463,False
2022-01-20,PRDS,Pardes Biosciences Inc,생명과학 및 메디컬 리서치,13.135,13.649,12.88,13.12,13.12,177900.0,1.6373902784595495,12.96840002,10.98765334,10.754390005,0.010399999999999743,0.007800000000000473,1.764571357142857,-0.2606865390498118,-0.1768234640359598,0.47061398521311454,0.18092303886774252,0.05668692168104293,False
2022-01-21,PRDS,Pardes Biosciences Inc,생명과학 및 메디컬 리서치,12.87,13.92,12.86,13.54,13.54,603700.0,5.17924598045123,12.986200019999998,11.011586673333333,10.771640005000002,0.011966666666666903,0.008625000000001215,1.722071357142857,0.24389233248547562,-0.12425230194145784,1.389848416965505,0.2996436889031711,0.06046795000040072,False
2022-01-24,PRDS,Pardes Biosciences Inc,생명과학 및 메디컬 리서치,13.28,13.79,12.67,13.55,13.55,248300.0,3.2052813136440372,13.00720002,11.035920006666666,10.789140005,0.012166666666666437,0.008749999999999147,1.5356428571428569,0.006511930787479506,-0.017315489809398128,-0.13664304754981282,0.43465695791997633,0.07852593382894237,False
2022-01-25,PRDS,Pardes Biosciences Inc,생명과학 및 메디컬 리서치,13.26,13.99,12.53,13.0,13.0,162800.0,-1.0394475538274772,13.01740002,11.056720006666668,10.803640005,0.010400000000000631,0.007249999999999979,1.5267142857142855,-0.36025077196594046,-0.03465805525565025,0.23071267165114828,0.455629622976819,0.08730062216987797,False
2022-01-26,PRDS,Pardes Biosciences Inc,생명과학 및 메디컬 리서치,13.0,13.135,11.73,12.03,12.03,122500.0,-8.872392741978686,13.008400020000002,11.07105334,10.813090005000001,0.0071666666666665435,0.004725000000000534,1.4592142857142854,-0.6647412991335853,-0.03152678327257149,-0.5956862926955696,0.3432713214696922,0.08236948352512842,False
2022-01-27,PRDS,Pardes Biosciences Inc,생명과학 및 메디컬 리서치,12.03,12.53,10.65,10.82,10.82,356100.0,-17.126402646825156,12.96900002,11.077320006666667,10.816340004999999,0.0031333333333334323,0.0016249999999988773,1.4684999999999995,-0.8239700374531832,-0.1325092231466257,-0.5876285441622627,0.25309441565799046,0.08372735433890524,False
2022-01-28,PRDS,Pardes Biosciences Inc,생명과학 및 메디컬 리서치,10.31,11.17,10.11,10.54,10.54,590200.0,-19.613682635150496,12.913800020000002,11.08173334,10.818240005,0.002206666666666024,0.0009500000000004505,1.4300714285714282,-0.19579441586334434,-0.1406695218350171,-1.1906510201913778,0.14754259007277085,0.07920245758543047,False
2022-01-31,PRDS,Pardes Biosciences Inc,생명과학 및 메디컬 리서치,10.49,11.636,10.47,11.17,11.17,149500.0,-15.007600654418951,12.86660002,11.090346673333334,10.823515004999999,0.004306666666667347,0.0026374999999996263,1.3726428571428568,0.4589686215330183,-0.1484151391940459,-0.3272237284266033,0.07437753188073495,0.07918089327330961,False
2022-02-01,PRDS,Pardes Biosciences Inc,생명과학 및 메디컬 리서치,11.03,11.63,10.82,11.32,11.32,370700.0,-13.79650070105286,12.81600002,11.09921334,10.829465005,0.004433333333333067,0.002975000000000172,1.2724285714285715,0.11788480970023604,-0.14283883570389752,-0.17495534233321738,0.11842413247527218,0.056499091626803374,False
2022-02-02,PRDS,Pardes Biosciences Inc,생명과학 및 메디컬 리서치,11.4,11.49,9.79,10.4,10.4,456500.0,-20.677349801420743,12.731200020000001,11.102013340000001,10.831120005,0.00140000000000029,0.0008275000000006472,1.2259999999999998,-0.7504078303425776,-0.22644039604748278,-1.1528109073948976,0.0247754019161389,0.05176495752161113,False
2022-02-03,PRDS,Pardes Biosciences Inc,생명과학 및 메디컬 리서치,10.62,11.33,10.235,10.91,10.91,540800.0,-14.31908195923739,12.66660002,11.108146673333332,10.835320004999998,0.0030666666666654407,0.0020999999999986585,1.157857142857143,0.4404688463911164,-0.14336011874322546,1.474494435525021,0.09313415251945374,0.06514778191437696,False
2022-02-04,PRDS,Pardes Biosciences Inc,생명과학 및 메디컬 리서치,10.78,11.23,9.8,10.85,10.85,184900.0,-14.462504325616443,12.60320002,11.113880006666667,10.839270004999998,0.002866666666667683,0.001974999999999838,1.2164285714285714,-0.04932472108044668,-0.14492015497493765,-0.25742561763616567,0.08183997641871245,0.07048678044382656,False
2022-02-07,PRDS,Pardes Biosciences Inc,생명과학 및 메디컬 리서치,10.9,11.51,10.57,11.18,11.18,282800.0,-10.89178585768803,12.547000019999999,11.121886673333332,10.844920005,0.0040033333333324705,0.0028250000000014097,1.2321428571428572,0.26782608695652177,-0.13606380663630493,0.4223264530218379,-0.003880187679317653,0.07310161863305831,False
2022-02-08,PRDS,Pardes Biosciences Inc,생명과학 및 메디컬 리서치,11.05,11.35,10.61,11.27,11.27,297800.0,-9.8817780771715,12.48240002,11.130886673333334,10.850970005,0.004500000000001059,0.0030250000000000554,1.1882142857142857,0.07574391343552739,-0.10670564811425098,-0.27721133535492326,-0.05087427666915741,0.08293789525215357,False
2022-02-09,PRDS,Pardes Biosciences Inc,생명과학 및 메디컬 리서치,11.4,12.46,11.35,12.17,12.17,297400.0,-3.2478354071223015,12.42640002,11.145620006666666,10.861370005000001,0.007366666666666077,0.0052000000000003155,1.2182857142857144,0.7387429643527207,-0.03531782644264153,0.09991428468479224,-0.07735282670689472,0.07106213445161144,False
2022-02-10,PRDS,Pardes Biosciences Inc,생명과학 및 메디컬 리서치,11.78,12.89,11.77,12.33,12.33,232700.0,0.8841764236679373,12.37820002,11.161820006666666,10.872430005000002,0.008099999999999774,0.005530000000000257,1.2225714285714286,0.13087169899509243,-0.04339072883481176,0.9365845584969985,-0.10972881659750232,0.09456302460353178,False
2022-02-11,PRDS,Pardes Biosciences Inc,생명과학 및 메디컬 리서치,12.41,13.01,11.85,12.2,12.2,289700.0,2.214053553617279,12.32920002,11.176686673333332,10.882780004999999,0.007433333333333181,0.005174999999998597,1.2254285714285715,-0.10608533457682506,-0.05143339064654779,0.7643991551881417,-0.04536865925907701,0.0947038874557371,False
2022-02-14,PRDS,Pardes Biosciences Inc,생명과학 및 메디컬 리서치,12.39,12.83,11.13,11.27,11.27,219100.0,-4.4507559698996335,12.27060002,11.185486673333333,10.888380004999998,0.004400000000000404,0.0027999999999996916,1.2425714285714287,-0.748447919061853,-0.07916175829625584,-0.5673095790018695,-0.10237024859143541,0.089790636791065,False
2022-02-15,PRDS,Pardes Biosciences Inc,생명과학 및 메디컬 리서치,11.3,11.6,9.81,10.29,10.29,708600.0,-12.788860519273726,12.21960002,11.18775334,10.889305004999999,0.0011333333333336526,0.0004625000000002544,1.2700714285714285,-0.7716101456610993,-0.08679524733393541,-1.558788119020114,-0.17116323618604573,0.08051312603398422,False
2022-02-16,PRDS,Pardes Biosciences Inc,생명과학 및 메디컬 리서치,10.19,10.4,8.59,8.87,8.87,217700.0,-23.418948540083907,12.167800020000001,11.18055334,10.882905005,-0.0036000000000004917,-0.0031999999999996476,1.2650714285714286,-1.1224662639037886,-0.10811640636612152,-1.1694138434427976,-0.21271932899179818,0.06962283785066443,False
2022-02-17,PRDS,Pardes Biosciences Inc,생명과학 및 메디컬 리서치,8.72,9.132,8.42,8.57,8.57,280300.0,-22.964610803249908,12.11820002,11.171686673333332,10.875005005,-0.004433333333333955,-0.003949999999999676,1.240214285714286,-0.24189368196740105,-0.11140921108783984,0.925954587283535,-0.06153321417216158,0.07433172558389835,False
2022-02-18,PRDS,Pardes Biosciences Inc,생명과학 및 메디컬 리서치,8.4,10.06,8.31,9.48,9.48,212700.0,-12.623418133450393,12.06380002,11.168820006666666,10.872105005000002,-0.0014333333333329534,-0.0014499999999992852,1.2819285714285715,0.7098679445032596,-0.09348783087567976,1.1092420907906917,0.04107148720050235,0.06885806663695072,False
2022-02-22,PRDS,Pardes Biosciences Inc,생명과학 및 메디컬 리서치,9.43,9.43,8.37,8.39,8.39,125100.0,-20.077956158215603,11.98980002,11.15819334,10.863305004999999,-0.005313333333332615,-0.004400000000001292,1.3033571428571429,-0.8363018578396447,-0.16164402141424267,-0.28903148380741217,0.032923191380917004,0.06910910990040148,False
2022-02-23,PRDS,Pardes Biosciences Inc,생명과학 및 메디컬 리서치,8.39,8.62,6.97,7.29,7.29,354100.0,-27.3794608691861,11.919200019999998,11.140460006666666,10.849140004999999,-0.008866666666667022,-0.007082500000000103,1.2997857142857145,-0.8462933450568777,-0.16849298675097837,0.08039712416732858,0.12100947934964745,0.07855925862297472,False
2022-02-24,PRDS,Pardes Biosciences Inc,생명과학 및 메디컬 리서치,6.99,7.75,6.52,7.12,7.12,377100.0,-28.453667419687832,11.855600019999999,11.12179334,10.834340005000001,-0.009333333333333194,-0.007399999999998741,1.3094285714285718,-0.12982762382718735,-0.20922844890942865,-0.8328838079732229,-0.043803252328798545,0.0777833122209817,False
2022-02-25,PRDS,Pardes Biosciences Inc,생명과학 및 메디컬 리서치,7.17,7.75,7.0,7.35,7.35,223500.0,-26.451951150724938,11.786800020000001,11.104726673333333,10.820440005,-0.008533333333333282,-0.006950000000000678,1.260857142857143,0.1824155903013819,-0.19267556952501233,-0.8762489402958634,-0.08800491823306267,0.07960245662224796,False
2022-02-28,PRDS,Pardes Biosciences Inc,생명과학 및 메디컬 리서치,7.23,7.69,6.6,6.7,6.7,188600.0,-31.520452437935344,11.68860002,11.083326673333334,10.803290005,-0.010699999999999932,-0.008575000000000443,1.2715714285714288,-0.5111785192674976,-0.24831875568387085,-0.3951432814306139,-0.14639561355109493,0.07857353398327012,False
2022-03-01,PRDS,Pardes Biosciences Inc,생명과학 및 메디컬 리서치,6.63,7.235,5.94,6.0,6.0,309400.0,-36.16978522563746,11.595800020000002,11.057260006666667,10.782740004999999,-0.013033333333333452,-0.010275000000000034,1.311214285714286,-0.5338562946015144,-0.29186162768651663,0.18115828606802375,-0.11365492630659871,0.07668758951166543,False
2022-03-02,PRDS,Pardes Biosciences Inc,생명과학 및 메디컬 리서치,5.88,6.66,5.7,6.36,6.36,493900.0,-31.957473572452244,11.51520002,11.033560006666667,10.764265005,-0.011849999999999916,-0.009237499999999343,1.2947857142857142,0.27803828543057346,-0.32476910475238435,-0.5533218628127077,-0.16031465112784873,0.07211361543413003,False
2022-03-03,PRDS,Pardes Biosciences Inc,생명과학 및 메디컬 리서치,6.5,7.42,5.93,6.39,6.39,701500.0,-29.957820431202432,11.440600020000002,11.010160006666666,10.745965004999999,-0.011700000000000266,-0.00915000000000088,1.3212142857142857,0.02270638481915938,-0.3324951986220938,0.2674485084001927,-0.20811008327762057,0.07915532556335422,False
2022-03-04,PRDS,Pardes Biosciences Inc,생명과학 및 메디컬 리서치,6.31,6.45,5.86,6.1,6.1,647400.0,-30.90396219399053,11.362600020000002,10.985026673333333,10.726465005,-0.012566666666666393,-0.009749999999999481,1.2805000000000002,-0.22647403358063256,-0.3410943914080801,0.15453208239819877,-0.25167201704833075,0.0809432007889155,False
2022-03-07,PRDS,Pardes Biosciences Inc,생명과학 및 메디컬 리서치,6.16,6.39,5.97,6.15,6.15,692400.0,-26.512691524843646,11.285600020000002,10.960226673333333,10.707165005,-0.01240000000000041,-0.009649999999999714,1.1890714285714288,0.04204961854988946,-0.28463028157866993,1.37731700048365,-0.1127701185136508,0.0888347028185997,False
2022-03-08,PRDS,Pardes Biosciences Inc,생명과학 및 메디컬 리서치,6.09,6.61,5.54,6.26,6.26,556900.0,-22.72842083808334,11.21480002,10.935960006666667,10.688465005000001,-0.012133333333332885,-0.009349999999999525,1.1376428571428574,0.09669115338732917,-0.22260876021806789,0.40327700638721575,0.02737739044401561,0.09235166888718184,False
2022-03-09,PRDS,Pardes Biosciences Inc,생명과학 및 메디컬 리서치,6.4,6.655,6.12,6.42,6.42,404000.0,-20.714824147331058,11.130800019999999,10.91279334,10.670565005,-0.011583333333333279,-0.008950000000000458,1.0465714285714287,0.152880152880153,-0.1315125875906435,-0.8773051052139001,0.04824230031750829,0.08406026187726526,False
2022-03-10,PRDS,Pardes Biosciences Inc,생명과학 및 메디컬 리서치,6.36,6.53,6.1,6.24,6.24,214700.0,-20.097980706498962,11.02800002,10.888393339999999,10.651765005,-0.012200000000000877,-0.009400000000000297,1.0264285714285717,-0.1753653444676406,-0.12676056348351775,0.005211247778585559,-0.017525081075702383,0.0875951034041011,False
2022-03-11,PRDS,Pardes Biosciences Inc,생명과학 및 메디컬 리서치,6.2,6.69,6.0,6.08,6.08,713600.0,-18.245198774086703,10.87700002,10.862926673333334,10.632165005,-0.012733333333332375,-0.009800000000000253,0.9507142857142858,-0.16829451540195353,-0.18948645347674725,0.3660313791808971,-0.070611560476402,0.09145795069278873,False
2022-03-14,PRDS,Pardes Biosciences Inc,생명과학 및 메디컬 리서치,6.02,6.19,5.55,5.64,5.64,891600.0,-20.424166030296632,10.64940002,10.834560006666665,10.610415005,-0.014183333333334325,-0.010874999999999524,0.9171428571428574,-0.4797507788161997,-0.1640185192607869,-0.1758686977916234,-0.06252850433241709,0.09019303496444384,False
2022-03-15,PRDS,Pardes Biosciences Inc,생명과학 및 메디컬 리서치,5.76,6.0,5.57,5.88,5.88,182500.0,-15.851377767908325,10.4396,10.80789334,10.589865005,-0.013333333333332753,-0.010275000000000034,0.8300000000000003,0.28915662650602425,-0.08291494986343675,-0.5945582545636533,-0.1107396028132015,0.09005178952569692,False
2022-03-16,PRDS,Pardes Biosciences Inc,생명과학 및 메디컬 리서치,6.0,6.97,5.73,6.85,6.85,1159400.0,-1.933747745299974,10.2952,10.787693339999999,10.574165005000003,-0.010100000000000442,-0.00784999999999858,0.8307142857142858,1.1676698194325017,0.009763438940826747,0.1724701282844866,-0.03892860736622226,0.09253955203913125,False
2022-03-17,PRDS,Pardes Biosciences Inc,생명과학 및 메디컬 리서치,6.71,7.63,6.66,7.4,7.4,444600.0,5.652381329827949,10.165600000000001,10.771026673333335,10.561590004999998,-0.008333333333331971,-0.006287500000002666,0.8464285714285715,0.6497890295358657,0.043147256029004155,0.07937379559540847,0.02933015948315431,0.09408867835226656,False
2022-03-18,PRDS,Pardes Biosciences Inc,생명과학 및 메디컬 리서치,7.27,7.64,7.08,7.4,7.4,1620500.0,5.425427012156225,10.0602,10.754626673333332,10.549040005,-0.008200000000001317,-0.006274999999998698,0.8085714285714286,0.0,0.07966000740525399,-0.5449412688879665,0.01863030323620055,0.09954731344323943,False
2022-03-21,PRDS,Pardes Biosciences Inc,생명과학 및 메디컬 리서치,7.34,7.95,7.05,7.77,7.77,516200.0,12.309407753502466,9.9414,10.740426673333333,10.537890005,-0.00709999999999944,-0.00557500000000033,0.7803571428571429,0.47414187643020494,0.1516598767646625,0.49535436534328275,0.041072880327290485,0.09919271532113036,False
2022-03-22,PRDS,Pardes Biosciences Inc,생명과학 및 메디컬 리서치,7.84,7.95,7.3,7.54,7.54,365800.0,8.740546131909376,9.821,10.72469334,10.525690005,-0.007866666666666688,-0.006099999999999994,0.7582142857142857,-0.30334432406971207,0.11013254751464212,-0.8699980004748367,0.018453156208566975,0.08581248826310131,False
2022-03-23,PRDS,Pardes Biosciences Inc,생명과학 및 메디컬 리서치,7.52,7.7,7.31,7.45,7.45,401500.0,8.96697428092108,9.6768,10.708360006666666,10.512940005,-0.008166666666666877,-0.006374999999999353,0.6796428571428572,-0.13242249080399346,0.09905191354155976,0.49753534565460056,0.034887930298167544,0.07842463767278168,False
2022-03-24,PRDS,Pardes Biosciences Inc,생명과학 및 메디컬 리서치,7.46,7.77,7.08,7.66,7.66,251900.0,10.330300036873519,9.5352,10.693626673333334,10.501240005,-0.007366666666666077,-0.005850000000000577,0.6867857142857143,0.3057722308892355,0.13706950386083605,-0.4299372881446513,-0.0068598818834646035,0.08245039851208702,False
2022-03-25,PRDS,Pardes Biosciences Inc,생명과학 및 메디컬 리서치,7.68,7.68,7.04,7.22,7.22,497000.0,3.762687320620728,9.3668,10.675760006666666,10.487340004999998,-0.008933333333334126,-0.006950000000000678,0.7025,-0.6263345195729543,0.08932777970920437,-0.9094768099176102,-0.17020229691212602,0.07829196890934975,False
2022-03-28,PRDS,Pardes Biosciences Inc,생명과학 및 메디컬 리서치,7.18,7.314,6.48,6.81,6.81,372200.0,-2.68595555237765,9.2228,10.655126673333333,10.471390005,-0.010316666666666308,-0.007974999999999177,0.6856428571428571,-0.597978956141265,0.03970848617144764,-1.0222215744492307,-0.27202362411472936,0.078632991377134,False
2022-03-29,PRDS,Pardes Biosciences Inc,생명과학 및 메디컬 리서치,6.79,7.0,6.59,6.97,6.97,182900.0,-1.9630987888467177,9.0832,10.63559334,10.456490005000001,-0.009766666666666701,-0.007449999999999513,0.6767142857142857,0.23643656322567047,0.04567680119612746,-0.5453554231768394,-0.2483129325406536,0.07749819791048576,False
2022-03-30,PRDS,Pardes Biosciences Inc,생명과학 및 메디컬 리서치,6.92,7.76,6.9,7.47,7.47,251200.0,5.142109963442643,8.947399999999998,10.61939334,10.444090004999998,-0.008099999999999774,-0.006200000000001538,0.7074285714285714,0.7067851373182553,0.10868754989512001,1.1204859095667543,-0.16865045669864154,0.08720195808464583,False
2022-03-31,PRDS,Pardes Biosciences Inc,생명과학 및 메디컬 리서치,7.47,7.54,7.19,7.22,7.22,193100.0,2.8088482492401923,8.8202,10.601460006666668,10.430190005,-0.008966666666665901,-0.0069499999999989015,0.6831428571428569,-0.36595566708490185,0.09456889620348086,0.675301786351961,-0.14655971332927983,0.08389467824968824,False
2022-04-01,PRDS,Pardes Biosciences Inc,생명과학 및 메디컬 리서치,7.32,7.34,6.78,7.02,7.02,303300.0,-0.8110668473092164,8.6982,10.582246673333334,10.415290005,-0.00960666666666743,-0.007450000000000401,0.6774285714285712,-0.29523407844791266,0.10774866051550136,-0.5293511062445946,-0.17180845679020632,0.09015703385591631,False
2022-04-04,PRDS,Pardes Biosciences Inc,생명과학 및 메디컬 리서치,7.05,7.89,6.81,7.79,7.79,332800.0,8.36394959146698,8.5832,10.568273340000001,10.404490005,-0.0069866666666662525,-0.005399999999999849,0.7238571428571428,1.0637458061969616,0.16307645906485405,0.47203541171631946,-0.09562319491306544,0.10051385308104183,False
2022-04-05,PRDS,Pardes Biosciences Inc,생명과학 및 메디컬 리서치,7.5,7.98,7.4,7.98,7.98,206800.0,11.485082780392709,8.4718,10.555540006666666,10.394890005,-0.00636666666666752,-0.004799999999999471,0.6767142857142856,0.28076841883048403,0.09972635902185277,1.2364771623579591,-0.019622692479245956,0.1067394265785957,False
2022-04-06,PRDS,Pardes Biosciences Inc,생명과학 및 메디컬 리서치,7.92,8.44,7.61,8.41,8.41,201100.0,17.25171951243083,8.38,10.545466673333333,10.387540004999998,-0.005036666666666356,-0.003675000000001205,0.6667142857142855,0.6449539318620097,0.09938099490229162,1.3772153651400072,0.07308027677393966,0.10985882001117962,False
2022-04-07,PRDS,Pardes Biosciences Inc,생명과학 및 메디컬 리서치,8.24,8.47,7.91,8.07,8.07,133900.0,10.89764399932076,8.300799999999999,10.533133340000001,10.378490005000002,-0.0061666666666662096,-0.004524999999998336,0.6667142857142857,-0.5099635740304262,0.06295502532868975,-0.8288877747504471,0.05279838349804818,0.10705257486642675,False
2022-04-08,PRDS,Pardes Biosciences Inc,생명과학 및 메디컬 리서치,8.09,8.31,7.72,8.1,8.1,111200.0,10.381951748829232,8.2464,10.520800006666667,10.369590005,-0.006166666666667098,-0.004450000000001175,0.6445714285714285,0.046542553191488374,0.03241221652592428,0.24898168426258785,0.035200334849427126,0.10181357281405394,False
2022-04-11,PRDS,Pardes Biosciences Inc,생명과학 및 메디컬 리서치,8.0,8.16,7.51,7.78,7.78,191300.0,6.500514107343114,8.1912,10.506000006666666,10.359100005,-0.007400000000000517,-0.0052449999999995,0.6445714285714285,-0.496453900709219,0.018618675337388067,0.7598686283052529,0.15161937976229067,0.09435530426561455,False
2022-04-12,PRDS,Pardes Biosciences Inc,생명과학 및 메디컬 리서치,7.86,8.5,7.79,7.86,7.86,260900.0,6.650708137423633,8.125,10.491733340000001,10.349010005,-0.007133333333332104,-0.005044999999999966,0.668142857142857,0.1197348727816978,0.03662991559350887,0.36018645723527765,0.14180874487519615,0.0953241739720296,False
2022-04-13,PRDS,Pardes Biosciences Inc,생명과학 및 메디컬 리서치,7.85,8.61,7.84,8.57,8.57,150500.0,13.792772981961798,8.07,10.482066673333334,10.341910004999999,-0.004833333333333911,-0.0035500000000006082,0.6738571428571427,1.0536357854568583,0.09004874091976764,0.2672851150210326,0.19161034510131644,0.08920676717597845,False
2022-04-14,PRDS,Pardes Biosciences Inc,생명과학 및 메디컬 리서치,8.62,8.75,8.14,8.34,8.34,88100.0,11.37264444088939,8.0288,10.470866673333333,10.333710005,-0.005600000000000271,-0.004099999999999326,0.6717142857142855,-0.342407486176096,0.11032924330525753,0.4979654676058008,0.29214193635298863,0.08442103369069665,False
2022-04-18,PRDS,Pardes Biosciences Inc,생명과학 및 메디컬 리서치,8.4,8.4,7.478,7.81,7.81,79600.0,3.949530971388504,7.966800000000001,10.456400006666668,10.322810005000001,-0.007233333333332759,-0.005449999999999733,0.6779999999999998,-0.7817109144542779,0.09720553199718518,-0.7674210834920768,0.3103419714213568,0.08722034982913274,False
2022-04-19,PRDS,Pardes Biosciences Inc,생명과학 및 메디컬 리서치,7.86,8.25,7.7,8.1,8.1,113800.0,5.877969522250037,7.9117999999999995,10.443866673333334,10.313360005,-0.006266666666666865,-0.004725000000000534,0.6879999999999998,0.4215116279069769,0.11042517947442133,-0.6751362554302458,0.3010719119746849,0.07721686278547626,False
2022-04-20,PRDS,Pardes Biosciences Inc,생명과학 및 메디컬 리서치,8.04,8.23,7.4,7.98,7.98,273100.0,4.015361024949038,7.847799999999999,10.43053334,10.303365005,-0.006666666666666821,-0.004997499999999988,0.6858571428571427,-0.17496354926056962,0.047443130433076706,-0.13152812243642836,0.21164233826017184,0.08384813992302304,False
2022-04-21,PRDS,Pardes Biosciences Inc,생명과학 및 메디컬 리서치,8.06,8.18,7.215,7.26,7.26,644700.0,-3.8982252464037415,7.7676,10.412400006666667,10.290065005,-0.009066666666666556,-0.006649999999999601,0.7297857142857141,-0.9865909758246071,0.0031120369516691965,-0.012265055793016844,0.16253042096410203,0.08242306571581913,False
2022-04-22,PRDS,Pardes Biosciences Inc,생명과학 및 메디컬 리서치,7.38,7.58,6.6,6.91,6.91,166500.0,-5.710256851360407,7.6624,10.391933340000001,10.274815005,-0.010233333333332872,-0.007624999999999993,0.7597857142857143,-0.4606562000564064,-0.008703828877508932,1.1955831258908747,0.2857400089737784,0.08255888699814733,False
2022-04-25,PRDS,Pardes Biosciences Inc,생명과학 및 메디컬 리서치,6.81,7.56,6.76,7.54,7.54,191200.0,1.8113477717726756,7.566599999999999,10.375866673333332,10.263015005,-0.008033333333334447,-0.00590000000000046,0.7397857142857143,0.8515979530752147,-0.02385724695763371,0.5372831694564728,0.290400563098075,0.07803690527197718,False
2022-04-26,PRDS,Pardes Biosciences Inc,생명과학 및 메디컬 리서치,7.52,7.63,7.2,7.27,7.27,143300.0,0.2731280554416404,7.468000000000001,10.358000006666666,10.249515005,-0.008933333333333238,-0.006750000000000256,0.7290714285714286,-0.3703340844518474,-0.07036456862065739,1.133176625712199,0.2830219533376636,0.08505502190266113,False
2022-04-27,PRDS,Pardes Biosciences Inc,생명과학 및 메디컬 리서치,7.24,7.53,7.02,7.22,7.22,86400.0,-1.2526842965683294,7.387,10.33953334,10.235865005,-0.009233333333333427,-0.006824999999999193,0.7062142857142859,-0.0708000404571657,-0.12148985235774133,-0.17945497548784062,0.17183121472138876,0.08429489907956812,False
2022-04-28,PRDS,Pardes Biosciences Inc,생명과학 및 메디컬 리서치,7.26,7.98,7.035,7.5,7.5,75500.0,-0.26051079857083437,7.3312,10.322933339999999,10.223615005000001,-0.008300000000000196,-0.006124999999999936,0.7337142857142859,0.3816199376947043,-0.05780531580594629,-0.8444205066963308,0.17072173386811135,0.08566303321100928,False
2022-04-29,PRDS,Pardes Biosciences Inc,생명과학 및 메디컬 리서치,7.58,7.82,7.33,7.43,7.43,73700.0,1.9344619705516264,7.3024000000000004,10.305800006666665,10.211015005,-0.008566666666666833,-0.006300000000000416,0.7265714285714286,-0.09634290208415296,-0.0680114197542064,1.5793844542998365,0.26575050315648624,0.09564321184300643,False
2022-05-02,PRDS,Pardes Biosciences Inc,생명과학 및 메디컬 리서치,7.49,7.78,7.04,7.49,7.49,98400.0,1.4353422340870337,7.2808,10.288933339999998,10.198965004999998,-0.008433333333333515,-0.006025000000001057,0.733,0.08185538881309755,-0.026703613359755206,-0.1655191424870257,0.19965137667132352,0.08969044245965993,False
2022-05-03,PRDS,Pardes Biosciences Inc,생명과학 및 메디컬 리서치,7.6,7.61,7.31,7.47,7.47,121600.0,0.42565988051415093,7.2406,10.272133339999998,10.186765005,-0.008399999999999963,-0.006099999999999106,0.7030000000000002,-0.02844950213371331,-0.03728821156799885,-0.24650883085148118,0.15631599895084072,0.08416086526969278,False
2022-05-04,PRDS,Pardes Biosciences Inc,생명과학 및 메디컬 리서치,7.46,7.58,6.81,7.21,7.21,111700.0,-5.650496527265824,7.2170000000000005,10.253533339999999,10.172895005,-0.009299999999999642,-0.006934999999999469,0.7030000000000002,-0.3698435277382642,-0.13896530536765048,-1.627513103561059,0.020973269052119888,0.07218854897799554,False
2022-05-05,PRDS,Pardes Biosciences Inc,생명과학 및 메디컬 리서치,7.2,7.2,6.78,7.09,7.09,65400.0,-3.3367193542318874,7.212999999999999,10.234466673333335,10.158595005,-0.00953333333333184,-0.007150000000000212,0.6901428571428573,-0.1738770440902506,-0.12692741664723292,1.245113994331254,0.07434102096108083,0.08302901539043288,False
2022-05-06,PRDS,Pardes Biosciences Inc,생명과학 및 메디컬 리서치,7.08,7.16,6.85,7.05,7.05,72100.0,-3.104928055642986,7.2116,10.213466673333334,10.144245005,-0.010500000000000398,-0.0071750000000001535,0.6464285714285717,-0.061878453038674064,-0.0755108122604041,0.14898639970314584,0.13979869833216815,0.07277347669983553,False
2022-05-09,PRDS,Pardes Biosciences Inc,생명과학 및 메디컬 리서치,6.88,6.98,6.29,6.71,6.71,139900.0,-4.39093673064882,7.1988,10.191333340000002,10.128245005,-0.011066666666666336,-0.008000000000000007,0.6614285714285716,-0.5140388768898485,-0.14233584831732018,0.6207623402324984,0.2323628837366499,0.08117549375060905,False
2022-05-10,PRDS,Pardes Biosciences Inc,생명과학 및 메디컬 리서치,6.8,6.86,5.79,5.82,5.82,123300.0,-16.54344488520335,7.1812000000000005,10.163466673333334,10.107795005,-0.01393333333333402,-0.01022500000000015,0.6785714285714288,-1.31157894736842,-0.22352266246788094,-1.3923282053850063,0.14230573495460863,0.07841971920245114,False
2022-05-11,PRDS,Pardes Biosciences Inc,생명과학 및 메디컬 리서치,5.83,6.1,4.89,5.08,5.08,241300.0,-24.865320495724973,7.162800000000001,10.131000006666666,10.083645005,-0.016233333333333988,-0.01207500000000028,0.6960714285714288,-1.0631092868137506,-0.22898825610996257,-0.518287892904651,0.10616124658949189,0.07965391753009736,False
2022-05-12,PRDS,Pardes Biosciences Inc,생명과학 및 메디컬 리서치,5.01,5.32,4.93,5.25,5.25,198300.0,-20.88850539021353,7.140600000000001,10.099666673333333,10.060320005,-0.015666666666666273,-0.011662499999999909,0.6539285714285716,0.25996723102129965,-0.17751515389012645,0.30265605590623584,0.04238074159058912,0.08526182436898053,False
2022-05-13,PRDS,Pardes Biosciences Inc,생명과학 및 메디컬 리서치,5.44,6.19,5.294,6.04,6.04,258400.0,-10.046892330392875,7.1336,10.07353334,10.041020005,-0.013066666666667004,-0.009649999999999714,0.6639285714285718,1.1898870360408818,-0.15335164796400738,0.4095879864434213,0.03325965708965686,0.0864677042637726,False
2022-05-16,PRDS,Pardes Biosciences Inc,생명과학 및 메디컬 리서치,6.06,6.11,5.67,5.69,5.69,64100.0,-13.99932424265591,7.1254,10.044800006666666,10.020120005,-0.014366666666666639,-0.010449999999999626,0.6646428571428575,-0.5265986029016649,-0.1645133992818515,-0.38974607901831615,-0.07552053610537993,0.07825387780632131,False
2022-05-17,PRDS,Pardes Biosciences Inc,생명과학 및 메디컬 리서치,5.78,5.95,5.71,5.93,5.93,66800.0,-11.161859374218064,7.121,10.017800006666667,10.000420005,-0.013499999999999623,-0.009850000000000136,0.6467857142857145,0.3710657095527321,-0.1329515599954302,-0.32351757689912297,-0.08581072192047152,0.07604490453005473,False
2022-05-18,PRDS,Pardes Biosciences Inc,생명과학 및 메디컬 리서치,5.89,6.57,5.7,5.87,5.87,307600.0,-7.527847763231921,7.113199999999999,9.990400006666665,9.980270005,-0.013700000000000934,-0.0100750000000005,0.6414285714285717,-0.09354120267260514,-0.16689164145023802,1.2813543518247799,0.06603033940246496,0.08613717387615356,False
2022-05-19,PRDS,Pardes Biosciences Inc,생명과학 및 메디컬 리서치,5.87,5.93,5.65,5.71,5.71,91900.0,-8.990139780043748,7.099000000000001,9.961800006666666,9.959345005,-0.014299999999999535,-0.010462500000000041,0.6264285714285717,-0.2554161915621438,-0.17825401927009452,-0.05361867165656639,-0.050612741022992395,0.09295011220590974,False
2022-05-20,PRDS,Pardes Biosciences Inc,생명과학 및 메디컬 리서치,5.78,6.28,5.78,6.26,6.26,147200.0,-0.19803778545489648,7.0994,9.937200006666666,9.941145005,-0.012299999999999756,-0.009100000000000108,0.6142857142857144,0.8953488372093018,-0.12014734438465137,0.8904034573927482,0.024810301825562882,0.10526251754213148,False
2022-05-23,PRDS,Pardes Biosciences Inc,생명과학 및 메디컬 리서치,6.5,6.6,6.26,6.36,6.36,116100.0,0.029947015999853832,7.105,9.913266673333334,9.923445005000001,-0.011966666666666015,-0.008849999999998914,0.6171428571428572,0.1620370370370379,-0.106541163015312,-0.4554286366178172,0.009887458556538886,0.1039958776012606,False
2022-05-24,PRDS,Pardes Biosciences Inc,생명과학 및 메디컬 리서치,6.32,6.32,6.15,6.18,6.18,63700.0,-1.4717255503189586,7.115799999999999,9.88813334,9.904870005,-0.012566666666667281,-0.009287500000001003,0.5771428571428573,-0.3118811881188128,-0.10240099589963689,-0.02615944328326325,0.12426986286209574,0.10770635993631518,False
2022-05-25,PRDS,Pardes Biosciences Inc,생명과학 및 메디컬 리서치,6.16,6.27,6.06,6.24,6.24,55900.0,-0.9570497450538396,7.122999999999999,9.863066673333332,9.886670005,-0.01253333333333373,-0.009100000000000108,0.5614285714285715,0.10687022900763446,-0.08234761924978796,-0.24999656031769482,0.01747625181574224,0.10520837324709172,False
2022-05-26,PRDS,Pardes Biosciences Inc,생명과학 및 메디컬 리서치,6.33,6.4,5.61,5.62,5.62,116300.0,-11.519113566624362,7.098400000000001,9.833600006666668,9.865370004999999,-0.014733333333332155,-0.010650000000000048,0.5957142857142858,-1.0407673860911273,-0.15226825732496319,-1.795244283684669,-0.12139736842624453,0.09026394904542528,False
2022-05-27,PRDS,Pardes Biosciences Inc,생명과학 및 메디컬 리서치,5.67,5.82,5.63,5.78,5.78,84000.0,-10.024108839026248,7.066,9.80553334,9.844770005,-0.014033333333333786,-0.010299999999999088,0.5557142857142858,0.28791773778920327,-0.0949856419907452,-0.701420486691185,-0.21583899892079333,0.092153416957909,False
2022-05-31,PRDS,Pardes Biosciences Inc,생명과학 및 메디컬 리서치,5.7,5.82,5.53,5.64,5.64,173300.0,-10.37989064697057,7.0308,9.776266673333334,9.823670004999999,-0.014633333333333276,-0.01055000000000117,0.5000000000000001,-0.2800000000000011,-0.02130143146442956,-0.014074404260244255,-0.1173922988404532,0.0904896993359562,False
2022-06-01,PRDS,Pardes Biosciences Inc,생명과학 및 메디컬 리서치,5.64,5.77,5.515,5.74,5.74,109300.0,-6.913102817830364,6.990200000000001,9.74753334,9.802870004999999,-0.014366666666666639,-0.010399999999999743,0.43178571428571433,0.2315963606286199,0.07117754335288261,0.5532052035627393,-0.04085707766421103,0.09367729506756521,False
2022-06-02,PRDS,Pardes Biosciences Inc,생명과학 및 메디컬 리서치,5.71,5.83,5.52,5.65,5.65,190200.0,-9.051004712842936,6.9524,9.717266673333334,9.781620005,-0.015133333333332999,-0.010624999999999218,0.4260714285714286,-0.21123218776194433,0.03752044201122234,-0.9991016900968099,-0.13383977380728573,0.07181446295461197,False
2022-06-03,PRDS,Pardes Biosciences Inc,생명과학 및 메디컬 리서치,5.76,5.77,5.305,5.46,5.46,101300.0,-9.490198760459489,6.9126,9.685666673333333,9.759420005,-0.01580000000000048,-0.011099999999999888,0.3921428571428572,-0.4845173041894363,-0.08207986800522894,0.24377859022327364,-0.14568330210872485,0.08034071285265366,False
2022-06-06,PRDS,Pardes Biosciences Inc,생명과학 및 메디컬 리서치,5.64,6.04,5.58,5.68,5.68,380100.0,-5.065704997337117,6.872999999999999,9.656066673333335,9.738470005,-0.014799999999999258,-0.010475000000000456,0.40214285714285714,0.5470692717584363,-0.005389305529507433,0.4093445774831796,-0.08860539807290371,0.08989463930916726,False
2022-06-07,PRDS,Pardes Biosciences Inc,생명과학 및 메디컬 리서치,5.66,5.71,4.65,5.0,5.0,262300.0,-15.82947501251305,6.8286,9.621333340000001,9.713970005,-0.017366666666666752,-0.012249999999999872,0.45928571428571424,-1.4805598755832032,-0.13764827589635995,-1.8993002261947656,-0.20116130159402104,0.07303463674413767,False
2022-06-08,PRDS,Pardes Biosciences Inc,생명과학 및 메디컬 리서치,4.92,5.69,4.87,5.21,5.21,171200.0,-10.747301938562426,6.796600000000001,9.588400006666665,9.690495004999999,-0.016466666666667962,-0.011737500000000622,0.4557142857142857,0.46081504702194354,-0.0980514009181779,0.9896992232196903,-0.22199381078009886,0.08625417670404936,False
2022-06-09,PRDS,Pardes Biosciences Inc,생명과학 및 메디컬 리서치,5.13,5.13,4.685,4.91,4.91,167000.0,-13.626333391426126,6.7554,9.55413334,9.665545005,-0.01713333333333278,-0.012474999999999348,0.47321428571428575,-0.6339622641509429,-0.12509040610309213,0.4888027694487195,-0.1832494221297213,0.10098792705257652,False
2022-06-10,PRDS,Pardes Biosciences Inc,생명과학 및 메디컬 리서치,4.87,4.87,4.54,4.74,4.74,96100.0,-13.748774821720689,6.7008,9.51873334,9.639745005,-0.017699999999999605,-0.012900000000000134,0.45892857142857146,-0.37042801556420213,-0.2155030384440567,0.9874068500792073,-0.17632060836640281,0.11156820303511632,False
2022-06-13,PRDS,Pardes Biosciences Inc,생명과학 및 메디컬 리서치,4.8,4.8,3.77,3.9,3.9,171500.0,-24.94375142796209,6.634399999999999,9.467666673333333,9.609695005,-0.02553333333333363,-0.015024999999999622,0.5082142857142857,-1.6528460997891783,-0.34513754821735787,-0.014077407436829947,-0.14479552056776088,0.06999576102520891,False
2022-06-14,PRDS,Pardes Biosciences Inc,생명과학 및 메디컬 리서치,3.93,4.26,3.755,4.15,4.15,211500.0,-18.926937291578806,6.577000000000001,9.41453334,9.580935005,-0.026566666666666627,-0.01438000000000006,0.5292857142857142,0.4723346828609995,-0.28912212886165695,0.6288305311501509,-0.09801052239394556,0.06331384148938683,False
2022-06-15,PRDS,Pardes Biosciences Inc,생명과학 및 메디컬 리서치,4.14,4.285,4.06,4.22,4.22,145300.0,-17.734106716673658,6.505599999999999,9.35833334,9.552605005,-0.028100000000000236,-0.014165000000000205,0.5303571428571429,0.13198653198653085,-0.2873281072203072,-0.45198989620879504,-0.11243861781473843,0.04704039716771429,False
2022-06-16,PRDS,Pardes Biosciences Inc,생명과학 및 메디컬 리서치,4.26,4.56,4.06,4.5,4.5,180000.0,-8.418357352433226,6.435999999999999,9.305000006666665,9.525655004999999,-0.026666666666667282,-0.01347500000000057,0.5096428571428573,0.5494043447792575,-0.1737444121581369,1.8172768904222516,0.14559860890718448,0.05442286031824157,False
2022-06-17,PRDS,Pardes Biosciences Inc,생명과학 및 메디컬 리서치,4.59,4.94,4.48,4.88,4.88,352100.0,-0.3980021104529663,6.365399999999999,9.254266673333333,9.500450005,-0.02536666666666587,-0.01260249999999985,0.5282142857142859,0.7194050033806623,-0.14292389318731838,0.6345079414107266,0.241022068057321,0.05932514517395673,False
2022-06-21,PRDS,Pardes Biosciences Inc,생명과학 및 메디컬 리서치,4.81,5.07,4.695,4.85,4.85,254000.0,-2.2154386207741017,6.301,9.203400006666667,9.475100005,-0.025433333333332975,-0.01267499999999977,0.5342857142857144,-0.056149732620321316,-0.12693458837448413,-0.9739065934999283,0.17246262596877213,0.05964158713743528,False
2022-06-22,PRDS,Pardes Biosciences Inc,생명과학 및 메디컬 리서치,4.76,4.85,4.38,4.5,4.5,296400.0,-7.740409697308859,6.229,9.14813334,9.447850005,-0.027633333333334065,-0.01362500000000022,0.5496428571428572,-0.6367771280051975,-0.18896126613404252,-0.5864661201217023,0.09105753141988346,0.05088576558920004,False
2022-06-23,PRDS,Pardes Biosciences Inc,생명과학 및 메디컬 리서치,4.51,4.62,4.27,4.32,4.32,488600.0,-10.789178509197939,6.159800000000001,9.088266673333333,9.419450005,-0.029933333333333145,-0.014199999999999768,0.5525000000000001,-0.3257918552036193,-0.19714409952273357,-0.7060638705218395,0.11198880424666709,0.042989863418530526,False
2022-06-24,PRDS,Pardes Biosciences Inc,생명과학 및 메디컬 리서치,4.34,4.57,3.405,3.46,3.46,3449100.0,-28.758453663474437,6.0718000000000005,9.02113334,9.386750005,-0.0335666666666663,-0.016350000000000087,0.6025000000000001,-1.4273858921161828,-0.2644918558032155,-2.6222657396391282,-0.09272864788636163,0.020020807868767396,False
2022-06-27,PRDS,Pardes Biosciences Inc,생명과학 및 메디컬 리서치,3.53,3.53,2.79,3.0,3.0,594300.0,-36.470286774142735,5.960400000000001,8.948800006666668,9.351650005,-0.03616666666666646,-0.017549999999999955,0.6139285714285715,-0.7492728330424664,-0.3570877204318514,-0.6275003351781279,-0.16678899879074074,0.01551473018672336,False
2022-06-28,PRDS,Pardes Biosciences Inc,생명과학 및 메디컬 리서치,3.05,3.185,2.82,2.84,2.84,297200.0,-36.937664497367905,5.8504,8.870133339999999,9.315750005,-0.03933333333333433,-0.01794999999999991,0.5642857142857144,-0.28354430379746853,-0.2715866081614418,0.5145288137058538,0.005627361202160635,0.009812332506383789,False
2022-06-29,PRDS,Pardes Biosciences Inc,생명과학 및 메디컬 리서치,2.8,3.02,2.65,3.01,3.01,524000.0,-31.437544478052903,5.7543999999999995,8.795933340000001,9.280900005000001,-0.0370999999999988,-0.017424999999999358,0.5321428571428573,0.31946308724832195,-0.28168317671670046,0.3474192026887783,-0.04024978312147593,0.013565964746363965,False
2022-06-30,PRDS,Pardes Biosciences Inc,생명과학 및 메디컬 리서치,3.0,3.17,2.91,3.07,3.07,258400.0,-27.599566089266037,5.6538,8.722933339999999,9.246350005,-0.03650000000000109,-0.017275000000000595,0.5132142857142857,0.11691022964509404,-0.22804942715984064,0.46625685317941756,-0.041860205712140365,0.01916065122108323,False
2022-07-01,PRDS,Pardes Biosciences Inc,생명과학 및 메디컬 리서치,3.04,3.14,3.015,3.12,3.12,118600.0,-25.40044459448486,5.5565999999999995,8.650466673333332,9.212050005,-0.03623333333333356,-0.01715,0.49571428571428583,0.10086455331412156,-0.1943856722399604,-0.32917973653349875,-0.13590210475590508,0.019219945961124908,False
2022-07-05,PRDS,Pardes Biosciences Inc,생명과학 및 메디컬 리서치,3.01,3.46,3.01,3.44,3.44,215100.0,-16.227748982270683,5.4802,8.576733339999999,9.179350005,-0.0368666666666666,-0.016350000000000087,0.45428571428571435,0.70440251572327,-0.026010771131928383,0.6350988268537694,-0.08953237373514797,0.0019113628517111343,False
2022-07-06,PRDS,Pardes Biosciences Inc,생명과학 및 메디컬 리서치,3.45,3.51,3.36,3.36,3.36,167400.0,-16.502803327638173,5.409199999999999,8.49933334,9.146250004999999,-0.03869999999999951,-0.01655000000000051,0.4289285714285715,-0.18651124063280614,-0.0730711942386288,-0.34449491982537567,-0.15905562023339986,0.004426562914867364,False
2022-07-07,PRDS,Pardes Biosciences Inc,생명과학 및 메디컬 리서치,3.36,3.53,3.3,3.44,3.44,258700.0,-14.466412176455535,5.3272,8.424000006666667,9.113700005,-0.037666666666666515,-0.016274999999999373,0.4292857142857144,0.1863560732113146,-0.06918765557971567,-0.5060218194106536,-0.16291504331924692,-0.008902055496115486,False
2022-07-08,PRDS,Pardes Biosciences Inc,생명과학 및 메디컬 리서치,3.42,3.595,3.36,3.57,3.57,285100.0,-9.62411300222218,5.2532,8.350133340000001,9.081800005,-0.03693333333333282,-0.01595000000000013,0.4103571428571429,0.31679721496953844,-0.08580245056612415,0.35949570305080913,-0.26704227098863564,-0.012258163254332025,False
2022-07-11,PRDS,Pardes Biosciences Inc,생명과학 및 메디컬 리서치,3.56,3.56,3.27,3.32,3.32,236400.0,-13.431582181905476,5.1752,8.277600006666667,9.048450005,-0.03626666666666711,-0.016675000000000217,0.39892857142857147,-0.6266786034019695,-0.18195127962202642,-0.023745256560410266,-0.3140603565580026,-0.001754130441602273,False
2022-07-12,PRDS,Pardes Biosciences Inc,생명과학 및 메디컬 리서치,3.38,3.39,3.15,3.29,3.29,81800.0,-11.847085744729313,5.091,8.21393334,9.014950005,-0.03183333333333316,-0.016750000000000043,0.38928571428571435,-0.07706422018348573,-0.18344517159082388,0.41683027056884925,-0.2147220091245185,0.006805462176157909,False
2022-07-13,PRDS,Pardes Biosciences Inc,생명과학 및 메디컬 리서치,3.2,3.425,3.15,3.3,3.3,115900.0,-10.394392651037466,5.0084,8.15953334,8.981450005,-0.027200000000000557,-0.016750000000000043,0.375357142857143,0.02664129400570827,-0.13605814144718778,0.26582106814540407,-0.15384435281972517,0.022245525662003326,False
2022-07-14,PRDS,Pardes Biosciences Inc,생명과학 및 메디컬 리서치,3.3,3.3,3.04,3.19,3.19,116300.0,-11.895787907847788,4.9224,8.10713334,8.947300004999999,-0.026199999999999335,-0.017075000000000173,0.3689285714285715,-0.2981606969990316,-0.1340844872897172,-0.1412881054176792,-0.11350322674085658,0.03229029586608078,False
2022-07-15,PRDS,Pardes Biosciences Inc,생명과학 및 메디컬 리서치,3.27,3.38,3.19,3.38,3.38,115100.0,-7.248880377128685,4.8406,8.04833334,8.914250005,-0.02940000000000076,-0.01652499999999968,0.29928571428571427,0.6348448687350834,0.013217709913944673,-0.41265179191316026,0.04432634095385541,0.024468348795507373,False
2022-07-18,PRDS,Pardes Biosciences Inc,생명과학 및 메디컬 리서치,3.45,3.52,3.28,3.32,3.32,94400.0,-6.336779415720207,4.7628,7.989866673333334,8.880850005,-0.029233333333332556,-0.01670000000000016,0.2635714285714286,-0.22764227642276438,0.050477035386780535,0.21649218786012328,0.10461152117087336,0.02351774777639515,False
2022-07-19,PRDS,Pardes Biosciences Inc,생명과학 및 메디컬 리서치,3.4,3.56,3.37,3.45,3.45,212500.0,-2.9169891581544594,4.69,7.94073334,8.848350005,-0.024566666666666848,-0.01624999999999943,0.25464285714285717,0.5105189340813477,0.10719583809241026,-0.9687105319346027,-0.0013341463748735413,0.027939623304169908,False
2022-07-20,PRDS,Pardes Biosciences Inc,생명과학 및 메디컬 리서치,3.45,3.54,3.24,3.4,3.4,127800.0,-2.5660666421554623,4.617,7.894733339999999,8.814350005,-0.023000000000000576,-0.017000000000000348,0.24964285714285714,-0.20028612303290522,0.07007089450089403,-0.5200048581549427,-0.06329300786371075,0.02363960152525511,False
2022-07-21,PRDS,Pardes Biosciences Inc,생명과학 및 메디컬 리서치,3.39,3.46,3.32,3.36,3.36,53000.0,-2.6834416809046857,4.55,7.845200006666667,8.781000005000001,-0.024766666666665937,-0.01667499999999933,0.2410714285714286,-0.16592592592592606,0.04986831196010689,-0.7084711619328411,-0.14720215180030063,0.012986232678812175,False
2022-07-22,PRDS,Pardes Biosciences Inc,생명과학 및 메디컬 리서치,3.33,3.33,2.98,3.05,3.05,87500.0,-8.886886230629443,4.4946,7.788133340000001,8.746250005,-0.0285333333333333,-0.017375000000000362,0.2592857142857143,-1.1955922865013777,-0.04273574802671449,-0.6749435188613032,-0.17189956482371524,0.010026247176832096,False
2022-07-25,PRDS,Pardes Biosciences Inc,생명과학 및 메디컬 리서치,3.07,3.19,2.965,3.14,3.14,64600.0,-5.803383163661113,4.4558,7.738133339999999,8.712200005,-0.0250000000000008,-0.01702500000000029,0.24321428571428574,0.37004405286343733,-0.0666184953738454,0.29287455114572547,-0.19634415594571838,0.013966982071837757,False
2022-07-26,PRDS,Pardes Biosciences Inc,생명과학 및 메디컬 리서치,3.16,3.33,3.0,3.12,3.12,84700.0,-5.4593862064092225,4.4132,7.689666673333333,8.678050005,-0.024233333333333107,-0.017075000000000173,0.2560714285714286,-0.07810320781032083,-0.05887506445795359,0.6040288141939666,-0.12859246065862254,0.015279333718856496,False
2022-07-27,PRDS,Pardes Biosciences Inc,생명과학 및 메디컬 리서치,3.17,3.17,2.92,3.05,3.05,282800.0,-10.015722320437881,4.3534,7.64253334,8.643500005,-0.023566666666666514,-0.017274999999999707,0.2575,-0.27184466019417586,-0.09160368827263146,-1.7181716975652401,-0.21517459481252157,0.0008255274788460243,False
2022-07-28,PRDS,Pardes Biosciences Inc,생명과학 및 메디컬 리서치,2.97,3.11,2.97,3.01,3.01,58200.0,-12.004060082922463,4.299799999999999,7.59593334,8.608550005,-0.023299999999999876,-0.01747500000000013,0.2507142857142857,-0.15954415954415968,-0.12562807216646704,-0.8233918508143421,-0.2996665629457466,0.0034389857311474094,False
2022-07-29,PRDS,Pardes Biosciences Inc,생명과학 및 메디컬 리서치,2.96,3.01,2.73,2.82,2.82,131600.0,-18.08814801677019,4.2376000000000005,7.548066673333333,8.572750005,-0.023933333333333806,-0.017900000000000027,0.24928571428571428,-0.7621776504297992,-0.13530657552559774,-1.53724064760001,-0.40777337659143237,-0.002315138612876422,False
2022-08-01,PRDS,Pardes Biosciences Inc,생명과학 및 메디컬 리서치,2.83,2.83,2.68,2.77,2.77,61500.0,-18.61427158075738,4.1756,7.501200006666666,8.536700004999998,-0.023433333333333195,-0.018025000000000624,0.24285714285714283,-0.20588235294117577,-0.14450787072257562,-0.046311924550608785,-0.44085496195710794,0.0016169323615934518,False
2022-08-02,PRDS,Pardes Biosciences Inc,생명과학 및 메디컬 리서치,2.765,2.95,2.765,2.9,2.9,127300.0,-13.230970708169254,4.1194,7.44973334,8.501200005,-0.025733333333333164,-0.01774999999999949,0.2364285714285714,0.549848942598187,-0.10713589582311286,0.9289656756009083,-0.3934874899960005,0.009157316225043953,False
2022-08-03,PRDS,Pardes Biosciences Inc,생명과학 및 메디컬 리서치,2.96,3.08,2.6,2.72,2.72,290600.0,-18.779903426622635,4.0486,7.392000006666667,8.465050005,-0.028866666666666596,-0.01807499999999962,0.2521428571428571,-0.7138810198300273,-0.13683020459675538,-1.601126864845614,-0.49776168709799584,-0.007282702385530254,False
2022-08-04,PRDS,Pardes Biosciences Inc,생명과학 및 메디컬 리서치,2.72,2.9,2.72,2.87,2.87,52800.0,-13.210019771386971,3.9788,7.320266673333332,8.429650005,-0.03586666666666716,-0.017700000000000493,0.2514285714285714,0.5965909090909088,-0.13956263028562502,0.6435880436061789,-0.42231598456090014,-0.016435398595209583,False
2022-08-05,PRDS,Pardes Biosciences Inc,생명과학 및 메디컬 리서치,2.79,3.09,2.79,3.025,3.025,153400.0,-7.292621086893847,3.9156999999999997,7.226966673333333,8.395025005,-0.046649999999999636,-0.017312499999999176,0.25571428571428567,0.6061452513966474,-0.08000637829852417,0.7085287294482505,-0.38717051730460533,-0.030646081370764702,False
2022-08-08,PRDS,Pardes Biosciences Inc,생명과학 및 메디컬 리서치,3.06,3.44,3.05,3.17,3.17,171800.0,-2.1337782182794363,3.8543000000000003,7.138966666666667,8.360875005,-0.044000003333333204,-0.017075000000000173,0.2682142857142856,0.5406125166444743,-0.07785683668687228,0.6230022570562842,-0.27347674666239913,-0.02467779510018617,False
2022-08-09,PRDS,Pardes Biosciences Inc,생명과학 및 메디컬 리서치,3.13,3.4,3.07,3.15,3.15,163500.0,-1.7244252733242704,3.8049,7.066166666666667,8.326425004999999,-0.03639999999999999,-0.017225000000000712,0.2703571428571428,-0.07397622192866588,-0.06883470089371233,0.21657263248577524,-0.22086406875949074,-0.009721785458380428,False
2022-08-10,PRDS,Pardes Biosciences Inc,생명과학 및 메디컬 리서치,3.2,3.22,3.03,3.12,3.12,65200.0,-3.905009573514595,3.7517,6.994433333333333,8.292075005000001,-0.03586666666666671,-0.017174999999999052,0.2739285714285714,-0.10951760104302406,-0.0648055348306479,-1.5309434048970891,-0.2796120861140799,-0.0195087105633967,False
2022-08-11,PRDS,Pardes Biosciences Inc,생명과학 및 메디컬 리서치,3.12,3.24,2.93,2.96,2.96,47300.0,-7.944570400260542,3.6980999999999993,6.929700000000001,8.256725005,-0.03236666666666599,-0.01767500000000055,0.2689285714285714,-0.5949535192563087,-0.021902765741714385,-0.5458816899323283,-0.27039338404772456,-0.02966345468564026,False
2022-08-12,PRDS,Pardes Biosciences Inc,생명과학 및 메디컬 리서치,3.0,3.11,2.88,3.02,3.02,43200.0,-6.64350201965247,3.6437,6.858433333333334,8.221575005,-0.03563333333333363,-0.017574999999999896,0.26928571428571424,0.2228116710875334,-0.032419364439993235,-0.9252252247798167,-0.35740051089954894,-0.040330610432182785,False
2022-08-15,PRDS,Pardes Biosciences Inc,생명과학 및 메디컬 리서치,3.06,3.15,2.71,2.86,2.86,85100.0,-10.751817377267237,3.5879000000000003,6.7871,8.184925005,-0.03566666666666718,-0.018324999999999925,0.2771428571428571,-0.5773195876288666,-0.06807767728417509,-0.8483763462566911,-0.46114373664602454,-0.04790028299390537,False
2022-08-16,PRDS,Pardes Biosciences Inc,생명과학 및 메디컬 리서치,2.79,3.02,2.73,2.88,2.88,152800.0,-9.030899602328802,3.5362999999999998,6.708566666666666,8.148325005,-0.03926666666666678,-0.018299999999999983,0.27999999999999997,0.0714285714285715,-0.04355816073969313,-0.06847865321730422,-0.3433085191926005,-0.05300405459043339,False
2022-08-17,PRDS,Pardes Biosciences Inc,생명과학 및 메디컬 리서치,2.84,3.155,2.78,2.85,2.85,177400.0,-8.12408152549967,3.4797,6.6293,8.111975005,-0.03963333333333319,-0.018175000000000274,0.29678571428571426,-0.10108303249097408,-0.03938236595017987,0.46349991146188296,-0.251387679030013,-0.04463667017630925,False
2022-08-18,PRDS,Pardes Biosciences Inc,생명과학 및 메디컬 리서치,2.86,2.94,2.81,2.89,2.89,76400.0,-5.973013058086485,3.4374999999999996,6.5443,8.075375005000001,-0.04249999999999998,-0.018299999999999095,0.2860714285714286,0.139825218476904,0.025046410400298928,-0.044812221742800085,-0.14478564861164087,-0.04599056045748104,False
2022-08-19,PRDS,Pardes Biosciences Inc,생명과학 및 메디컬 리서치,2.84,3.23,2.671,2.98,2.98,141300.0,-1.329868698369041,3.3929,6.470766666666667,8.039525005,-0.03676666666666639,-0.017925000000000857,0.3152857142857143,0.28545536927956455,0.06014196198749466,1.3147566619944322,-0.04756646385842368,-0.040675328891375574,False
2022-08-22,PRDS,Pardes Biosciences Inc,생명과학 및 메디컬 리서치,2.96,3.23,2.72,3.01,3.01,83000.0,2.3023566666465767,3.3549,6.397833333333333,8.004325005,-0.03646666666666709,-0.017599999999999838,0.3384999999999999,0.08862629246676458,0.027197486978107355,1.6930948986376266,0.00701419492991335,-0.02872598188561948,False
2022-08-23,PRDS,Pardes Biosciences Inc,생명과학 및 메디컬 리서치,3.02,3.305,3.0,3.06,3.06,74500.0,4.636428552787675,3.3213,6.323166666666666,7.969375005000001,-0.03733333333333322,-0.017474999999999685,0.326,0.15337423312883516,0.08914429076088325,0.32649774168213747,0.14470166682475274,-0.03736538861036696,False
2022-08-24,PRDS,Pardes Biosciences Inc,생명과학 및 메디컬 리서치,3.07,3.18,3.0,3.01,3.01,26800.0,2.853262883757801,3.3034999999999997,6.252700000000001,7.926625005,-0.035233333333332784,-0.021375000000000366,0.326,-0.15337423312883516,0.03557535203090153,-0.3752900529730868,0.07192465992623376,-0.04240536170020643,False
2022-08-25,PRDS,Pardes Biosciences Inc,생명과학 및 메디컬 리서치,3.07,3.49,2.85,3.31,3.31,115600.0,11.14631620896873,3.2866999999999997,6.1873000000000005,7.882575005,-0.03270000000000017,-0.022025000000000183,0.35028571428571437,0.8564437194127249,0.05345381403204992,-0.19801717586220524,0.007171380975486923,-0.0468629027740419,False
2022-08-26,PRDS,Pardes Biosciences Inc,생명과학 및 메디컬 리서치,3.35,3.81,3.35,3.7,3.7,146100.0,26.52986032304465,3.2763,6.1217,7.837825005,-0.032800000000000384,-0.02237499999999981,0.35635714285714293,1.0944076969332532,0.09301061262410557,3.3907325951057583,0.20486640512187795,-0.03352367491977354,False
2022-08-29,PRDS,Pardes Biosciences Inc,생명과학 및 메디컬 리서치,3.63,3.93,3.29,3.44,3.44,153600.0,16.95997907894309,3.2551,6.0543,7.792525005,-0.03370000000000006,-0.02265000000000006,0.3785000000000001,-0.6869220607661827,0.04922876699285437,-0.2566038324493921,0.17106808619793742,-0.03432341348577073,False
2022-08-30,PRDS,Pardes Biosciences Inc,생명과학 및 메디컬 리서치,3.42,3.6,3.34,3.53,3.53,129800.0,19.906369162535054,3.2281,5.9911666666666665,7.7477250049999995,-0.03156666666666652,-0.022400000000000198,0.38350000000000006,0.2346805736636241,0.07381435090047209,0.9489444269244571,0.34820293132804786,-0.029535201783948674,False
2022-08-31,PRDS,Pardes Biosciences Inc,생명과학 및 메디컬 리서치,3.5,3.62,3.19,3.51,3.51,133000.0,18.301222739633882,3.2013,5.9343666666666675,7.702875005000001,-0.028399999999999537,-0.02242499999999925,0.3920714285714286,-0.05101111313536167,0.11266737990911116,0.4472112072682132,0.4191381382709437,-0.022582551784190125,False
2022-09-01,PRDS,Pardes Biosciences Inc,생명과학 및 메디컬 리서치,3.47,3.58,3.13,3.56,3.56,52500.0,18.00625519733099,3.1825,5.885966666666667,7.656725004999999,-0.024200000000000443,-0.023075000000000845,0.40778571428571436,0.1226134174111059,0.10551036178936633,-0.06830374262887123,0.4803468155674398,-0.019120386440634178,False
2022-09-02,PRDS,Pardes Biosciences Inc,생명과학 및 메디컬 리서치,3.47,3.61,3.27,3.6,3.6,95600.0,19.15752528099852,3.1681,5.839700000000001,7.6082250049999995,-0.023133333333333006,-0.024249999999999883,0.40064285714285724,0.09983954359065793,0.1538788711621895,0.7366664644990607,0.5935641591928507,-0.006271603209364588,False
2022-09-06,PRDS,Pardes Biosciences Inc,생명과학 및 메디컬 리서치,3.61,3.67,3.13,3.13,3.13,205800.0,3.789621907313556,3.1614999999999998,5.786099999999999,7.556225005,-0.0268000000000006,-0.0259999999999998,0.4185,-1.1230585424133817,0.06855836303062143,-0.8848802546808159,0.5352497590883141,-0.009989313384392672,False
2022-09-07,PRDS,Pardes Biosciences Inc,생명과학 및 메디컬 리서치,3.07,3.18,3.05,3.17,3.17,83000.0,3.0065185458726162,3.1649000000000003,5.731766666666666,7.502825005000001,-0.02716666666666656,-0.026699999999999502,0.4010000000000001,0.09975062344139658,0.08290362416864791,-0.9302106128158446,0.4356990073541907,-0.01502434852094352,False
2022-09-08,PRDS,Pardes Biosciences Inc,생명과학 및 메디컬 리서치,3.15,3.38,3.11,3.32,3.32,95300.0,6.568044754319868,3.1745,5.684566666666667,7.446225005,-0.02359999999999962,-0.028300000000000658,0.4110000000000001,0.36496350364963476,0.0989849302524144,8.169188777057412e-05,0.43890571547066004,-0.007338397859059067,False
2022-09-09,PRDS,Pardes Biosciences Inc,생명과학 및 메디컬 리서치,3.34,3.41,2.927,2.97,2.97,164700.0,-6.261197602423296,3.1737,5.631633333333333,7.390375005000001,-0.02646666666666686,-0.02792499999999931,0.40557142857142864,-0.8629799225079243,0.016953837981879476,-1.7067940698821285,0.22308066319376282,-0.028546987895106735,False
2022-09-12,PRDS,Pardes Biosciences Inc,생명과학 및 메디컬 리서치,3.02,3.125,2.553,3.06,3.06,145800.0,-4.669977551520477,3.1735,5.5797,7.335575004999999,-0.025966666666666693,-0.02740000000000098,0.4100000000000001,0.21951219512195083,0.0263028310286785,-0.4028809425350568,0.07336810310999975,-0.029516690061099336,False
2022-09-13,PRDS,Pardes Biosciences Inc,생명과학 및 메디컬 리서치,2.97,3.1,2.77,3.07,3.07,123900.0,-0.7675024054813795,3.1725,5.525633333333333,7.280975004999999,-0.027033333333333243,-0.02729999999999988,0.41178571428571437,0.02428447528187285,0.01708213403960976,2.2423214799620568,0.21021265584427967,-0.017383389881497877,False
2022-09-14,PRDS,Pardes Biosciences Inc,생명과학 및 메디컬 리서치,2.99,3.19,2.84,2.98,2.98,147600.0,-4.525041426742316,3.1633000000000004,5.470366666666666,7.223375004999999,-0.02763333333333362,-0.028799999999999937,0.4239285714285715,-0.2122999157540013,0.01287315670924075,-0.3766118839002349,0.21011823934948343,-0.018046060205133288,False
2022-09-15,PRDS,Pardes Biosciences Inc,생명과학 및 메디컬 리서치,2.95,3.105,2.49,2.53,2.53,212000.0,-17.919441969735995,3.1467,5.4061,7.1611750050000005,-0.0321333333333329,-0.03109999999999946,0.4221428571428572,-1.0659898477157363,-0.1244435266570779,-0.5204110460087591,0.18709010576758672,-0.022181562409756963,False
2022-09-16,PRDS,Pardes Biosciences Inc,생명과학 및 메디컬 리서치,2.57,2.683,2.22,2.29,2.29,708100.0,-24.771126702011927,3.1237,5.339166666666666,7.098925005,-0.03346666666666698,-0.03112500000000029,0.4195000000000001,-0.5721096543504165,-0.24348048032019717,-0.2037367407132939,-0.06965770393377414,-0.029783704404492243,False
2022-09-19,PRDS,Pardes Biosciences Inc,생명과학 및 메디컬 리서치,2.21,2.31,2.155,2.26,2.26,148200.0,-25.670020354483036,3.0975,5.2729,7.036975005,-0.03313333333333324,-0.030974999999999753,0.38485714285714284,-0.07795100222717215,-0.19998254756741068,-0.42183739945239607,-0.08146010157684584,-0.037691948102095835,False
2022-09-20,PRDS,Pardes Biosciences Inc,생명과학 및 메디컬 리서치,2.24,2.27,1.94,2.19,2.19,364000.0,-26.398473368468878,3.0749,5.212366666666667,6.976925004999999,-0.030266666666666442,-0.030025000000000635,0.38985714285714285,-0.17955294979846056,-0.22957065638613103,0.39355683286278775,-0.12113064400982224,-0.03128617202299811,False
2022-09-21,PRDS,Pardes Biosciences Inc,생명과학 및 메디컬 리서치,2.17,2.24,2.05,2.14,2.14,124000.0,-25.979909977428495,3.0519,5.158033333333334,6.923425005,-0.02716666666666656,-0.026749999999999385,0.37271428571428583,-0.13415101571483276,-0.23550922085609324,0.6831144344145326,-0.10428041349937087,-0.016340155000100474,False
2022-09-22,PRDS,Pardes Biosciences Inc,생명과학 및 메디컬 리서치,2.14,2.23,2.01,2.2,2.2,105200.0,-22.53942357501285,3.0299,5.113566666666666,6.877125005,-0.02223333333333377,-0.023150000000000226,0.3562857142857143,0.16840417000801938,-0.2322384528134566,0.572901258776143,-0.05848005625615556,-0.004724720985307536,False
2022-09-23,PRDS,Pardes Biosciences Inc,생명과학 및 메디컬 리서치,2.17,2.23,2.1,2.17,2.17,122000.0,-21.209804845887625,3.0095000000000005,5.0709,6.8327250049999995,-0.021333333333333204,-0.02220000000000022,0.34128571428571436,-0.08790288823775709,-0.24564862651548622,0.7335005965614589,-0.05870618968026997,-0.006007747590121376,False
2022-09-26,PRDS,Pardes Biosciences Inc,생명과학 및 메디컬 리서치,2.16,2.25,2.08,2.19,2.19,114900.0,-17.932252481530796,2.9857,5.0223,6.782675005,-0.024299999999999766,-0.025024999999999853,0.31485714285714295,0.06352087114337572,-0.160892954118575,0.5413732441419877,0.04316906023564458,-0.009793539901112739,False
2022-09-27,PRDS,Pardes Biosciences Inc,생명과학 및 메디컬 리서치,2.17,2.24,1.96,2.0,2.0,157000.0,-23.290127771374415,2.9593000000000003,4.979699999999999,6.732225005,-0.02130000000000054,-0.02522499999999983,0.3255714285714286,-0.5835892935498023,-0.20970294818937488,-0.48767849855902135,0.0747784969682748,-0.011117853332790131,False
2022-09-28,PRDS,Pardes Biosciences Inc,생명과학 및 메디컬 리서치,2.08,2.32,2.0,2.31,2.31,155400.0,-11.471990531550802,2.9365000000000006,4.9465,6.689675004999999,-0.016599999999999504,-0.0212750000000006,0.3291428571428572,0.9418402777777778,-0.16849746432307897,0.07715880723120838,0.0802840052070918,-0.011139442112364267,False
2022-09-29,PRDS,Pardes Biosciences Inc,생명과학 및 메디컬 리서치,2.26,2.355,1.978,1.99,1.99,137400.0,-20.150055056038184,2.9082999999999997,4.9123,6.648125005,-0.017100000000000115,-0.020774999999999544,0.3215714285714286,-0.9951132829853399,-0.17793556150003723,-0.0782405094050983,0.19660925952687966,-0.006108486788576768,False
2022-09-30,PRDS,Pardes Biosciences Inc,생명과학 및 메디컬 리서치,1.99,2.02,1.83,1.85,1.85,177300.0,-22.471920711873196,2.8781,4.875633333333333,6.603425005,-0.018333333333333535,-0.02234999999999987,0.2942857142857143,-0.47572815533980545,-0.22759558653301978,0.14600129765528008,0.23581513382618943,0.0007065147977641887,False
2022-10-03,PRDS,Pardes Biosciences Inc,생명과학 및 메디컬 리서치,1.85,1.92,1.71,1.75,1.75,161800.0,-26.05966190020593,2.8520999999999996,4.842633333333334,6.554125005,-0.016499999999999737,-0.02464999999999984,0.2857142857142857,-0.3500000000000003,-0.25433019191029643,-1.4713754540114,-0.02944893288620032,-0.006468366352774385,False
2022-10-04,PRDS,Pardes Biosciences Inc,생명과학 및 메디컬 리서치,1.81,1.83,1.695,1.78,1.78,253000.0,-25.0953133180318,2.8248999999999995,4.814500000000001,6.509825005,-0.01406666666666645,-0.022150000000000336,0.27035714285714285,0.11096433289299878,-0.23123988843551072,-1.1774533286387947,-0.08665189322466886,-0.01552577711748651,False
2022-10-05,PRDS,Pardes Biosciences Inc,생명과학 및 메디컬 리서치,1.71,1.73,1.65,1.66,1.66,70800.0,-27.94786232161237,2.7957,4.783166666666667,6.466175004999999,-0.015666666666666718,-0.021825000000000205,0.23571428571428577,-0.5090909090909095,-0.19146139281945168,-0.4224288893368066,-0.07965316774810083,-0.014653157294313832,False
2022-10-06,PRDS,Pardes Biosciences Inc,생명과학 및 메디컬 리서치,1.65,1.82,1.63,1.66,1.66,76800.0,-24.82312567706645,2.7679,4.751633333333333,6.423875005,-0.01576666666666693,-0.021149999999999558,0.21621428571428578,0.0,-0.15059641750870764,0.44107768248439877,-0.03359499466255135,-0.013495629467085794,False
2022-10-07,PRDS,Pardes Biosciences Inc,생명과학 및 메디컬 리서치,1.63,1.73,1.5,1.55,1.55,78500.0,-25.86944675192928,2.7387,4.7213,6.381625005,-0.01516666666666655,-0.02112500000000006,0.2215714285714286,-0.4964539007092192,-0.1804894816859967,0.6397133292887789,0.042230057390389715,-0.010261087821148592,False
2022-10-10,PRDS,Pardes Biosciences Inc,생명과학 및 메디컬 리서치,1.54,1.62,1.44,1.45,1.45,121800.0,-27.978128179764283,2.7113,4.689966666666667,6.338875005,-0.015666666666666718,-0.021374999999999922,0.2108571428571429,-0.4742547425474258,-0.20153960973949422,-0.17687635746338254,0.0014848295099489808,-0.020622376874128805,False
2022-10-11,PRDS,Pardes Biosciences Inc,생명과학 및 메디컬 리서치,1.46,1.58,1.46,1.5,1.5,125700.0,-22.483563686598895,2.6859,4.6582333333333334,6.297375005,-0.015866666666666696,-0.020750000000000046,0.2065714285714286,0.24204702627939162,-0.17466832102562108,0.5082647565081424,-0.01100443319765032,-0.0199224585399893,False
2022-10-12,PRDS,Pardes Biosciences Inc,생명과학 및 메디컬 리서치,1.5,1.545,1.395,1.44,1.44,106500.0,-22.814614343656757,2.6567000000000003,4.6250333333333336,6.251475005,-0.016599999999999948,-0.022950000000000248,0.20157142857142857,-0.2976612331679663,-0.20795870696676286,-0.16339931960795556,-0.06359733165365736,-0.015163086635949667,False
2022-10-13,PRDS,Pardes Biosciences Inc,생명과학 및 메디컬 리서치,1.4,1.61,1.4,1.5,1.5,131700.0,-19.789742785587084,2.6323000000000003,4.5934333333333335,6.202075005,-0.015800000000000036,-0.024699999999999722,0.20728571428571432,0.2894555478980016,-0.18100453295706584,-0.6995379834409217,-0.16595723022525596,-0.019861414844079713,False
2022-10-14,PRDS,Pardes Biosciences Inc,생명과학 및 메디컬 리서치,1.51,1.55,1.39,1.4,1.4,88300.0,-21.783961868301095,2.6028999999999995,4.562233333333333,6.140925004999999,-0.015600000000000058,-0.030575000000000685,0.20657142857142863,-0.48409405255878313,-0.22011988465007717,0.3993226557377434,-0.17610370082555912,-0.01963947300036741,False
2022-10-17,PRDS,Pardes Biosciences Inc,생명과학 및 메디컬 리서치,1.47,1.58,1.43,1.51,1.51,54300.0,-16.401014095956622,2.5726,4.5347,6.063375004999999,-0.013766666666666705,-0.03877499999999978,0.19942857142857148,0.551575931232092,-0.13903665430851334,-0.4049987370951883,-0.1701980035781425,-0.021167006595724507,False
2022-10-18,PRDS,Pardes Biosciences Inc,생명과학 및 메디컬 리서치,1.62,1.7,1.53,1.55,1.55,181200.0,-13.82874347483779,2.5402,4.505833333333333,5.989275,-0.014433333333333298,-0.03705000249999957,0.1901428571428572,0.2103681442524419,-0.19128466384603732,-0.21685007976867662,-0.19119863836384857,-0.018648952097091328,False
2022-10-19,PRDS,Pardes Biosciences Inc,생명과학 및 메디컬 리서치,1.56,1.644,1.42,1.46,1.46,94400.0,-16.828919895039874,2.5063999999999997,4.4699,5.9262250000000005,-0.017966666666666686,-0.0315249999999998,0.1792142857142858,-0.5021921084097252,-0.1560760085192077,-0.24107739719144217,-0.2028298446343017,-0.021405935600264187,False
2022-10-20,PRDS,Pardes Biosciences Inc,생명과학 및 메디컬 리서치,1.32,1.55,1.32,1.45,1.45,72700.0,-15.038719282111746,2.473,4.430233333333334,5.864074999999999,-0.019833333333333147,-0.031075000000000852,0.1820714285714286,-0.054923499411533974,-0.12601853309575972,0.25597243821460214,-0.19497476316577872,-0.02022861131613623,False
2022-10-21,PRDS,Pardes Biosciences Inc,생명과학 및 메디컬 리서치,1.53,1.53,1.35,1.4,1.4,84200.0,-17.98003018897727,2.4418,4.390233333333333,5.8077250000000005,-0.020000000000000462,-0.028174999999999173,0.17992857142857147,-0.2778880508138152,-0.12086767958246078,-1.1997732054744947,-0.17557460255599974,-0.024594157560046417,False
2022-10-24,PRDS,Pardes Biosciences Inc,생명과학 및 메디컬 리서치,1.37,1.55,1.37,1.51,1.51,119600.0,-10.593732728754723,2.4116,4.3485,5.7467250000000005,-0.02086666666666659,-0.03049999999999997,0.18314285714285722,0.6006240249609988,-0.08589198729188936,0.11152518614771822,-0.08350470864267742,-0.027153018754683515,False
2022-10-25,PRDS,Pardes Biosciences Inc,생명과학 및 메디컬 리서치,1.49,1.63,1.39,1.39,1.39,163300.0,-17.26609574655138,2.3822,4.3075,5.685875000000001,-0.02049999999999974,-0.030424999999999702,0.19100000000000006,-0.6282722513089009,-0.09440494030746018,-1.31591019855099,-0.14732480215797622,-0.030125766741857872,False
2022-10-26,PRDS,Pardes Biosciences Inc,생명과학 및 메디컬 리서치,1.42,1.51,1.29,1.3,1.3,252800.0,-19.440218937086396,2.3505999999999996,4.2665,5.6190750000000005,-0.020500000000000185,-0.03340000000000032,0.1931428571428572,-0.46597633136094585,-0.12768896397609916,-0.1494445791275082,-0.18950496370168388,-0.03443896624040527,False
2022-10-27,PRDS,Pardes Biosciences Inc,생명과학 및 메디컬 리서치,1.25,1.33,1.19,1.31,1.31,239000.0,-16.31174530185733,2.3198,4.224166666666667,5.551925,-0.021166666666666334,-0.033575000000000355,0.18671428571428578,0.05355776587605206,-0.0884024163628655,0.3269065676576181,-0.21184830381819533,-0.029393340535056798,False
2022-10-28,PRDS,Pardes Biosciences Inc,생명과학 및 메디컬 리서치,1.35,1.43,1.24,1.25,1.25,666200.0,-20.16575301197472,2.287,4.184366666666667,5.479975,-0.01990000000000025,-0.03597500000000009,0.18742857142857147,-0.3201219512195124,-0.07739293126801454,-1.3895699752392088,-0.29846927651646865,-0.03259396163720079,False
2022-10-31,PRDS,Pardes Biosciences Inc,생명과학 및 메디컬 리서치,1.3,1.35,1.14,1.2,1.2,134500.0,-21.154734021198006,2.2514,4.146966666666668,5.415925,-0.018699999999999495,-0.03202499999999997,0.1931428571428572,-0.25887573964497057,-0.11317312883404042,0.08236254957250899,-0.3288908627261567,-0.025230067477055862,False
2022-11-01,PRDS,Pardes Biosciences Inc,생명과학 및 메디컬 리서치,1.17,1.31,1.11,1.14,1.14,305400.0,-23.08711633480699,2.214,4.1081,5.351875,-0.019433333333333636,-0.03202499999999997,0.19671428571428576,-0.3050108932461876,-0.11369810455391335,-0.12376027927269673,-0.3260595027022097,-0.022419433184361577,False
2022-11-02,PRDS,Pardes Biosciences Inc,생명과학 및 메디컬 리서치,1.16,1.27,1.14,1.17,1.17,178800.0,-17.672660501835246,2.1762,4.0661,5.286425,-0.02100000000000035,-0.03272499999999967,0.19100000000000003,0.15706806282722524,-0.12315435348754024,1.3121648849375416,-0.18236644067517663,-0.02114157334855633,False
2022-11-03,PRDS,Pardes Biosciences Inc,생명과학 및 메디컬 리서치,1.15,1.27,1.11,1.25,1.25,235000.0,-9.822669511424154,2.141,4.0263,5.224774999999999,-0.019899999999999807,-0.030825000000000546,0.19100000000000003,0.41884816753926735,-0.05865848062339379,0.9264417307577929,-0.14471507817374452,-0.01946730705251745,False
2022-11-04,PRDS,Pardes Biosciences Inc,생명과학 및 메디컬 리서치,1.24,1.282,1.1,1.14,1.14,74900.0,-17.495828693950976,2.0976,3.9870999999999994,5.164875,-0.019600000000000284,-0.029949999999999477,0.19114285714285714,-0.5754857997010469,-0.13916288997576085,-1.2330621640397603,-0.2038624658126425,-0.02415871410448522,False
2022-11-07,PRDS,Pardes Biosciences Inc,생명과학 및 메디컬 리서치,1.14,1.17,1.1,1.14,1.14,80600.0,-17.128918058408438,2.0464,3.9427666666666665,5.102875,-0.022166666666666446,-0.03100000000000014,0.18257142857142858,0.0,-0.15418918599379242,-0.4865865210567129,-0.22312935447607368,-0.03054952698963877,False
2022-11-08,PRDS,Pardes Biosciences Inc,생명과학 및 메디컬 리서치,1.16,1.2,1.01,1.06,1.06,92200.0,-21.847984677606092,1.9988,3.8966333333333334,5.040425,-0.02306666666666657,-0.031225000000000058,0.1801428571428571,-0.4440919904837423,-0.15003917757050791,-0.727139790693677,-0.25784809686909044,-0.04364030667664968,False
2022-11-09,PRDS,Pardes Biosciences Inc,생명과학 및 메디컬 리서치,1.09,1.24,1.04,1.19,1.19,367700.0,-9.31236029692557,1.952,3.8485,4.981375,-0.02406666666666668,-0.029525000000000023,0.178,0.7303370786516848,-0.093949136280278,1.782493897879207,-0.1488108497501901,-0.04093844979172168,False
2022-11-10,PRDS,Pardes Biosciences Inc,생명과학 및 메디컬 리서치,1.22,1.38,1.14,1.19,1.19,307400.0,-12.729928508635513,1.9056,3.802633333333333,4.927175,-0.022933333333333472,-0.027099999999999902,0.18228571428571425,0.0,-0.07409998979357692,-2.5130228780626815,-0.24261439779220345,-0.052166017147136576,False
2022-11-11,PRDS,Pardes Biosciences Inc,생명과학 및 메디컬 리서치,1.31,1.33,1.08,1.12,1.12,207900.0,-17.29291043974992,1.8568,3.7561000000000004,4.878675,-0.023266666666666325,-0.024249999999999883,0.18728571428571428,-0.37376048817696333,-0.14369888358914565,-0.820694293827229,-0.30920150350469966,-0.059297190334402027,False
2022-11-14,PRDS,Pardes Biosciences Inc,생명과학 및 메디컬 리서치,1.19,1.19,1.04,1.09,1.09,78000.0,-17.131850759504808,1.8066,3.7114999999999996,4.831424999999999,-0.02230000000000043,-0.02362500000000045,0.18085714285714286,-0.165876777251185,-0.11067063544216593,0.27528542935057126,-0.19554467294030245,-0.0625277449940999,False
2022-11-15,PRDS,Pardes Biosciences Inc,생명과학 및 메디컬 리서치,1.09,1.2,1.09,1.15,1.15,163900.0,-11.616087135925435,1.767,3.6667666666666667,4.781325,-0.022366666666666424,-0.025049999999999795,0.173,0.34682080924855396,-0.05261369682720166,-0.07444833221843661,-0.19018779816108305,-0.06542531025712466,False
2022-11-16,PRDS,Pardes Biosciences Inc,생명과학 및 메디컬 리서치,1.13,1.15,1.1,1.12,1.12,32900.0,-11.685611236392878,1.726,3.6171,4.730325000000001,-0.024833333333333263,-0.025499999999999634,0.1665714285714285,-0.18010291595197145,-0.06930374552920333,0.22905255802644728,-0.19717737027759524,-0.0656801939704219,False
2022-11-17,PRDS,Pardes Biosciences Inc,생명과학 및 메디컬 리서치,1.14,1.22,1.01,1.02,1.02,72200.0,-17.55747141134252,1.68,3.5683000000000002,4.683425000000001,-0.024399999999999977,-0.02344999999999997,0.16799999999999995,-0.5952380952380959,-0.08895489867338788,-0.436881700496436,-0.12912820779596862,-0.07191250842443682,False
2022-11-18,PRDS,Pardes Biosciences Inc,생명과학 및 메디컬 리서치,1.06,1.123,1.04,1.06,1.06,55000.0,-13.267425813592293,1.6418000000000001,3.5233,4.634175,-0.022500000000000187,-0.02462500000000034,0.1603571428571428,0.24944320712694906,-0.0526464024753936,0.007623951545370711,-0.13446667908362134,-0.06674554152418716,False
2022-11-21,PRDS,Pardes Biosciences Inc,생명과학 및 메디컬 리서치,1.08,1.12,1.01,1.01,1.01,81000.0,-15.080881464810748,1.6007999999999998,3.476033333333333,4.584975,-0.023633333333333395,-0.024599999999999955,0.1539285714285714,-0.3248259860788867,-0.05406176624915783,-0.11973875434646755,-0.1341794273031764,-0.06304289151696198,False
2022-11-22,PRDS,Pardes Biosciences Inc,생명과학 및 메디컬 리서치,1.02,1.085,1.01,1.03,1.03,41800.0,-13.074066685872488,1.56,3.4297000000000004,4.534225,-0.023166666666666336,-0.025374999999999925,0.14999999999999994,0.1333333333333335,-0.055757104070150096,-0.6396986859219396,-0.27359825379313935,-0.06643069527353204,False
2022-11-23,PRDS,Pardes Biosciences Inc,생명과학 및 메디컬 리서치,1.049,1.06,1.01,1.04,1.04,37600.0,-11.533646210782866,1.5212,3.3882333333333334,4.483075,-0.020733333333333492,-0.025574999999999903,0.1421428571428571,0.07035175879396993,-0.08064970469481421,-0.2804509008844745,-0.3598048703390156,-0.0682186009074751,False
2022-11-25,PRDS,Pardes Biosciences Inc,생명과학 및 메디컬 리서치,1.05,1.055,0.955,0.985,0.985,59600.0,-14.736398506211156,1.4903,3.348733333333333,4.42715,-0.019750000000000156,-0.027962500000000112,0.13628571428571426,-0.4035639412997908,-0.06836957195186734,-0.38523747766683464,-0.29924596416952093,-0.07875740493119315,False
2022-11-28,PRDS,Pardes Biosciences Inc,생명과학 및 메디컬 리서치,0.991,1.04,0.95,0.987,0.987,62900.0,-12.129332481761857,1.4642399999999998,3.3050466666666667,4.370435,-0.021843333333333215,-0.028357500000000258,0.13771428571428568,0.014522821576763502,-0.06733222755352708,0.9905650804676677,-0.193735135489208,-0.07573552552445184,False
2022-11-29,PRDS,Pardes Biosciences Inc,생명과학 및 메디컬 리서치,1.02,1.02,0.75,0.85,0.85,1042500.0,-22.911335743417126,1.4360400000000002,3.2622466666666665,4.3136849999999995,-0.021400000000000086,-0.02837500000000004,0.1434285714285714,-0.9551792828685262,-0.10383846272386878,-0.8522048075118361,-0.20266835097621935,-0.08897140174594542,False
2022-11-30,PRDS,Pardes Biosciences Inc,생명과학 및 메디컬 리서치,0.81,0.97,0.8,0.9,0.9,161900.0,-19.745978147638954,1.41024,3.2201133333333334,4.261835,-0.021066666666666567,-0.025924999999999976,0.14128571428571426,0.3538928210313452,-0.13072733826817876,-1.519036106414554,-0.43849192271148807,-0.09790194261879018,False
2022-12-01,PRDS,Pardes Biosciences Inc,생명과학 및 메디컬 리서치,0.908,1.05,0.89,1.03,1.03,110700.0,-7.084620617188875,1.38804,3.1769800000000004,4.215535,-0.021566666666666512,-0.023149999999999782,0.13557142857142854,0.9589041095890414,-0.06223418758324722,1.024511596440213,-0.18581088881842414,-0.08544239526454656,False
2022-12-02,PRDS,Pardes Biosciences Inc,생명과학 및 메디컬 리서치,1.05,1.12,1.01,1.09,1.09,172300.0,-0.30186139973175097,1.36584,3.1347133333333335,4.176635,-0.02113333333333345,-0.019449999999999967,0.12557142857142856,0.4778156996587036,-0.0014073170235567312,0.5684104764738992,-0.08658911951120067,-0.09218222178338614,False
2022-12-05,PRDS,Pardes Biosciences Inc,생명과학 및 메디컬 리서치,1.09,1.15,1.02,1.1,1.1,100300.0,2.9687377144319127,1.3444399999999999,3.0921133333333333,4.139285,-0.021300000000000097,-0.018674999999999997,0.12414285714285712,0.08055235903337178,0.016194764139625895,1.376266618549441,-0.007947605996995717,-0.08190365004314301,False
2022-12-06,PRDS,Pardes Biosciences Inc,생명과학 및 메디컬 리서치,1.24,1.4,1.11,1.13,1.13,312800.0,7.579124320871733,1.3232400000000002,3.049846666666667,4.097535000000001,-0.021133333333333226,-0.020874999999999755,0.1377142857142857,0.21784232365145087,0.006982015168404247,1.2322267387495338,0.0853863276435736,-0.07204541291246959,False
2022-12-07,PRDS,Pardes Biosciences Inc,생명과학 및 메디컬 리서치,1.12,1.16,1.07,1.11,1.11,75600.0,5.767822893759722,1.3054400000000002,3.0091799999999997,4.061135,-0.020333333333333536,-0.018200000000000216,0.14057142857142854,-0.14227642276422622,0.009683907538957476,-0.012558542113784849,0.06812839191927131,-0.061279049169487766,False
2022-12-08,PRDS,Pardes Biosciences Inc,생명과학 및 메디컬 리서치,1.07,1.24,1.07,1.14,1.14,120500.0,8.421630482221243,1.28204,2.9695133333333334,4.030385,-0.019833333333333147,-0.015375000000000139,0.1377142857142857,0.21784232365145087,0.06776108031678224,-0.31311872933810725,0.07696860414486621,-0.07166726732728351,False
2022-12-09,PRDS,Pardes Biosciences Inc,생명과학 및 메디컬 리서치,1.131,1.24,1.131,1.2,1.2,75700.0,14.881599729913365,1.26624,2.9305133333333333,4.000785,-0.019500000000000073,-0.014800000000000146,0.13814285714285712,0.43433298862461267,0.08096749328090105,0.9569936172625979,0.1447807231246682,-0.06628055254355383,False
2022-12-12,PRDS,Pardes Biosciences Inc,생명과학 및 메디컬 리서치,1.19,1.23,1.14,1.15,1.15,166600.0,8.388064856266752,1.2522399999999998,2.8934466666666667,3.969785,-0.01853333333333329,-0.015499999999999847,0.1367142857142857,-0.36572622779519365,0.078046047444022,-1.3432459216724577,0.057387354029954575,-0.07937394095625352,False
2022-12-13,PRDS,Pardes Biosciences Inc,생명과학 및 메디컬 리서치,1.17,1.33,1.17,1.19,1.19,179800.0,10.91668107249597,1.24104,2.86258,3.942235,-0.01543333333333341,-0.01377499999999987,0.1442142857142857,0.27736503219415576,0.08833402593408073,-0.19670303509353226,0.08902990051769796,-0.07140310648764371,False
2022-12-14,PRDS,Pardes Biosciences Inc,생명과학 및 메디컬 리서치,1.2,1.502,1.152,1.3,1.3,375700.0,21.06178443554432,1.23144,2.83738,3.9187350000000003,-0.012599999999999945,-0.011749999999999927,0.16564285714285715,0.6640793445450631,0.13074313920201597,1.037538945026613,0.18317203236848995,-0.06103092756810194,False
2022-12-15,PRDS,Pardes Biosciences Inc,생명과학 및 메디컬 리서치,1.26,1.26,1.13,1.16,1.16,286600.0,10.480198286135668,1.22144,2.8101133333333332,3.892735,-0.013633333333333386,-0.013000000000000123,0.17064285714285715,-0.820426956885727,0.10096720951730623,0.5533994005556289,0.2502175236700945,-0.05935930527043932,False
2022-12-16,PRDS,Pardes Biosciences Inc,생명과학 및 메디컬 리서치,1.13,1.32,1.13,1.23,1.23,1605200.0,17.14452969998741,1.2128400000000001,2.7780466666666666,3.8669350000000002,-0.016033333333333344,-0.012899999999999912,0.1777857142857143,0.39373242265970304,0.12805360959465906,0.9938927351951479,0.2504552132934859,-0.055463940278761135,False
2022-12-19,PRDS,Pardes Biosciences Inc,생명과학 및 메디컬 리서치,1.26,1.35,1.055,1.06,1.06,405400.0,1.6785480762647076,1.20304,2.74718,3.841735,-0.015433333333333188,-0.012600000000000167,0.17957142857142858,-0.9466984884645978,0.12865938062351107,-0.4740635337258546,0.2774653042781989,-0.05602605664347807,False
2022-12-20,PRDS,Pardes Biosciences Inc,생명과학 및 메디컬 리서치,1.04,1.14,0.94,1.14,1.14,2278700.0,8.393548208119729,1.1968400000000001,2.715246666666667,3.816685,-0.015966666666666685,-0.012524999999999897,0.18171428571428574,0.4402515723270431,0.13482786285891807,0.3805682110897042,0.4131513269570744,-0.051332151390219224,False
2022-12-21,PRDS,Pardes Biosciences Inc,생명과학 및 메디컬 리서치,1.14,1.21,1.0,1.21,1.21,3087600.0,12.248035838837312,1.19104,2.68418,3.7914350000000003,-0.015533333333333399,-0.012624999999999886,0.1852857142857143,0.3777949113338476,0.0933200629835471,-0.46174991625189615,0.30698979033620954,-0.06295284651073038,False
2022-12-22,PRDS,Pardes Biosciences Inc,생명과학 및 메디컬 리서치,1.12,1.303,1.12,1.25,1.25,143400.0,16.221050905101443,1.1872399999999999,2.654446666666667,3.7655849999999997,-0.014866666666666584,-0.012925000000000297,0.19049999999999997,0.20997375328084011,0.07418849538512828,0.9887476831040116,0.3370138765240747,-0.05600373747899321,False
2022-12-23,PRDS,Pardes Biosciences Inc,생명과학 및 메디컬 리서치,1.07,1.55,1.07,1.53,1.53,313100.0,37.67463931326465,1.18784,2.622913333333333,3.7420349999999996,-0.01576666666666693,-0.011775000000000091,0.2155,1.2993039443155454,0.1612421800481407,0.9752990419476903,0.30837333533823535,-0.05543776691529358,False
2022-12-27,PRDS,Pardes Biosciences Inc,생명과학 및 메디컬 리서치,1.6,1.6,1.4,1.44,1.44,106000.0,27.304945423239914,1.1886400000000001,2.5901133333333335,3.7188350000000003,-0.016399999999999748,-0.01159999999999961,0.2083571428571429,-0.43195063421323304,0.11482839734352042,-0.1948860397266989,0.20643670830421873,-0.0537008162693528,False
2022-12-28,PRDS,Pardes Biosciences Inc,생명과학 및 메디컬 리서치,1.43,1.47,1.4,1.42,1.42,44300.0,23.70220229006794,1.18684,2.55838,3.697735,-0.015866666666666696,-0.01055000000000006,0.20692857142857152,-0.09665170866413536,0.11808730549352688,0.5801537399135157,0.24877329987759736,-0.049658728381374286,False
2022-12-29,PRDS,Pardes Biosciences Inc,생명과학 및 메디컬 리서치,1.46,1.63,1.42,1.58,1.58,119700.0,31.173873287112762,1.18744,2.5273133333333333,3.676235,-0.015533333333333399,-0.010750000000000037,0.20978571428571438,0.7626830098740215,0.15700449736656763,-0.17448142446981496,0.2586759645110468,-0.04915529414238841,False
2022-12-30,PRDS,Pardes Biosciences Inc,생명과학 및 메디컬 리서치,1.54,1.72,1.539,1.69,1.69,75100.0,36.57197412273254,1.19204,2.501113333333333,3.650435,-0.013100000000000112,-0.012900000000000134,0.21492857142857152,0.5117979395147881,0.16253770814443733,0.6498489757708676,0.2367370615473518,-0.03285467241268483,False
2023-01-03,PRDS,Pardes Biosciences Inc,생명과학 및 메디컬 리서치,1.76,1.9,1.64,1.81,1.81,244000.0,42.31731263157093,1.19924,2.474646666666666,3.622485,-0.01323333333333343,-0.013974999999999849,0.22707142857142862,0.5284680717206672,0.22640872953842736,0.739373738903107,0.3854956087313207,-0.023249377575389554,False
2023-01-04,PRDS,Pardes Biosciences Inc,생명과학 및 메디컬 리서치,1.9,2.1,1.83,2.03,2.03,211100.0,52.643019354014896,1.21184,2.45058,3.5956349999999997,-0.012033333333333118,-0.013425000000000242,0.23492857142857146,0.9364548494983266,0.27348657363158246,0.5188869266578344,0.4366091774278469,-0.019696302035935698,False
2023-01-05,PRDS,Pardes Biosciences Inc,생명과학 및 메디컬 리서치,2.02,2.07,1.8,1.93,1.93,162200.0,42.296609885890724,1.2202399999999998,2.42518,3.566435,-0.012699999999999934,-0.014599999999999946,0.22921428571428576,-0.4362729822374565,0.19488997886140247,0.23988559289492173,0.37963393798986894,-0.021785099440387815,False
2023-01-06,PRDS,Pardes Biosciences Inc,생명과학 및 메디컬 리서치,1.95,2.31,1.81,2.22,2.22,160700.0,53.8089277291778,1.2368400000000002,2.4023133333333333,3.539835,-0.011433333333333406,-0.013299999999999867,0.25278571428571434,1.1472167278892351,0.33543595634532836,-0.18908725132473014,0.3265991771412718,-0.016385003181907287,False
2023-01-09,PRDS,Pardes Biosciences Inc,생명과학 및 메디컬 리서치,2.2,2.32,2.13,2.13,2.13,126200.0,42.68790899279977,1.2534399999999999,2.3801133333333335,3.513235,-0.011099999999999888,-0.01330000000000009,0.2527857142857143,-0.35603277762079805,0.28188129918243543,-0.3097055648506323,0.23348501285228757,-0.020074897549066655,False
2023-01-10,PRDS,Pardes Biosciences Inc,생명과학 및 메디컬 리서치,2.14,2.34,1.9,2.03,2.03,1190700.0,31.398729088574328,1.2678399999999999,2.35578,3.4850849999999998,-0.012166666666666659,-0.01407500000000006,0.2631428571428572,-0.3800217155266018,0.32235821153514943,-0.8066381492992742,0.20972968316847185,-0.02818144906094968,False
2023-01-11,PRDS,Pardes Biosciences Inc,생명과학 및 메디컬 리서치,2.03,2.065,1.98,2.01,2.01,66500.0,24.994624175519075,1.28304,2.335846666666667,3.459035,-0.00996666666666668,-0.013024999999999842,0.25492857142857145,-0.0784533482768283,0.28530786006344433,-0.8622771820343443,0.12095501223103981,-0.021267962099880206,False
2023-01-12,PRDS,Pardes Biosciences Inc,생명과학 및 메디컬 리서치,2.0,2.0,1.67,1.74,1.74,200000.0,5.99401272942961,1.29384,2.3127133333333334,3.4336849999999997,-0.011566666666666725,-0.012675000000000214,0.2642142857142857,-1.0218978102189775,0.1853298085239568,-1.234841830835651,0.06573416118934307,-0.036098235793582484,False
2023-01-13,PRDS,Pardes Biosciences Inc,생명과학 및 메디컬 리서치,1.76,2.223,1.74,2.0,2.0,222500.0,18.828205989016023,1.3110400000000002,2.2933133333333333,3.408835,-0.009700000000000042,-0.012424999999999908,0.28564285714285714,0.9102275568892223,0.23534793735312692,0.6429248151530063,0.04103252776427125,-0.03507075548888724,False
2023-01-17,PRDS,Pardes Biosciences Inc,생명과학 및 메디컬 리서치,1.92,2.0,1.84,1.85,1.85,151200.0,8.012362047610022,1.32464,2.2740466666666665,3.3807349999999996,-0.009633333333333383,-0.014050000000000118,0.26278571428571423,-0.5708072845882031,0.10176856386000208,-0.4314658702344416,-0.059450680248738175,-0.0445299069576449,False
2023-01-18,PRDS,Pardes Biosciences Inc,생명과학 및 메디컬 리서치,1.85,1.92,1.66,1.695,1.695,106400.0,-0.7692894722541754,1.33354,2.259346666666667,3.3531100000000005,-0.007349999999999746,-0.013812499999999561,0.2670714285714285,-0.5803690826424179,0.0911672461150603,0.4191120570718898,-0.015593673334553264,-0.041641977194253436,False
2023-01-19,PRDS,Pardes Biosciences Inc,생명과학 및 메디컬 리서치,1.67,1.76,1.6,1.76,1.76,72500.0,1.7949445485038629,1.34594,2.2434133333333333,3.32681,-0.0079666666666669,-0.013150000000000217,0.27349999999999997,0.23765996343692855,0.11504665126513629,0.7344148264236697,-0.004575024298113691,-0.04093808189242997,False
2023-01-20,PRDS,Pardes Biosciences Inc,생명과학 및 메디컬 리서치,1.77,2.04,1.76,1.98,1.98,190400.0,9.913092083246756,1.36274,2.22848,3.2977600000000002,-0.0074666666666667325,-0.014524999999999899,0.27849999999999997,0.7899461400359067,0.11699401770527094,-0.4308138124488461,-0.0228844805823302,-0.040796908000696984,False
2023-01-23,PRDS,Pardes Biosciences Inc,생명과학 및 메디컬 리서치,1.97,2.04,1.75,1.86,1.86,233000.0,0.37119289559650603,1.3787399999999999,2.21088,3.26716,-0.008799999999999919,-0.015300000000000091,0.2862857142857142,-0.41916167664670634,0.05049690226516418,-1.1834187639850147,-0.15383217627917894,-0.06080154569674542,False
2023-01-24,PRDS,Pardes Biosciences Inc,생명과학 및 메디컬 리서치,1.9,1.95,1.809,1.85,1.85,176500.0,-1.5235418768890452,1.39194,2.1906800000000004,3.2343599999999997,-0.010099999999999776,-0.016400000000000192,0.27778571428571425,-0.035998971457958384,0.010177827752405213,0.013154054876139923,-0.20570501085253373,-0.06494390494030933,False
2023-01-25,PRDS,Pardes Biosciences Inc,생명과학 및 메디컬 리서치,1.83,1.875,1.7,1.78,1.78,91400.0,-5.688862014728768,1.40374,2.1702133333333333,3.20291,-0.010233333333333539,-0.015724999999999767,0.2695714285714285,-0.25967143614202465,-0.07525976407904844,-0.24732474909205301,-0.26043441626324,-0.06010002597759017,False
2023-01-26,PRDS,Pardes Biosciences Inc,생명과학 및 메디컬 리서치,1.77,1.84,1.67,1.71,1.71,103700.0,-10.812031385789512,1.41554,2.1516133333333336,3.17096,-0.009299999999999864,-0.015975000000000072,0.2624285714285714,-0.2667392487751772,-0.06315021168888564,-1.0165510721177613,-0.3501798923355745,-0.06296725899089722,False
2023-01-27,PRDS,Pardes Biosciences Inc,생명과학 및 메디컬 리서치,1.7,1.942,1.66,1.83,1.83,401300.0,-5.533262031355413,1.4303400000000002,2.135013333333333,3.1412099999999996,-0.008300000000000196,-0.014875000000000194,0.24685714285714283,0.4861111111111116,-0.11037204145875158,0.30261328524843945,-0.3150584254374909,-0.05624274461909536,False
2023-01-30,PRDS,Pardes Biosciences Inc,생명과학 및 메디컬 리서치,1.8,1.83,1.77,1.8,1.8,57900.0,-6.230899461611061,1.44334,2.1239466666666664,3.1109099999999996,-0.00553333333333339,-0.015149999999999997,0.23757142857142857,-0.12627781118460624,-0.09396097242759505,0.8363668217793351,-0.23319611210677893,-0.033185194209638946,False
2023-01-31,PRDS,Pardes Biosciences Inc,생명과학 및 메디컬 리서치,1.79,2.67,1.79,2.07,2.07,434300.0,5.5315563106989485,1.4623399999999998,2.1177466666666667,3.07841,-0.0030999999999998806,-0.016249999999999876,0.269,1.0037174721189583,0.004877540975659241,-0.046030183279158976,-0.17886697167677074,-0.02930872653031248,False
2023-02-01,PRDS,Pardes Biosciences Inc,생명과학 및 메디컬 리서치,2.05,2.125,2.03,2.08,2.08,76300.0,4.6005213625596175,1.4835399999999999,2.11268,3.04711,-0.0025333333333332764,-0.015649999999999942,0.26971428571428574,0.03707627118644153,0.013129656651607091,-0.6684519726680502,-0.16502231386489258,-0.03719526510613851,False
2023-02-02,PRDS,Pardes Biosciences Inc,생명과학 및 메디컬 리서치,2.13,2.25,1.85,2.01,2.01,138700.0,0.09267024974584093,1.50254,2.1060133333333333,3.0181100000000005,-0.0033333333333334103,-0.014499999999999735,0.27399999999999997,-0.2554744525547456,0.06787418219905221,-1.2393958301284178,-0.16534759952866165,-0.04777403199158648,False
2023-02-03,PRDS,Pardes Biosciences Inc,생명과학 및 메디컬 리서치,2.0,2.0,1.87,1.915,1.915,51700.0,-3.198453083495878,1.5206400000000002,2.0983133333333335,2.987185,-0.003849999999999909,-0.015462500000000157,0.2495,-0.3807615230460912,-0.024339323510613013,0.3203124026271748,-0.18839134328050675,-0.0487469949952681,False
2023-02-06,PRDS,Pardes Biosciences Inc,생명과학 및 메디컬 리서치,1.9,1.92,1.85,1.89,1.89,63200.0,-2.751324260752064,1.53784,2.0901133333333335,2.956735,-0.0040999999999999925,-0.015225000000000044,0.24307142857142858,-0.10285042609462294,0.009086166381785568,0.3028293513659347,-0.13594168459476558,-0.044533601075938546,False
2023-02-07,PRDS,Pardes Biosciences Inc,생명과학 및 메디컬 리서치,1.9,1.9,1.85,1.88,1.88,98000.0,-3.5179127023309387,1.55464,2.0797133333333333,2.9298349999999997,-0.0052000000000000934,-0.013450000000000184,0.22807142857142854,-0.04384591293454436,0.04740924993234797,-0.888508159488226,-0.22934312863477385,-0.05469098098488518,False
2023-02-08,PRDS,Pardes Biosciences Inc,생명과학 및 메디컬 리서치,1.87,1.9,1.76,1.78,1.78,219700.0,-6.772766725829349,1.57054,2.0691800000000002,2.904185,-0.005266666666666531,-0.012824999999999864,0.2266428571428571,-0.44122281752284853,-0.0010823772790646796,0.28773834180155233,-0.26124859182206794,-0.05047609257403899,False
2023-02-09,PRDS,Pardes Biosciences Inc,생명과학 및 메디컬 리서치,1.77,1.77,1.62,1.67,1.67,145400.0,-10.820217013923095,1.5842,2.0573799999999998,2.874835,-0.005900000000000238,-0.014674999999999994,0.21807142857142853,-0.5044218801179173,-0.09353723586148067,0.06268791419467734,-0.2259984684903877,-0.046684694350003456,False
2023-02-10,PRDS,Pardes Biosciences Inc,생명과학 및 메디컬 리서치,1.7,1.71,1.59,1.63,1.63,91000.0,-12.782416993889544,1.5997999999999999,2.044446666666667,2.846635,-0.0064666666666663986,-0.014100000000000001,0.20592857142857138,-0.19424210891432558,-0.07747155245202493,-0.3395106480512783,-0.1657193173522637,-0.05134473669068404,False
2023-02-13,PRDS,Pardes Biosciences Inc,생명과학 및 메디컬 리서치,1.61,1.733,1.56,1.62,1.62,98100.0,-13.268320006925904,1.6142,2.033113333333333,2.818635,-0.005666666666666931,-0.014000000000000012,0.20821428571428566,-0.04802744425385834,-0.07833072908030349,-0.7949096698413505,-0.22343815483208443,-0.05648583277922364,False
2023-02-14,PRDS,Pardes Biosciences Inc,생명과학 및 메디컬 리서치,1.59,1.66,1.46,1.54,1.54,133400.0,-16.686567450458924,1.6244,2.0214466666666664,2.7888349999999997,-0.005833333333333357,-0.014900000000000135,0.20999999999999996,-0.3809523809523814,-0.08699365370961468,-0.36232774386135663,-0.23165265445846325,-0.06168021954209168,False
2023-02-15,PRDS,Pardes Biosciences Inc,생명과학 및 메디컬 리서치,1.52,1.64,1.43,1.62,1.62,84300.0,-12.199833495905354,1.635,2.0102466666666667,2.759785,-0.005599999999999827,-0.014524999999999899,0.2128571428571428,0.3758389261744971,-0.04109521264178081,0.19082062648745685,-0.14541181884380486,-0.062180222486478,False
2023-02-16,PRDS,Pardes Biosciences Inc,생명과학 및 메디컬 리서치,1.59,1.71,1.57,1.67,1.67,42500.0,-7.777288340088329,1.6464,2.000113333333333,2.730685,-0.005066666666666775,-0.014550000000000063,0.20271428571428565,0.24665257223396678,-0.05819939399014829,1.155948264274801,-0.08445932034192187,-0.05353198002186146,False
2023-02-17,PRDS,Pardes Biosciences Inc,생명과학 및 메디컬 리서치,1.68,1.79,1.6,1.72,1.72,111700.0,-3.919680517514379,1.6582,1.9890466666666664,2.7019349999999998,-0.00553333333333339,-0.014375000000000027,0.21199999999999994,0.23584905660377387,-0.032333189148121146,0.41843097198987667,-0.11431188104116888,-0.04799142826250788,False
2023-02-21,PRDS,Pardes Biosciences Inc,생명과학 및 메디컬 리서치,1.69,1.69,1.57,1.6,1.6,63800.0,-8.141613185602026,1.668,1.97758,2.6738850000000003,-0.005733333333333257,-0.014024999999999732,0.15985714285714275,-0.750670241286863,-0.15764659724853697,0.5316960321883767,-0.07304572279348778,-0.045890069300319525,False
2023-02-22,PRDS,Pardes Biosciences Inc,생명과학 및 메디컬 리서치,1.63,1.66,1.6,1.61,1.61,36500.0,-6.810752332665282,1.6773999999999998,1.9653133333333335,2.646485,-0.006133333333333213,-0.013700000000000045,0.15735714285714275,0.06354970494779856,-0.1557556376941543,0.17078229076025866,-0.013100418262894287,-0.03829345048235378,False
2023-02-23,PRDS,Pardes Biosciences Inc,생명과학 및 메디컬 리서치,1.64,1.84,1.54,1.57,1.57,214500.0,-9.062528991088936,1.6847999999999999,1.9531133333333337,2.619085,-0.006099999999999883,-0.013700000000000045,0.15021428571428563,-0.26628625772705694,-0.15652790949217654,-0.6366178901662891,0.02995514887725776,-0.03907087069576276,False
2023-02-24,PRDS,Pardes Biosciences Inc,생명과학 및 메디컬 리서치,1.57,1.57,1.4,1.475,1.475,131500.0,-13.154665328557513,1.6913,1.9405466666666666,2.59291,-0.0062833333333335295,-0.01308750000000014,0.1523571428571428,-0.6235349273323957,-0.1738688669411983,0.10334461441059772,0.014457449718930827,-0.033658765520139834,False
2023-02-27,PRDS,Pardes Biosciences Inc,생명과학 및 메디컬 리서치,1.47,1.51,1.47,1.485,1.485,47900.0,-12.045670966326249,1.6972,1.9301133333333333,2.5712349999999997,-0.005216666666666647,-0.010837500000000055,0.15021428571428566,0.06657156443176424,-0.16176729618931351,-0.141913327987336,-0.017309884520588507,-0.030105230914313386,False
2023-02-28,PRDS,Pardes Biosciences Inc,생명과학 및 메디컬 리서치,1.49,1.49,1.39,1.41,1.41,227700.0,-15.306009037519086,1.6994,1.9185800000000002,2.552885,-0.005766666666666587,-0.009174999999999933,0.15378571428571425,-0.4876915931258722,-0.19347055906012262,-0.26486527570945106,0.02723603574932399,-0.03382349642668123,False
2023-03-01,PRDS,Pardes Biosciences Inc,생명과학 및 메디컬 리서치,1.412,1.8,1.41,1.65,1.65,157900.0,0.6632006478233698,1.7091999999999998,1.9087800000000001,2.534885,-0.0049000000000000155,-0.008999999999999897,0.17164285714285715,1.3982521847690386,-0.06207948746784499,1.7531902439585554,0.13191117161768134,-0.02616242022825064,False
2023-03-02,PRDS,Pardes Biosciences Inc,생명과학 및 메디컬 리서치,1.67,1.73,1.5,1.56,1.56,73600.0,-4.23796749819807,1.7158000000000002,1.8988466666666666,2.512485,-0.004966666666666786,-0.011200000000000099,0.17664285714285713,-0.5095026283865742,-0.062442398058463335,-1.0952507812396743,0.04920126480094195,-0.022009614119413535,False
2023-03-03,PRDS,Pardes Biosciences Inc,생명과학 및 메디컬 리서치,1.56,1.6,1.46,1.54,1.54,73500.0,-5.814327567967814,1.7254000000000003,1.8890466666666668,2.4917350000000003,-0.004899999999999904,-0.010374999999999801,0.17807142857142857,-0.11231448054552758,-0.05659042460354919,-1.3132706489067698,-0.020353020974450305,-0.02527547277336305,False
2023-03-06,PRDS,Pardes Biosciences Inc,생명과학 및 메디컬 리서치,1.62,1.63,1.44,1.47,1.47,58900.0,-9.033537476535713,1.7320000000000002,1.8800466666666666,2.469435,-0.0045000000000000595,-0.011150000000000215,0.1792857142857143,-0.3904382470119525,-0.0810483390862702,-0.44339907885889784,0.004754878381439168,-0.017983195648422306,False
2023-03-07,PRDS,Pardes Biosciences Inc,생명과학 및 메디컬 리서치,1.46,1.78,1.34,1.36,1.36,172800.0,-13.242003334733743,1.735,1.8706466666666666,2.446885,-0.0047000000000000375,-0.011274999999999924,0.19642857142857142,-0.5599999999999994,-0.09383745473252862,0.6142003477887781,0.07450688492787737,-0.01357978049949306,False
2023-03-08,PRDS,Pardes Biosciences Inc,생명과학 및 메디컬 리서치,1.35,1.59,1.35,1.53,1.53,290900.0,-1.6822755747262108,1.7406,1.8615133333333331,2.425985,-0.004566666666666719,-0.01045000000000007,0.1985714285714286,0.8561151079136686,-0.059532013179730656,0.7474078003160325,0.11426311162991849,-0.014790166334725564,False
2023-03-09,PRDS,Pardes Biosciences Inc,생명과학 및 메디컬 리서치,1.63,1.68,1.37,1.38,1.38,57000.0,-8.716021836503652,1.7375999999999998,1.8525799999999997,2.401585,-0.00446666666666673,-0.012199999999999989,0.21071428571428572,-0.7118644067796617,-0.1279975116807041,0.615300985524767,0.07564544886205891,-1.3980665589690134e-05,False
2023-03-10,PRDS,Pardes Biosciences Inc,생명과학 및 메디컬 리서치,1.39,1.43,1.28,1.31,1.31,68400.0,-11.269290440188628,1.735,1.84218,2.376335,-0.005199999999999871,-0.012624999999999886,0.20785714285714282,-0.3367697594501711,-0.16889885568455734,0.6287173841331062,0.0906659068722896,-0.00011311839541017517,False
2023-03-13,PRDS,Pardes Biosciences Inc,생명과학 및 메디컬 리서치,1.39,1.43,1.28,1.31,1.31,68400.0,-10.447221671586526,1.7328000000000001,1.8307466666666665,2.351985,-0.005716666666666703,-0.012175000000000047,0.20785714285714282,0.0,-0.1152795527354957,0.09776150141489666,0.05967058324561246,-0.004184899915632534,True
2023-03-14,PRDS,Pardes Biosciences Inc,생명과학 및 메디컬 리서치,1.26,1.53,1.258,1.3,1.3,67400.0,-11.876056286084125,1.7272,1.8182799999999997,2.327285,-0.006233333333333424,-0.012350000000000083,0.223,-0.0448430493273543,-0.12302189232657804,-1.0602095553138464,-0.02825740575968076,-0.01540631199810007,False
2023-03-15,PRDS,Pardes Biosciences Inc,생명과학 및 메디컬 리서치,1.3,1.63,1.3,1.375,1.375,67734.0,-5.189834837797913,1.7209,1.8064466666666665,2.30606,-0.00591666666666657,-0.010612499999999914,0.22514285714285714,0.3331218274111673,-0.08020702910241916,1.2358973386810457,0.10549368201512888,-0.00861081395679827,False
