Date,Symbol,Name,Industry,Open,High,Low,Close,Adj Close,Volume,RS,50MA,150MA,200MA,MA150_Slope,MA200_Slope,ATR,TC,ATC,TRS,ATRS,ATRS150,IsOriginData_NaN
2019-04-18,RIDE,Lordstown Motors Corp,자동차 및 자동차 부품,9.74,9.74,9.74,9.74,9.74,0.0,,,,,,,,,,,,,False
2019-04-22,RIDE,Lordstown Motors Corp,자동차 및 자동차 부품,9.74,9.74,9.74,9.74,9.74,0.0,,,,,,,,,,,,,False
2019-04-23,RIDE,Lordstown Motors Corp,자동차 및 자동차 부품,9.74,9.74,9.74,9.74,9.74,0.0,,,,,,,,,,,,,False
2019-04-24,RIDE,Lordstown Motors Corp,자동차 및 자동차 부품,9.74,9.74,9.74,9.74,9.74,0.0,,,,,,,,,,,,,False
2019-04-25,RIDE,Lordstown Motors Corp,자동차 및 자동차 부품,9.74,9.74,9.74,9.74,9.74,0.0,,,,,,,,,,,,,False
2019-04-26,RIDE,Lordstown Motors Corp,자동차 및 자동차 부품,9.74,9.74,9.74,9.74,9.74,0.0,,,,,,,,,,,,,False
2019-04-29,RIDE,Lordstown Motors Corp,자동차 및 자동차 부품,9.74,9.74,9.74,9.74,9.74,0.0,,,,,,,,,,,,,False
2019-04-30,RIDE,Lordstown Motors Corp,자동차 및 자동차 부품,9.74,9.74,9.74,9.74,9.74,0.0,,,,,,,,,,,,,False
2019-05-01,RIDE,Lordstown Motors Corp,자동차 및 자동차 부품,9.74,9.74,9.74,9.74,9.74,0.0,,,,,,,,,,,,,False
2019-05-02,RIDE,Lordstown Motors Corp,자동차 및 자동차 부품,9.74,9.74,9.74,9.74,9.74,0.0,,,,,,,,,,,,,False
2019-05-03,RIDE,Lordstown Motors Corp,자동차 및 자동차 부품,9.74,9.74,9.74,9.74,9.74,0.0,,,,,,,,,,,,,False
2019-05-06,RIDE,Lordstown Motors Corp,자동차 및 자동차 부품,9.81,9.81,9.81,9.81,9.81,100.0,,,,,,,,,,,,,False
2019-05-07,RIDE,Lordstown Motors Corp,자동차 및 자동차 부품,9.81,9.81,9.81,9.81,9.81,100.0,,,,,,,,,,,,,False
2019-05-08,RIDE,Lordstown Motors Corp,자동차 및 자동차 부품,9.81,9.81,9.81,9.81,9.81,0.0,,,,,,,,,,,,,False
2019-05-09,RIDE,Lordstown Motors Corp,자동차 및 자동차 부품,9.81,9.81,9.81,9.81,9.81,100.0,,,,,,,0.00500000000000002,0.0,,0.29968888378676933,,,False
2019-05-10,RIDE,Lordstown Motors Corp,자동차 및 자동차 부품,9.81,9.81,9.81,9.81,9.81,0.0,,,,,,,0.00500000000000002,0.0,,-0.32562222743742264,,,False
2019-05-13,RIDE,Lordstown Motors Corp,자동차 및 자동차 부품,9.81,9.81,9.81,9.81,9.81,100.0,,,,,,,0.00500000000000002,0.0,,1.9056366762354855,,,False
2019-05-14,RIDE,Lordstown Motors Corp,자동차 및 자동차 부품,9.81,9.81,9.81,9.81,9.81,0.0,,,,,,,0.00500000000000002,0.0,,-0.5836093668054346,,,False
2019-05-15,RIDE,Lordstown Motors Corp,자동차 및 자동차 부품,9.81,9.81,9.81,9.81,9.81,0.0,,,,,,,0.00500000000000002,0.0,,-0.4107883662277879,,,False
2019-05-16,RIDE,Lordstown Motors Corp,자동차 및 자동차 부품,9.81,9.81,9.81,9.81,9.81,0.0,1.2643366656622357,,,,,,0.00500000000000002,0.0,,-0.6090854441198345,,,False
2019-05-17,RIDE,Lordstown Motors Corp,자동차 및 자동차 부품,9.81,9.81,9.81,9.81,9.81,0.0,1.7413690397645398,,,,,,0.00500000000000002,0.0,,0.3891800095915606,,,False
2019-05-20,RIDE,Lordstown Motors Corp,자동차 및 자동차 부품,9.81,9.81,9.81,9.81,9.81,0.0,2.2742002312407195,,,,,,0.00500000000000002,0.0,,0.4443217766453495,,,False
2019-05-21,RIDE,Lordstown Motors Corp,자동차 및 자동차 부품,9.81,9.81,9.81,9.81,9.81,0.0,1.2555267943588522,,,,,,0.00500000000000002,0.0,,-0.5574621278614765,,,False
2019-05-22,RIDE,Lordstown Motors Corp,자동차 및 자동차 부품,9.81,9.81,9.81,9.81,9.81,0.0,1.381673483737833,,,,,,0.00500000000000002,0.0,,0.19223552172632313,,,False
2019-05-23,RIDE,Lordstown Motors Corp,자동차 및 자동차 부품,9.81,9.81,9.81,9.81,9.81,0.0,2.3814159661310397,,,,,,0.00500000000000002,0.0,,0.7814918741525164,,,False
2019-05-24,RIDE,Lordstown Motors Corp,자동차 및 자동차 부품,9.81,9.81,9.81,9.81,9.81,0.0,2.0053648143494973,,,,,,0.0,,,,,,False
2019-05-28,RIDE,Lordstown Motors Corp,자동차 및 자동차 부품,9.81,9.81,9.81,9.81,9.81,0.0,2.578970277110715,,,,,,0.0,,,,,,False
2019-05-29,RIDE,Lordstown Motors Corp,자동차 및 자동차 부품,9.81,9.81,9.81,9.81,9.81,0.0,2.96317668135333,,,,,,0.0,,,,,,False
2019-05-30,RIDE,Lordstown Motors Corp,자동차 및 자동차 부품,9.81,9.81,9.81,9.81,9.81,0.0,2.4688984476834763,,,,,,0.0,,,,,,False
2019-05-31,RIDE,Lordstown Motors Corp,자동차 및 자동차 부품,9.81,9.81,9.81,9.81,9.81,0.0,3.4981756972861433,,,,,,0.0,,,,,,False
2019-06-03,RIDE,Lordstown Motors Corp,자동차 및 자동차 부품,9.81,9.81,9.81,9.81,9.81,0.0,3.383078381417093,,,,,,0.0,,,,,,False
2019-06-04,RIDE,Lordstown Motors Corp,자동차 및 자동차 부품,9.81,9.81,9.81,9.81,9.81,0.0,0.9886557737756929,,,,,,0.0,,,,,,False
2019-06-05,RIDE,Lordstown Motors Corp,자동차 및 자동차 부품,9.81,9.81,9.81,9.81,9.81,0.0,0.07045155154639104,,,,,,0.0,,,,,,False
2019-06-06,RIDE,Lordstown Motors Corp,자동차 및 자동차 부품,9.81,9.81,9.81,9.81,9.81,0.0,-0.6014760639071914,,,,,,0.0,,,,,,False
2019-06-07,RIDE,Lordstown Motors Corp,자동차 및 자동차 부품,9.81,9.81,9.81,9.81,9.81,0.0,-1.62967583110053,,,,,,0.0,,,,,,False
2019-06-10,RIDE,Lordstown Motors Corp,자동차 및 자동차 부품,9.81,9.81,9.81,9.81,9.81,0.0,-2.077091519618235,,,,,,0.0,,,,,,False
2019-06-11,RIDE,Lordstown Motors Corp,자동차 및 자동차 부품,9.81,9.81,9.81,9.81,9.81,0.0,-1.916648302719115,,,,,,0.0,,,,,,False
2019-06-12,RIDE,Lordstown Motors Corp,자동차 및 자동차 부품,9.81,9.81,9.81,9.81,9.81,0.0,-1.6389136201025,,,,,,0.0,,,,,,False
2019-06-13,RIDE,Lordstown Motors Corp,자동차 및 자동차 부품,9.81,9.81,9.81,9.81,9.81,0.0,-1.9717813782167193,,,,,,0.0,,,,,,False
2019-06-14,RIDE,Lordstown Motors Corp,자동차 및 자동차 부품,9.81,9.81,9.81,9.81,9.81,0.0,-1.7956850244368883,,,,,,0.0,,,,,,False
2019-06-17,RIDE,Lordstown Motors Corp,자동차 및 자동차 부품,9.81,9.81,9.81,9.81,9.81,0.0,-1.8363449051405523,,,,,,0.0,,,,,,False
2019-06-18,RIDE,Lordstown Motors Corp,자동차 및 자동차 부품,9.71,9.71,9.71,9.71,9.71,550000.0,-3.5964089298600177,,,,,,0.0071428571428571175,-14.0,,-14.955498363381828,,,False
2019-06-19,RIDE,Lordstown Motors Corp,자동차 및 자동차 부품,9.72,9.72,9.71,9.72,9.72,675000.0,-3.6399899574114825,,,,,,0.007857142857142816,1.2727272727272523,,0.9749366237779329,,,False
2019-06-20,RIDE,Lordstown Motors Corp,자동차 및 자동차 부품,9.75,9.75,9.72,9.72,9.72,631300.0,-4.34394414237439,,,,,,0.009999999999999913,0.0,,-0.9635971927311466,,,False
2019-06-21,RIDE,Lordstown Motors Corp,자동차 및 자동차 부품,9.73,9.73,9.72,9.72,9.72,300000.0,-3.9698956498648297,,,,,,0.010714285714285612,0.0,,0.13500508012419507,,,False
2019-06-24,RIDE,Lordstown Motors Corp,자동차 및 자동차 부품,9.72,9.72,9.72,9.72,9.72,14900.0,-3.562738785300723,,,,,,0.010714285714285612,0.0,,0.2125376965943271,,,False
2019-06-25,RIDE,Lordstown Motors Corp,자동차 및 자동차 부품,9.72,9.72,9.72,9.72,9.72,0.0,-2.3973896797256478,,,,,,0.010714285714285612,0.0,,1.149213536253212,,,False
2019-06-26,RIDE,Lordstown Motors Corp,자동차 및 자동차 부품,9.72,9.72,9.72,9.72,9.72,0.0,-2.0054157814928586,,,,,,0.010714285714285612,0.0,,0.15240244591412674,,,False
2019-06-27,RIDE,Lordstown Motors Corp,자동차 및 자동차 부품,9.72,9.72,9.72,9.72,9.72,0.0,-2.0991008655072307,,,,,,0.010714285714285612,0.0,,-0.5117924448661336,,,False
2019-06-28,RIDE,Lordstown Motors Corp,자동차 및 자동차 부품,9.72,9.72,9.72,9.72,9.72,0.0,-2.284643078694504,9.7782,,,,,0.010714285714285612,0.0,,-0.8064069835629077,,,False
2019-07-01,RIDE,Lordstown Motors Corp,자동차 및 자동차 부품,9.72,9.72,9.72,9.72,9.72,0.0,-2.6030615382126143,9.7778,,,,,0.010714285714285612,0.0,,-1.0658829624836061,,,False
2019-07-02,RIDE,Lordstown Motors Corp,자동차 및 자동차 부품,9.72,9.72,9.72,9.72,9.72,0.0,-2.5544541742139826,9.7774,,,,,0.010714285714285612,0.0,,-0.40526632372480687,,,False
2019-07-03,RIDE,Lordstown Motors Corp,자동차 및 자동차 부품,9.72,9.72,9.72,9.72,9.72,0.0,-2.968685392795656,9.777000000000001,,,,,0.010714285714285612,0.0,,-1.039250132851134,,,False
2019-07-05,RIDE,Lordstown Motors Corp,자동차 및 자동차 부품,9.72,9.72,9.72,9.72,9.72,0.0,-2.5021503314228255,9.7766,,,,,0.010714285714285612,0.0,,0.236472415590325,,,False
2019-07-08,RIDE,Lordstown Motors Corp,자동차 및 자동차 부품,9.72,9.72,9.72,9.72,9.72,0.0,-1.810521744257143,9.776200000000001,,,,,0.010714285714285612,0.0,-0.9090909090909106,0.612839908005108,-1.162449049810167,,False
2019-07-09,RIDE,Lordstown Motors Corp,자동차 및 자동차 부품,9.72,9.72,9.72,9.72,9.72,0.0,-1.7306675333723542,9.7758,,,,,0.0035714285714284954,0.0,0.09090909090908945,-0.16744908905151012,-0.10615981592942988,,False
2019-07-10,RIDE,Lordstown Motors Corp,자동차 및 자동차 부품,9.72,9.72,9.72,9.72,9.72,0.0,-1.9474599816720728,9.775400000000001,,,,,0.0028571428571427964,0.0,0.0,-0.6055891803404014,-0.21905451622359662,,False
2019-07-11,RIDE,Lordstown Motors Corp,자동차 및 자동차 부품,9.72,9.72,9.72,9.72,9.72,0.0,-1.924734962338126,9.775,,,,,0.0007142857142856991,0.0,0.0,-0.3272206522247546,-0.17359904904456863,,False
2019-07-12,RIDE,Lordstown Motors Corp,자동차 및 자동차 부품,9.72,9.72,9.72,9.72,9.72,0.0,-2.1278990355263816,9.7746,,,,,0.0,,,,,,False
2019-07-15,RIDE,Lordstown Motors Corp,자동차 및 자동차 부품,9.72,9.72,9.72,9.72,9.72,0.0,-1.8869945919902653,9.7742,,,,,0.0,,,,,,False
2019-07-16,RIDE,Lordstown Motors Corp,자동차 및 자동차 부품,9.75,10.45,9.75,9.77,9.77,11200.0,-0.8303953949000853,9.7748,,,,,0.052142857142857046,0.9589041095890224,,1.4891560144370262,,,False
2019-07-17,RIDE,Lordstown Motors Corp,자동차 및 자동차 부품,9.77,9.77,9.77,9.77,9.77,0.0,-0.09582252802889935,9.774000000000001,,,,,0.052142857142857046,0.0,,1.008745293596671,,,False
2019-07-18,RIDE,Lordstown Motors Corp,자동차 및 자동차 부품,9.77,9.77,9.77,9.77,9.77,0.0,-0.3620389469193075,9.773200000000001,,,,,0.052142857142857046,0.0,,-0.5307744687202083,,,False
2019-07-19,RIDE,Lordstown Motors Corp,자동차 및 자동차 부품,9.77,9.77,9.77,9.77,9.77,0.0,0.2694681764675133,9.772400000000001,,,,,0.052142857142857046,0.0,,0.8837477050027505,,,False
2019-07-22,RIDE,Lordstown Motors Corp,자동차 및 자동차 부품,9.77,9.77,9.77,9.77,9.77,0.0,0.01933428146039251,9.771600000000001,,,,,0.052142857142857046,0.0,,-0.43497752029520514,,,False
2019-07-23,RIDE,Lordstown Motors Corp,자동차 및 자동차 부품,9.77,9.77,9.77,9.77,9.77,0.0,-0.5858844276525721,9.770800000000001,,,,,0.052142857142857046,0.0,,-1.0421711741584034,,,False
2019-07-24,RIDE,Lordstown Motors Corp,자동차 및 자동차 부품,9.77,9.77,9.77,9.77,9.77,0.0,-0.9040292877060097,9.77,,,,,0.052142857142857046,0.0,,-0.7185683846689386,,,False
2019-07-25,RIDE,Lordstown Motors Corp,자동차 및 자동차 부품,9.77,9.77,9.77,9.77,9.77,0.0,-0.2527236413754519,9.769200000000001,,,,,0.052142857142857046,0.0,,0.8270274969735953,,,False
2019-07-26,RIDE,Lordstown Motors Corp,자동차 및 자동차 부품,9.77,9.77,9.77,9.77,9.77,0.0,-0.8407950703237632,9.7684,,,,,0.052142857142857046,0.0,,-1.1380416531788005,,,False
2019-07-29,RIDE,Lordstown Motors Corp,자동차 및 자동차 부품,9.77,9.77,9.77,9.77,9.77,0.0,-0.5732844086803857,9.7676,,,,,0.052142857142857046,0.0,,0.2572981196386364,,,False
2019-07-30,RIDE,Lordstown Motors Corp,자동차 및 자동차 부품,9.77,9.77,9.77,9.77,9.77,0.0,-0.26017303174223905,9.7668,,,,,0.052142857142857046,0.0,,0.4150576229993467,,,False
2019-07-31,RIDE,Lordstown Motors Corp,자동차 및 자동차 부품,9.77,9.77,9.77,9.77,9.77,0.0,0.8240176477762207,9.766,,,,,0.052142857142857046,0.0,,1.48825465316204,,,False
2019-08-01,RIDE,Lordstown Motors Corp,자동차 및 자동차 부품,9.77,9.77,9.77,9.77,9.77,0.0,1.640527626515853,9.7652,,,,,0.052142857142857046,0.0,,1.034658678127795,,,False
2019-08-02,RIDE,Lordstown Motors Corp,자동차 및 자동차 부품,9.71,9.82,9.71,9.82,9.82,400.0,2.7541876459745263,9.7654,,,,,0.059999999999999866,0.833333333333347,0.12801696020874068,1.5989701473512759,0.3670273235905415,,False
2019-08-05,RIDE,Lordstown Motors Corp,자동차 및 자동차 부품,9.82,9.82,9.82,9.82,9.82,0.0,5.606891426509275,9.765600000000001,,,,,0.007857142857142816,0.0,0.0595238095238105,2.497735338978402,0.4390687039149254,,False
2019-08-06,RIDE,Lordstown Motors Corp,자동차 및 자동차 부품,9.82,9.82,9.82,9.82,9.82,0.0,4.018396122046397,9.7658,,,,,0.007857142857142816,0.0,0.0595238095238105,-1.0204532908031005,0.29412594788637036,,False
2019-08-07,RIDE,Lordstown Motors Corp,자동차 및 자동차 부품,9.785,9.79,9.78,9.78,9.78,1975000.0,3.288862194457587,9.7652,,,,,0.01071428571428574,-3.7333333333334107,-0.20714285714286168,-3.789658591949494,0.06134851051284995,,False
2019-08-08,RIDE,Lordstown Motors Corp,자동차 및 자동차 부품,9.78,9.79,9.78,9.78,9.78,125200.0,1.2500050196105006,9.7646,,,,,0.011428571428571439,0.0,-0.20714285714286168,-1.3200355206187957,-0.09606457703154624,,False
2019-08-09,RIDE,Lordstown Motors Corp,자동차 및 자동차 부품,9.78,9.79,9.78,9.78,9.78,125200.0,1.729967838097668,9.764,,,,,0.012142857142857138,0.0,-0.20714285714286168,0.4553346313302181,-0.032470851915444576,,False
2019-08-12,RIDE,Lordstown Motors Corp,자동차 및 자동차 부품,9.78,9.79,9.78,9.78,9.78,125200.0,2.7366013255558874,9.7634,,,,,0.012857142857142836,0.0,-0.20714285714286168,0.8086946864251969,0.09973385241195544,,False
2019-08-13,RIDE,Lordstown Motors Corp,자동차 및 자동차 부품,9.78,9.78,9.78,9.78,9.78,125200.0,1.0677857713677907,9.7628,,,,,0.012857142857142836,0.0,-0.20714285714286168,-0.9171458230613758,0.08554974966963853,,False
2019-08-14,RIDE,Lordstown Motors Corp,자동차 및 자동차 부품,9.78,9.78,9.78,9.78,9.78,0.0,3.8518816082644403,9.7622,,,,,0.012857142857142836,0.0,-0.20714285714286168,1.643471386922798,0.14386717038029584,,False
2019-08-15,RIDE,Lordstown Motors Corp,자동차 및 자동차 부품,9.78,9.78,9.78,9.78,9.78,0.0,3.3277912485549566,9.7616,,,,,0.012857142857142836,0.0,-0.20714285714286168,-0.13296067080340784,0.21565866912139528,,False
2019-08-16,RIDE,Lordstown Motors Corp,자동차 및 자동차 부품,9.78,9.78,9.78,9.78,9.78,0.0,1.7002254848901055,9.761,,,,,0.012857142857142836,0.0,-0.20714285714286168,-0.7454251095557529,0.14403558132179603,,False
2019-08-19,RIDE,Lordstown Motors Corp,자동차 및 자동차 부품,9.79,9.79,9.79,9.79,9.79,350000.0,0.472510885330113,9.7606,,,,,0.013571428571428536,0.7368421052631441,-0.15451127819549423,0.12010318720953994,0.12296740733680986,,False
2019-08-20,RIDE,Lordstown Motors Corp,자동차 및 자동차 부품,9.9,9.9,9.9,9.9,9.9,1000.0,2.16298826837944,9.7624,,,,,0.02142857142857148,5.133333333333377,0.21215538847117557,5.560409427565584,0.4138356055084916,,False
2019-08-21,RIDE,Lordstown Motors Corp,자동차 및 자동차 부품,9.9,9.9,9.9,9.9,9.9,0.0,1.1008493235312278,9.7642,,,,,0.02142857142857148,0.0,0.21215538847117557,-0.46613920076885657,0.30663575701587353,,False
2019-08-22,RIDE,Lordstown Motors Corp,자동차 및 자동차 부품,9.9,9.9,9.9,9.9,9.9,0.0,0.9495904073825168,9.766,,,,,0.013571428571428663,0.0,0.15263157894736507,0.02903835900568053,0.19449777213404532,,False
2019-08-23,RIDE,Lordstown Motors Corp,자동차 및 자동차 부품,9.8,9.9,9.8,9.9,9.9,200.0,3.256435950005976,9.767800000000001,,,,,0.02071428571428578,0.0,0.15263157894736507,1.5263038121635042,0.12510980593298118,,False
2019-08-26,RIDE,Lordstown Motors Corp,자동차 및 자동차 부품,9.9,9.9,9.9,9.9,9.9,0.0,1.8241979387353835,9.7696,,,,,0.02071428571428578,0.0,0.15263157894736507,-0.6361742281265323,0.1525583104098789,,False
2019-08-27,RIDE,Lordstown Motors Corp,자동차 및 자동차 부품,9.9,9.9,9.9,9.9,9.9,0.0,1.8377589053280907,9.771400000000002,,,,,0.017857142857142856,0.0,0.4192982456140372,0.19561074328313965,0.43722040578363847,,False
2019-08-28,RIDE,Lordstown Motors Corp,자동차 및 자동차 부품,9.9,9.9,9.9,9.9,9.9,0.0,0.9521379442280153,9.7752,,,,,0.017142857142857158,0.0,0.4192982456140372,-0.40945689159253085,0.5022617364283717,,False
2019-08-29,RIDE,Lordstown Motors Corp,자동차 및 자동차 부품,9.9,9.9,9.9,9.9,9.9,0.0,-0.425855760939875,9.7788,,,,,0.01642857142857146,0.0,0.4192982456140372,-0.7931504497010596,0.41308423064042327,,False
2019-08-30,RIDE,Lordstown Motors Corp,자동차 및 자동차 부품,9.9,9.9,9.9,9.9,9.9,0.0,-0.5391676475613227,9.7824,,,,,0.01571428571428576,0.0,0.4192982456140372,-0.04188556965655516,0.3523284980631552,,False
2019-09-03,RIDE,Lordstown Motors Corp,자동차 및 자동차 부품,9.9,9.9,9.9,9.9,9.9,0.0,0.21890676790099484,9.786,,,,,0.01571428571428576,0.0,0.4192982456140372,0.47371237002143846,0.4516755118547849,,False
2019-09-04,RIDE,Lordstown Motors Corp,자동차 및 자동차 부품,9.9,9.9,9.9,9.9,9.9,0.0,-0.8009534581863265,9.7896,,,,,0.01571428571428576,0.0,0.4192982456140372,-0.8130426100408286,0.27621022635738296,,False
2019-09-05,RIDE,Lordstown Motors Corp,자동차 및 자동차 부품,9.9,9.9,9.9,9.9,9.9,0.0,-1.9818386269172872,9.7932,,,,,0.01571428571428576,0.0,0.4192982456140372,-0.9563539993091312,0.2173964171784027,,False
2019-09-06,RIDE,Lordstown Motors Corp,자동차 및 자동차 부품,9.9,9.9,9.9,9.9,9.9,0.0,-2.063645257583291,9.7968,,,,,0.01571428571428576,0.0,0.4192982456140372,-0.07212964593469386,0.26548895029419267,,False
2019-09-09,RIDE,Lordstown Motors Corp,자동차 및 자동차 부품,9.9,9.9,9.9,9.9,9.9,0.0,-2.0155084595040895,9.800400000000002,,,,,0.01500000000000006,0.0,0.3666666666666698,0.007783066085989986,0.25746608449965336,,False
2019-09-10,RIDE,Lordstown Motors Corp,자동차 및 자동차 부품,9.9,9.9,9.9,9.9,9.9,0.0,-1.9461645082651469,9.804,,,,,0.0071428571428571175,0.0,0.0,-0.026769698658589382,-0.14161813880207327,,False
2019-09-11,RIDE,Lordstown Motors Corp,자동차 및 자동차 부품,9.9,9.9,9.9,9.9,9.9,0.0,-2.5880218896020657,9.8076,,,,,0.0071428571428571175,0.0,0.0,-0.6037977113381109,-0.15145088955702,,False
2019-09-12,RIDE,Lordstown Motors Corp,자동차 및 자동차 부품,9.9,9.9,9.9,9.9,9.9,0.0,-2.647156361320324,9.8112,,,,,0.0071428571428571175,0.0,0.0,-0.24956565973796577,-0.17135117661013763,,False
2019-09-13,RIDE,Lordstown Motors Corp,자동차 및 자동차 부품,9.9,9.9,9.9,9.9,9.9,0.0,-2.370600585544125,9.814799999999998,,,,,0.0,,,,,,False
2019-09-16,RIDE,Lordstown Motors Corp,자동차 및 자동차 부품,9.9,9.9,9.9,9.9,9.9,0.0,-1.94226567903929,9.8184,,,,,0.0,,,,,,False
2019-09-17,RIDE,Lordstown Motors Corp,자동차 및 자동차 부품,9.9,9.9,9.9,9.9,9.9,0.0,-2.1151154482889623,9.822,,,,,0.0,,,,,,False
2019-09-18,RIDE,Lordstown Motors Corp,자동차 및 자동차 부품,9.9,9.9,9.9,9.9,9.9,0.0,-1.973012005591035,9.825600000000001,,,,,0.0,,,,,,False
2019-09-19,RIDE,Lordstown Motors Corp,자동차 및 자동차 부품,9.9,9.9,9.9,9.9,9.9,0.0,-1.8394762059151804,9.8292,,,,,0.0,,,,,,False
2019-09-20,RIDE,Lordstown Motors Corp,자동차 및 자동차 부품,9.9,9.9,9.9,9.9,9.9,0.0,-1.2413745775446294,9.832799999999999,,,,,0.0,,,,,,False
2019-09-23,RIDE,Lordstown Motors Corp,자동차 및 자동차 부품,9.9,9.9,9.9,9.9,9.9,100.0,-0.9833329854102457,9.8364,,,,,0.0,,,,,,False
2019-09-24,RIDE,Lordstown Motors Corp,자동차 및 자동차 부품,9.9,9.9,9.9,9.9,9.9,0.0,0.010144277653689748,9.84,,,,,0.0,,,,,,False
2019-09-25,RIDE,Lordstown Motors Corp,자동차 및 자동차 부품,9.9,9.9,9.9,9.9,9.9,0.0,-0.40238104609439107,9.8426,,,,,0.0,,,,,,False
2019-09-26,RIDE,Lordstown Motors Corp,자동차 및 자동차 부품,9.9,9.9,9.9,9.9,9.9,0.0,-0.004866824854554697,9.8452,,,,,0.0,,,,,,False
2019-09-27,RIDE,Lordstown Motors Corp,자동차 및 자동차 부품,9.9,9.9,9.9,9.9,9.9,0.0,0.5939165041908057,9.8478,,,,,0.0,,,,,,False
2019-09-30,RIDE,Lordstown Motors Corp,자동차 및 자동차 부품,9.9,9.9,9.9,9.9,9.9,0.0,0.17484050510987448,9.8504,,,,,0.0,,,,,,False
2019-10-01,RIDE,Lordstown Motors Corp,자동차 및 자동차 부품,9.9,9.9,9.9,9.9,9.9,0.0,1.478226150542472,9.853,,,,,0.0,,,,,,False
2019-10-02,RIDE,Lordstown Motors Corp,자동차 및 자동차 부품,9.9,9.9,9.9,9.9,9.9,0.0,3.237045362314217,9.8556,,,,,0.0,,,,,,False
2019-10-03,RIDE,Lordstown Motors Corp,자동차 및 자동차 부품,9.9,9.9,9.9,9.9,9.9,0.0,2.30547694293719,9.8582,,,,,0.0,,,,,,False
2019-10-04,RIDE,Lordstown Motors Corp,자동차 및 자동차 부품,9.9,9.9,9.9,9.9,9.9,0.0,0.8258167383181192,9.8608,,,,,0.0,,,,,,False
2019-10-07,RIDE,Lordstown Motors Corp,자동차 및 자동차 부품,9.82,9.92,9.82,9.92,9.92,700100.0,1.4052630311807146,9.8638,,,,,0.0071428571428571175,2.79999999999995,,3.1608910890856934,,,False
2019-10-08,RIDE,Lordstown Motors Corp,자동차 및 자동차 부품,9.92,9.92,9.92,9.92,9.92,0.0,2.8443032010546654,9.866800000000001,,,,,0.0071428571428571175,0.0,,1.208621476704835,,,False
2019-10-09,RIDE,Lordstown Motors Corp,자동차 및 자동차 부품,9.92,9.92,9.92,9.92,9.92,0.0,1.765346345622576,9.8698,,,,,0.0071428571428571175,0.0,,-0.6739726239008036,,,False
2019-10-10,RIDE,Lordstown Motors Corp,자동차 및 자동차 부품,9.92,9.92,9.92,9.92,9.92,0.0,0.9853674189258976,9.8728,,,,,0.0071428571428571175,0.0,,-0.4795618030395749,,,False
2019-10-11,RIDE,Lordstown Motors Corp,자동차 및 자동차 부품,9.92,9.92,9.92,9.92,9.92,0.0,-0.17882166433711433,9.8758,,,,,0.0071428571428571175,0.0,,-0.7691387098674788,,,False
2019-10-14,RIDE,Lordstown Motors Corp,자동차 및 자동차 부품,9.92,9.92,9.92,9.92,9.92,200.0,-0.10310173312132465,9.8778,,,,,0.0071428571428571175,0.0,,0.10590189057624083,,,False
2019-10-15,RIDE,Lordstown Motors Corp,자동차 및 자동차 부품,9.92,9.92,9.92,9.92,9.92,100.0,-1.113969662011438,9.8798,,,,,0.0071428571428571175,0.0,,-0.7587912007033522,,,False
2019-10-16,RIDE,Lordstown Motors Corp,자동차 및 자동차 부품,9.92,9.92,9.92,9.92,9.92,0.0,-0.9534929144152549,9.8818,,,,,0.0071428571428571175,0.0,,0.15715549181871746,,,False
2019-10-17,RIDE,Lordstown Motors Corp,자동차 및 자동차 부품,9.92,9.92,9.92,9.92,9.92,0.0,-1.2505297214061462,9.8846,,,,,0.0071428571428571175,0.0,,-0.2265539531160203,,,False
2019-10-18,RIDE,Lordstown Motors Corp,자동차 및 자동차 부품,9.92,9.92,9.92,9.92,9.92,0.0,-0.8814990002277256,9.8874,,,,,0.0071428571428571175,0.0,,0.3212509202276553,,,False
2019-10-21,RIDE,Lordstown Motors Corp,자동차 및 자동차 부품,9.92,9.92,9.92,9.92,9.92,0.0,-1.5435742373569594,9.8902,,,,,0.0071428571428571175,0.0,,-0.5992986006101332,,,False
2019-10-22,RIDE,Lordstown Motors Corp,자동차 및 자동차 부품,9.92,9.92,9.92,9.92,9.92,0.0,-1.1525204424165048,9.892999999999999,,,,,0.0071428571428571175,0.0,,0.346471058475339,,,False
2019-10-23,RIDE,Lordstown Motors Corp,자동차 및 자동차 부품,9.9,9.9,9.9,9.9,9.9,200.0,-1.6000177866755338,9.8954,,,,,0.008571428571428516,-2.3333333333332984,,-2.6380154046801554,,,False
2019-10-24,RIDE,Lordstown Motors Corp,자동차 및 자동차 부품,9.9,9.9,9.9,9.9,9.9,1900.0,-1.7356847007647391,9.8978,,,,,0.008571428571428516,0.0,0.033333333333332264,-0.22162487895962188,-0.07619037485633288,,False
2019-10-25,RIDE,Lordstown Motors Corp,자동차 및 자동차 부품,9.9,9.9,9.9,9.9,9.9,0.0,-2.0359223440118757,9.9002,,,,,0.0014285714285713982,0.0,-0.16666666666666416,-0.4691276729729287,-0.3354774292890917,,False
2019-10-28,RIDE,Lordstown Motors Corp,자동차 및 자동차 부품,9.9,9.9,9.9,9.9,9.9,0.0,-2.4796345608093073,9.902600000000001,,,,,0.0014285714285713982,0.0,-0.16666666666666416,-0.6920552708016916,-0.47124005411098635,,False
2019-10-29,RIDE,Lordstown Motors Corp,자동차 및 자동차 부품,9.86,9.92,9.86,9.92,9.92,1027300.0,-2.053767899886405,9.9052,,,,,0.0057142857142857195,3.4999999999999223,0.08333333333333028,3.611360131140537,-0.16514485732231915,,False
2019-10-30,RIDE,Lordstown Motors Corp,자동차 및 자동차 부품,9.92,9.92,9.92,9.92,9.92,0.0,-2.1181973967408285,9.9056,,,,,0.0057142857142857195,0.0,0.08333333333333028,-0.44494898726398774,-0.16267251333834867,,False
2019-10-31,RIDE,Lordstown Motors Corp,자동차 및 자동차 부품,9.92,9.92,9.92,9.92,9.92,0.0,-1.6209741669721778,9.906,,,,,0.0057142857142857195,0.0,0.08333333333333028,0.4614359052936284,-0.07477432654112673,,False
2019-11-01,RIDE,Lordstown Motors Corp,자동차 및 자동차 부품,9.92,9.92,9.92,9.92,9.92,0.0,-2.3873080586800044,9.906400000000001,,,,,0.0057142857142857195,0.0,0.08333333333333028,-1.3746053940274336,-0.18052484686996065,,False
2019-11-04,RIDE,Lordstown Motors Corp,자동차 및 자동차 부품,9.92,9.92,9.92,9.92,9.92,0.0,-2.5225732848856652,9.906799999999999,,,,,0.0057142857142857195,0.0,0.08333333333333028,-0.5678420136006157,-0.16688561921976516,,False
2019-11-05,RIDE,Lordstown Motors Corp,자동차 및 자동차 부품,9.92,9.92,9.92,9.92,9.92,0.0,-2.10707658901671,9.9072,,,,,0.0057142857142857195,0.0,0.08333333333333028,0.1827951128631702,-0.16505421771658996,,False
2019-11-06,RIDE,Lordstown Motors Corp,자동차 및 자동차 부품,9.92,9.92,9.92,9.92,9.92,0.0,-1.9171757460859085,9.9076,,,,,0.0057142857142857195,0.0,0.08333333333333028,-0.11060645631580823,-0.15677225365943198,,False
2019-11-07,RIDE,Lordstown Motors Corp,자동차 및 자동차 부품,9.92,9.92,9.92,9.92,9.92,0.0,-1.9442027346093682,9.908,,,,,0.0057142857142857195,0.0,0.08333333333333028,-0.4344392095105549,-0.2107501200693041,,False
2019-11-08,RIDE,Lordstown Motors Corp,자동차 및 자동차 부품,9.92,9.92,9.92,9.92,9.92,0.0,-1.9964922524392636,9.9084,,,,,0.0057142857142857195,0.0,0.08333333333333028,-0.41105220000362813,-0.1973039485974109,,False
2019-11-11,RIDE,Lordstown Motors Corp,자동차 및 자동차 부품,9.9,9.93,9.9,9.9,9.9,402700.0,-1.7955753517850392,9.9084,,,,,0.007857142857142816,-2.5454545454545046,-0.09848484848484862,-2.226935876206099,-0.38111872964608506,,False
2019-11-12,RIDE,Lordstown Motors Corp,자동차 및 자동차 부품,9.9,9.9,9.9,9.9,9.9,0.0,-1.7843889520784417,9.9084,,,,,0.006428571428571418,0.0,0.06818181818181555,-0.2494225345585516,-0.21050495320882764,,False
2019-11-13,RIDE,Lordstown Motors Corp,자동차 및 자동차 부품,9.88,9.92,9.88,9.92,9.92,1200100.0,-1.4868739539872555,9.9088,,,,,0.009285714285714215,2.1538461538461244,0.22202797202796729,2.0417346860653818,-0.048836412849898814,,False
2019-11-14,RIDE,Lordstown Motors Corp,자동차 및 자동차 부품,9.92,9.92,9.92,9.92,9.92,10000.0,-1.409551778601048,9.9092,,,,,0.009285714285714215,0.0,0.22202797202796729,-0.1372308178470308,-0.02512949462662039,,False
2019-11-15,RIDE,Lordstown Motors Corp,자동차 및 자동차 부품,9.92,9.92,9.92,9.92,9.92,0.0,-1.9468016364546759,9.909600000000001,,,,,0.009285714285714215,0.0,0.22202797202796729,-1.2518121969064042,-0.06511213220552843,,False
2019-11-18,RIDE,Lordstown Motors Corp,자동차 및 자동차 부품,9.92,9.92,9.92,9.92,9.92,0.0,-1.811590737302371,9.91,,,,,0.004999999999999893,0.0,-0.027972027972027153,-0.08277197966595146,-0.328978711548849,,False
2019-11-19,RIDE,Lordstown Motors Corp,자동차 및 자동차 부품,9.92,9.92,9.92,9.92,9.92,0.0,-1.5529062403273453,9.910400000000001,9.830866666666667,,,,0.004999999999999893,0.0,-0.027972027972027153,0.10133944630904497,-0.2899581091507752,,False
2019-11-20,RIDE,Lordstown Motors Corp,자동차 및 자동차 부품,9.92,9.92,9.92,9.92,9.92,0.0,-1.0227469253268784,9.9108,9.832066666666666,,0.0005999999999994898,,0.004999999999999893,0.0,-0.027972027972027153,0.6295012524968955,-0.277953441493399,,False
2019-11-21,RIDE,Lordstown Motors Corp,자동차 및 자동차 부품,9.92,9.92,9.92,9.92,9.92,0.0,-0.723637245321207,9.911200000000001,9.833266666666667,,0.000600000000000378,,0.004999999999999893,0.0,-0.027972027972027153,0.279064989274204,-0.15983412840042494,,False
2019-11-22,RIDE,Lordstown Motors Corp,자동차 및 자동차 부품,9.91,9.91,9.91,9.91,9.91,100.0,-0.9017005248497023,9.9114,9.8344,,0.0005666666666668263,,0.005714285714285593,-1.7499999999999998,-0.15297202797202716,-2.1402694776052247,-0.2721503758293256,,False
2019-11-25,RIDE,Lordstown Motors Corp,자동차 및 자동차 부품,9.91,9.91,9.91,9.91,9.91,0.0,-1.4949815062694882,9.9116,9.835533333333332,,0.0005666666666659381,,0.005714285714285593,0.0,-0.15297202797202716,-1.28760626397541,-0.3771790456035099,,False
2019-11-26,RIDE,Lordstown Motors Corp,자동차 및 자동차 부품,9.91,9.91,9.91,9.91,9.91,0.0,-1.5406167842168417,9.911800000000001,9.836666666666666,,0.0005666666666668263,,0.005714285714285593,0.0,-0.15297202797202716,-0.38053782189109314,-0.39645985743031603,,False
2019-11-27,RIDE,Lordstown Motors Corp,자동차 및 자동차 부품,9.91,9.91,9.91,9.91,9.91,0.0,-1.7759972626659848,9.911999999999999,9.8378,,0.0005666666666668263,,0.005714285714285593,0.0,-0.15297202797202716,-0.7464838955865698,-0.4187487635786028,,False
2019-11-29,RIDE,Lordstown Motors Corp,자동차 및 자동차 부품,9.91,9.91,9.91,9.91,9.91,0.0,-1.2094747571526177,9.9122,9.838933333333333,,0.0005666666666668263,,0.005714285714285593,0.0,-0.15297202797202716,0.7359182001076318,-0.3368223064277984,,False
2019-12-02,RIDE,Lordstown Motors Corp,자동차 및 자동차 부품,9.91,9.91,9.91,9.91,9.91,0.0,-0.26820983119242303,9.9124,9.840066666666667,,0.0005666666666668263,,0.0035714285714284954,0.0,0.028846153846151763,1.4772621777351456,-0.07223673114628097,,False
2019-12-03,RIDE,Lordstown Motors Corp,자동차 및 자동차 부품,9.91,9.91,9.91,9.91,9.91,0.0,0.4278063586099945,9.9126,9.841199999999999,,0.0005666666666659381,,0.0035714285714284954,0.0,0.028846153846151763,1.024072811310629,0.018727222130089063,,False
2019-12-04,RIDE,Lordstown Motors Corp,자동차 및 자동차 부품,9.86,9.93,9.86,9.93,9.93,201000.0,0.055097430410322445,9.9132,9.842466666666667,,0.0006333333333339297,,0.0057142857142857195,3.4999999999999223,0.12499999999999446,2.554089610542085,0.05532400244985358,,False
2019-12-05,RIDE,Lordstown Motors Corp,자동차 및 자동차 부품,9.9,9.93,9.9,9.9,9.9,231200.0,-0.3208667267303955,9.9132,9.843533333333333,,0.0005333333333332746,,0.007857142857142816,-3.8181818181817566,-0.14772727272727387,-4.043432337342403,-0.22369039179981587,,False
2019-12-06,RIDE,Lordstown Motors Corp,자동차 및 자동차 부품,9.9,9.9,9.9,9.9,9.9,300.0,-1.1170713990423464,9.9132,9.844133333333332,,0.0002999999999993008,,0.007857142857142816,0.0,-0.14772727272727385,-1.3308853064154138,-0.2293384710504594,,False
2019-12-09,RIDE,Lordstown Motors Corp,자동차 및 자동차 부품,9.87,9.92,9.87,9.9,9.9,172300.0,-0.7249844276176476,9.9132,9.844733333333334,,0.0003000000000010772,,0.011428571428571439,0.0,-0.14772727272727385,0.4629573965163178,-0.19035780132315444,,False
2019-12-10,RIDE,Lordstown Motors Corp,자동차 및 자동차 부품,9.9,9.9,9.9,9.9,9.9,300.0,-0.5431064979659839,9.9132,9.845333333333334,,0.000300000000000189,,0.011428571428571439,0.0,-0.14772727272727385,0.1590722885068048,-0.18623402688045734,,False
2019-12-11,RIDE,Lordstown Motors Corp,자동차 및 자동차 부품,9.9,9.9,9.9,9.9,9.9,0.0,-0.7522562613408001,9.9132,9.845933333333333,,0.0002999999999993008,,0.011428571428571439,0.0,-0.14772727272727385,-0.44681194027962695,-0.2631135406502089,,False
2019-12-12,RIDE,Lordstown Motors Corp,자동차 및 자동차 부품,9.9,9.94,9.9,9.94,9.94,225200.0,-1.090868922403676,9.914,9.8468,,0.00043333333333350765,,0.014285714285714235,2.79999999999995,0.052272727272722586,1.574213118135088,-0.17060296001728867,,False
2019-12-13,RIDE,Lordstown Motors Corp,자동차 및 자동차 부품,9.94,9.94,9.94,9.94,9.94,600.0,-0.9940229938302347,9.9148,9.847666666666667,,0.00043333333333350765,,0.013571428571428536,0.0,0.17727272727272256,-0.010053814270435474,-0.01844469835051801,,False
2019-12-16,RIDE,Lordstown Motors Corp,자동차 및 자동차 부품,9.933,9.94,9.933,9.94,9.94,600.0,-1.596593231161847,9.915600000000001,9.848533333333334,,0.00043333333333350765,,0.014071428571428513,0.0,0.17727272727272256,-0.9738307033479576,0.003967841694300026,,False
2019-12-17,RIDE,Lordstown Motors Corp,자동차 및 자동차 부품,9.94,9.94,9.92,9.92,9.92,3500.0,-1.718580996519914,9.915600000000001,9.849266666666665,,0.00036666666666551606,,0.015499999999999911,-1.2903225806451413,0.08510682865521246,-1.3369748351652173,-0.06434908782528029,,False
2019-12-18,RIDE,Lordstown Motors Corp,자동차 및 자동차 부품,9.92,9.929,9.92,9.929,9.929,1500.0,-1.4811150959524566,9.91578,9.850060000000001,,0.00039666666666793304,,0.016142857142857077,0.5575221238938287,0.12492983750477167,0.6189156797631692,0.03317945327112964,,False
2019-12-19,RIDE,Lordstown Motors Corp,자동차 및 자동차 부품,9.95,9.95,9.95,9.95,9.95,300.0,-1.575283293248042,9.916379999999998,9.850993333333333,,0.0004666666666661712,,0.01764285714285701,1.19028340080967,0.2099500804197481,0.5573673960794817,0.020425824411976063,,False
2019-12-20,RIDE,Lordstown Motors Corp,자동차 및 자동차 부품,9.91,9.91,9.91,9.91,9.91,100.0,-2.267570180643752,9.91618,9.85166,,0.0003333333333337407,,0.020499999999999803,-1.951219512195099,0.07057725812009819,-2.6871506087230337,-0.27703223176360814,,False
2019-12-23,RIDE,Lordstown Motors Corp,자동차 및 자동차 부품,9.91,9.91,9.91,9.91,9.91,0.0,-2.1775219221927933,9.91598,9.852326666666668,,0.0003333333333337407,,0.020499999999999803,0.0,0.07057725812009819,-0.1476545733427443,-0.3607270449531348,,False
2019-12-24,RIDE,Lordstown Motors Corp,자동차 및 자동차 부품,9.92,9.92,9.92,9.92,9.92,7900.0,-1.9271124649956506,9.91598,9.853060000000001,,0.00036666666666640424,,0.016214285714285483,0.6167400881057226,-0.1353698784437732,0.652853470687858,-0.4965296263712939,,False
2019-12-26,RIDE,Lordstown Motors Corp,자동차 및 자동차 부품,9.92,9.92,9.92,9.92,9.92,0.0,-2.2815643560925025,9.91598,9.853793333333334,,0.00036666666666640424,,0.014071428571428386,0.0,0.13735739428349508,-0.9434552683598192,-0.2751026928725379,,False
2019-12-27,RIDE,Lordstown Motors Corp,자동차 및 자동차 부품,9.92,9.92,9.92,9.92,9.92,0.0,-2.158885703625013,9.915980000000001,9.854526666666667,,0.00036666666666640424,,0.014071428571428386,0.0,0.13735739428349508,-0.006830523270983859,-0.18052735121936436,,False
2019-12-30,RIDE,Lordstown Motors Corp,자동차 및 자동차 부품,9.92,9.92,9.92,9.92,9.92,0.0,-1.471048141911202,9.91598,9.855260000000001,,0.0003666666666672924,,0.010499999999999763,0.0,0.13735739428349508,1.108190974826402,-0.13443923848292977,,False
2019-12-31,RIDE,Lordstown Motors Corp,자동차 및 자동차 부품,9.94,9.95,9.94,9.95,9.95,28900.0,-1.301080532001886,9.91658,9.856193333333332,,0.000466666666665283,,0.01264285714285686,2.372881355932206,0.3068489197072241,1.819942638998842,-0.015805642019212814,,False
2020-01-02,RIDE,Lordstown Motors Corp,자동차 및 자동차 부품,9.97,9.97,9.97,9.97,9.97,100.0,-1.6984072619183221,9.917580000000001,9.85726,,0.0005333333333341628,,0.014071428571428386,1.4213197969544293,0.4083717623468262,-0.0580376470384425,0.011963950355157507,,False
2020-01-03,RIDE,Lordstown Motors Corp,자동차 및 자동차 부품,9.97,9.97,9.97,9.97,9.97,0.0,-0.8273984805545642,9.91858,9.858326666666667,,0.0005333333333332746,,0.01121428571428559,0.0,0.20837176234682975,1.268318762142944,-0.009885646501424206,,False
2020-01-06,RIDE,Lordstown Motors Corp,자동차 및 자동차 부품,9.97,10.0,9.965,10.0,10.0,176000.0,-0.7270953218726284,9.92058,9.859593333333335,,0.0006333333333339297,,0.013714285714285599,2.1874999999999716,0.3646217623468277,1.571828273621553,0.10310593120514637,,False
2020-01-07,RIDE,Lordstown Motors Corp,자동차 및 자동차 부품,9.99,10.037,9.97,9.97,9.97,23700.0,-0.6392503252525938,9.92198,9.86066,,0.0005333333333323864,,0.017999999999999922,-1.6666666666666383,0.24557414329921068,-1.1463422456427876,0.0907836781840871,,False
2020-01-08,RIDE,Lordstown Motors Corp,자동차 및 자동차 부품,10.0,10.04,10.0,10.04,10.04,25200.0,-0.3162570336805448,9.92478,9.862193333333334,,0.0007666666666672484,,0.021571428571428415,3.245033112582736,0.5695281213869162,2.416182889664224,0.35886637281476147,,False
2020-01-09,RIDE,Lordstown Motors Corp,자동차 및 자동차 부품,10.04,10.12,10.04,10.04,10.04,5200.0,-0.8239958566244487,9.927579999999999,9.863726666666667,,0.0007666666666663602,,0.02664285714285697,0.0,0.529705112537357,-1.070074595128247,0.23822421032251742,,False
2020-01-10,RIDE,Lordstown Motors Corp,자동차 및 자동차 부품,10.04,10.26,10.02,10.02,10.02,55800.0,-0.605284310506149,9.929580000000001,9.865126666666667,,0.000700000000000145,,0.0422857142857142,-0.47297297297296387,0.41090108583859747,-0.023213372228322482,0.19675415544338856,,False
2020-01-13,RIDE,Lordstown Motors Corp,자동차 및 자동차 부품,10.02,10.06,10.02,10.06,10.06,76000.0,-0.775185047984106,9.93238,9.866793333333334,,0.0008333333333334636,,0.04228571428571432,0.9459459459459669,0.6178414757058164,-0.1405063696591533,0.37865731537652286,,False
2020-01-14,RIDE,Lordstown Motors Corp,자동차 및 자동차 부품,10.02,10.02,10.02,10.02,10.02,14200.0,-0.8833724647177132,9.934379999999999,9.868193333333334,,0.000700000000000145,,0.04514285714285725,-0.886075949367107,0.5545503364653088,-0.6567647377519035,0.34229230363301155,,False
2020-01-15,RIDE,Lordstown Motors Corp,자동차 및 자동차 부품,10.02,10.02,10.02,10.02,10.02,0.0,-0.9585148526168763,9.93638,9.869593333333334,,0.000700000000000145,,0.044428571428571546,0.0,0.5104974730291858,-0.271954064199684,0.2762346225696157,,False
2020-01-16,RIDE,Lordstown Motors Corp,자동차 및 자동차 부품,10.04,10.04,10.04,10.04,10.04,100700.0,-1.4556568192833352,9.938780000000001,9.871126666666667,,0.0007666666666663602,,0.045857142857142943,0.43613707165108023,0.541650121004263,-0.7413349250699921,0.29067178994746046,,False
2020-01-17,RIDE,Lordstown Motors Corp,자동차 및 자동차 부품,10.04,10.04,10.04,10.04,10.04,90300.0,-1.6810399183256108,9.941180000000001,9.87266,,0.0007666666666663602,,0.045857142857142943,0.0,0.541650121004263,-0.5489133259467993,0.2519515897563308,,False
2020-01-21,RIDE,Lordstown Motors Corp,자동차 및 자동차 부품,10.06,10.06,10.05,10.05,10.05,2100.0,-1.1961352091045097,9.943779999999999,9.87426,,0.0007999999999999119,,0.04728571428571447,0.21148036253779656,0.5567558611855341,0.6032444835772608,0.21588398323853494,,False
2020-01-22,RIDE,Lordstown Motors Corp,자동차 및 자동차 부품,10.05,10.05,10.05,10.05,10.05,0.0,-1.1424526354349096,9.94638,9.876526666666667,,0.0011333333333336526,,0.04514285714285737,0.0,0.3872643357618051,-0.04285678971159631,0.08282688118778936,,False
2020-01-23,RIDE,Lordstown Motors Corp,자동차 및 자동차 부품,10.04,10.08,10.04,10.08,10.08,110400.0,-0.8911780172930595,9.94958,9.878926666666667,,0.0011999999999998678,,0.04657142857142877,0.6441717791410878,0.33175376306085214,0.47369051290846576,0.12080746404113996,,False
2020-01-24,RIDE,Lordstown Motors Corp,자동차 및 자동차 부품,10.05,10.05,10.04,10.04,10.04,11300.0,-0.3333574086554769,9.95238,9.881060000000002,,0.0010666666666674374,,0.049428571428571696,-0.809248554913309,0.2739502948527586,0.4766620572613216,0.0642605565495955,,False
2020-01-27,RIDE,Lordstown Motors Corp,자동차 및 자동차 부품,10.04,10.05,10.04,10.04,10.04,12000.0,1.2040975544749921,9.95518,9.883193333333333,,0.001066666666665661,,0.04764285714285751,0.0,0.11770029485276066,2.0377998711580037,0.09754424208791342,,False
2020-01-28,RIDE,Lordstown Motors Corp,자동차 및 자동차 부품,10.055,10.055,10.04,10.04,10.04,50600.0,0.19220895084512968,9.95758,9.885326666666666,,0.0010666666666665492,,0.04392857142857182,0.0,0.23674791390037767,-1.1875201834069908,0.09460296081904175,,False
2020-01-29,RIDE,Lordstown Motors Corp,자동차 및 자동차 부품,10.04,10.04,10.04,10.04,10.04,0.0,0.2994109711419224,9.95998,9.887459999999999,,0.0010666666666665492,,0.03892857142857193,0.0,0.004959834430182283,0.10585229064447048,-0.07042065339665494,,False
2020-01-30,RIDE,Lordstown Motors Corp,자동차 및 자동차 부품,10.04,10.04,10.04,10.04,10.04,0.0,0.02230524475992368,9.962380000000001,9.889593333333334,,0.0010666666666674374,,0.03321428571428621,0.0,0.004959834430182283,-0.3625360772135454,-0.0198821878313191,,False
2020-01-31,RIDE,Lordstown Motors Corp,자동차 및 자동차 부품,10.08,10.08,10.08,10.08,10.08,20000.0,2.1226802094809427,9.96558,9.891993333333334,,0.0011999999999998678,,0.018928571428571978,2.113207547169799,0.18968701444037964,3.950339593370919,0.26394302399719816,,False
2020-02-03,RIDE,Lordstown Motors Corp,자동차 및 자동차 부품,10.08,10.08,10.08,10.08,10.08,10000.0,1.3531900119110096,9.968779999999999,9.894393333333333,9.865345,0.0011999999999998678,,0.016071428571429052,0.0,0.12211944687281055,-0.7072517439425471,0.2234612115483843,,False
2020-02-04,RIDE,Lordstown Motors Corp,자동차 및 자동차 부품,10.08,10.1,10.08,10.1,10.1,3200.0,0.08419777417363328,9.972380000000001,9.896926666666667,9.867145,0.0012666666666669713,0.000900000000000567,0.014642857142857528,1.3658536585365202,0.28297156172306964,0.014278442249721524,0.27139286726278605,,False
2020-02-05,RIDE,Lordstown Motors Corp,자동차 및 자동차 부품,10.1,10.1,10.08,10.08,10.08,51600.0,-1.1330741594752447,9.97558,9.899326666666665,9.868845,0.0011999999999989797,0.0008499999999997954,0.016071428571428927,-1.2444444444443903,0.19408267283418462,-2.2315938126692405,0.13141859951496063,,False
2020-02-06,RIDE,Lordstown Motors Corp,자동차 및 자동차 부품,10.1,10.1,10.1,10.1,10.1,300.0,-1.1559858615988294,9.979379999999999,9.90186,9.870645,0.0012666666666669713,0.0008999999999996788,0.016071428571428927,1.2444444444443903,0.2518189137479925,0.9411461947460276,0.251595822358962,,False
2020-02-07,RIDE,Lordstown Motors Corp,자동차 및 자동차 부품,10.11,10.11,10.1,10.109,10.109,8300.0,-0.48489818182946287,9.98336,9.904453333333334,9.87249,0.0012966666666676119,0.0009225000000006034,0.016785714285714626,0.5361702127659669,0.2901167860884187,1.020344736711119,0.3636856839773847,,False
2020-02-10,RIDE,Lordstown Motors Corp,자동차 및 자동차 부품,10.12,10.12,10.12,10.12,10.12,2500.0,-1.0208176120424794,9.98756,9.907119999999999,9.87439,0.0013333333333322983,0.0009499999999995623,0.01614285714285733,0.6814159292034844,0.323683612278825,0.05376647715789462,0.32443725494743003,,False
2020-02-11,RIDE,Lordstown Motors Corp,자동차 및 자동차 부품,10.12,10.12,10.12,10.12,10.12,0.0,-1.1137953994727834,9.991760000000001,9.909786666666667,9.876290000000001,0.0013333333333340747,0.0009500000000004505,0.01614285714285733,0.0,0.323683612278825,-0.14417025754712326,0.31720057867346385,,False
2020-02-12,RIDE,Lordstown Motors Corp,자동차 및 자동차 부품,10.12,10.12,10.12,10.12,10.12,0.0,-1.6561909767375926,9.99596,9.912453333333334,9.87819,0.0013333333333331865,0.0009499999999995623,0.01328571428571441,0.0,0.2776713423401759,-0.5540450864745247,0.24379089300325021,,False
2020-02-13,RIDE,Lordstown Motors Corp,자동차 및 자동차 부품,10.12,10.12,10.12,10.12,10.12,0.0,-1.4198458077569698,10.000160000000001,9.91512,9.880090000000001,0.0013333333333331865,0.0009500000000004505,0.010428571428571485,0.0,0.3354748105482694,0.14799074638602167,0.22031437079787164,,False
2020-02-14,RIDE,Lordstown Motors Corp,자동차 및 자동차 부품,10.12,10.12,10.12,10.12,10.12,0.0,-1.547754768385179,10.004359999999998,9.917786666666666,9.88199,0.0013333333333331865,0.0009499999999995623,0.00971428571428566,0.0,0.3354748105482694,-0.18339502722654819,0.06165759234183223,,False
2020-02-18,RIDE,Lordstown Motors Corp,자동차 및 자동차 부품,10.12,10.12,10.12,10.12,10.12,0.0,-1.2388965315433653,10.008159999999998,9.920453333333333,9.883890000000001,0.0013333333333331865,0.0009500000000004505,0.008642857142857048,0.0,0.3354748105482694,0.3022142057464419,0.16806719156707745,,False
2020-02-19,RIDE,Lordstown Motors Corp,자동차 및 자동차 부품,10.1,10.11,10.1,10.11,10.11,270200.0,-1.7328343383932965,10.01236,9.92272,9.88574,0.0011333333333336526,0.0009249999999996206,0.010071428571428445,-0.992907801418431,0.26455282473266717,-1.4767885967514278,0.055021413895941826,,False
2020-02-20,RIDE,Lordstown Motors Corp,자동차 및 자동차 부품,10.1,10.13,10.1,10.115,10.115,454000.0,-1.2639582629699553,10.01666,9.92502,9.887265,0.0011499999999999844,0.0007624999999995552,0.012214285714285669,0.40935672514626437,0.2937925908145432,0.7992748979265951,0.13800791212023758,,False
2020-02-21,RIDE,Lordstown Motors Corp,자동차 및 자동차 부품,10.12,10.125,10.1,10.1,10.1,48500.0,-0.35401944832337273,10.02066,9.927219999999998,9.888715,0.0010999999999992127,0.0007250000000000867,0.011142857142857057,-1.3461538461539075,0.04669534843427841,-0.2164480529621573,-0.1596197769035536,,False
2020-02-24,RIDE,Lordstown Motors Corp,자동차 및 자동차 부품,10.1,10.1,10.1,10.1,10.1,100.0,2.9583506569020424,10.02466,9.92942,9.890165000000001,0.001100000000000989,0.0007250000000009749,0.011142857142857057,0.0,0.04669534843427841,3.012373513768722,0.10606774150439417,,False
2020-02-25,RIDE,Lordstown Motors Corp,자동차 및 자동차 부품,10.1,10.1,10.1,10.1,10.1,200000.0,5.940932004758781,10.02866,9.931619999999999,9.891615,0.0010999999999992127,0.0007249999999991985,0.00971428571428566,0.0,-0.050865627175473035,2.317476960507274,0.27058192137993364,,False
2020-02-26,RIDE,Lordstown Motors Corp,자동차 및 자동차 부품,10.1,10.1,10.1,10.1,10.1,1200.0,6.0358076207083,10.03186,9.93382,9.893065,0.001100000000000989,0.0007250000000000867,0.00828571428571426,0.0,0.038023261713411985,0.2653555862741379,0.44893544987588924,,False
2020-02-27,RIDE,Lordstown Motors Corp,자동차 및 자동차 부품,10.115,10.115,10.115,10.115,10.115,100.0,10.505858837348669,10.035359999999999,9.93612,9.89459,0.0011499999999999844,0.0007625000000004434,0.007928571428571476,1.8918918918919523,0.08426950795966641,4.464242861566108,0.7005852117916093,,False
2020-02-28,RIDE,Lordstown Motors Corp,자동차 및 자동차 부품,10.115,10.115,10.115,10.115,10.115,0.0,10.763538411903006,10.03886,9.93842,9.896115000000002,0.0011499999999999844,0.0007625000000004434,0.007214285714285776,0.0,0.04597163561924021,0.4049943065006323,0.6566316096337174,,False
2020-03-02,RIDE,Lordstown Motors Corp,자동차 및 자동차 부품,10.05,10.105,10.01,10.08,10.08,308900.0,5.289112880802183,10.04206,9.940486666666667,9.897465,0.0010333333333329975,0.000674999999999315,0.013928571428571576,-2.5128205128204963,-0.18218811023961554,-4.497148110785293,0.33156628192348964,,False
2020-03-03,RIDE,Lordstown Motors Corp,자동차 및 자동차 부품,10.08,10.08,10.08,10.08,10.08,0.0,7.892458446510009,10.04508,9.942553333333334,9.898814999999999,0.0010333333333338857,0.000674999999999315,0.013928571428571576,0.0,-0.18218811023961554,1.1093821963470878,0.4211057429159334,,False
2020-03-04,RIDE,Lordstown Motors Corp,자동차 및 자동차 부품,10.08,10.08,10.08,10.08,10.08,0.0,3.2621149768988555,10.04768,9.94462,9.900165,0.0010333333333329975,0.0006750000000002032,0.013928571428571576,0.0,-0.18218811023961554,-1.4787256306016074,0.35505713262114175,,False
2020-03-05,RIDE,Lordstown Motors Corp,자동차 및 자동차 부품,10.08,10.08,10.08,10.08,10.08,0.0,6.358282204658039,10.051079999999999,9.946686666666666,9.901515,0.0010333333333329975,0.0006750000000002032,0.013928571428571576,0.0,-0.18218811023961554,1.1384523350961437,0.42580438895757894,,False
2020-03-06,RIDE,Lordstown Motors Corp,자동차 및 자동차 부품,10.05,10.05,10.05,10.05,10.05,7300.0,7.261380712486432,10.05388,9.948553333333333,9.902715,0.0009333333333332305,0.000600000000000378,0.016071428571428674,-1.866666666666615,-0.31552144357294515,-1.355929728927928,0.3420519102646233,,False
2020-03-09,RIDE,Lordstown Motors Corp,자동차 및 자동차 부품,10.016,10.016,10.016,10.016,10.016,100.0,14.580554486728325,10.0558,9.949860000000001,9.903745,0.0006533333333340607,0.0005150000000000432,0.018500000000000152,-1.8378378378378604,-0.4467955748470781,0.105223171406579,0.32798112209749025,,False
2020-03-10,RIDE,Lordstown Motors Corp,자동차 및 자동차 부품,10.016,10.016,10.016,10.016,10.016,0.0,8.410361544437507,10.05772,9.951166666666666,9.904774999999999,0.0006533333333322844,0.000514999999999155,0.017071428571428755,0.0,-0.3758735890314759,-1.083903779987637,0.3560443232949039,,False
2020-03-11,RIDE,Lordstown Motors Corp,자동차 및 자동차 부품,10.02,10.02,10.0,10.0,10.0,100500.0,12.684184540421883,10.05932,9.952366666666666,9.905725,0.000600000000000378,0.00047500000000066933,0.016357142857142928,-0.9781659388646254,-0.47498235074653944,0.07114740913099526,0.3040352169523611,,False
2020-03-12,RIDE,Lordstown Motors Corp,자동차 및 자동차 부품,9.95,9.95,9.85,9.85,9.85,1122000.0,20.83853613920439,10.057920000000001,9.952833333333333,9.905925000000002,0.0002333333333330856,0.00010000000000065512,0.025285714285714356,-5.932203389830506,-0.8025573181520107,-4.19142507136025,0.020108287066782995,,False
2020-03-13,RIDE,Lordstown Motors Corp,자동차 및 자동차 부품,9.86,10.0,9.84,10.0,10.0,363400.0,11.088628244328858,10.058919999999999,9.9543,9.906875,0.0007333333333336967,0.000474999999998893,0.036714285714285796,4.0856031128404675,-0.5107285243776916,2.622580245173145,-0.007734089261472502,,False
2020-03-16,RIDE,Lordstown Motors Corp,자동차 및 자동차 부품,9.71,9.8,9.59,9.7,9.7,578100.0,20.48429828264777,10.053519999999999,9.953766666666667,9.906325,-0.0002666666666666373,-0.0002749999999993591,0.06600000000000009,-4.54545454545455,-0.8354038490530166,-2.6553183255314905,-0.36293375254995563,,False
2020-03-17,RIDE,Lordstown Motors Corp,자동차 및 자동차 부품,9.61,9.69,9.55,9.65,9.65,2698800.0,11.737568030573286,10.04712,9.9529,9.905525,-0.00043333333333350765,-0.00039999999999995595,0.07671428571428571,-0.6517690875232637,-0.8819587838761069,-1.4466134119337215,-0.48521725242194563,,False
2020-03-18,RIDE,Lordstown Motors Corp,자동차 및 자동차 부품,9.65,9.75,9.5,9.5,9.5,661700.0,14.379533234995812,10.03712,9.951033333333333,9.903975,-0.0009333333333332305,-0.0007749999999999702,0.09349999999999994,-1.604278074866315,-1.1316852100731258,-0.9063181023927114,-0.8688287498475756,,False
2020-03-19,RIDE,Lordstown Motors Corp,자동차 및 자동차 부품,9.55,9.6,9.5,9.6,9.6,951900.0,13.42768382209021,10.02972,9.949833333333334,9.902925,-0.0005999999999994898,-0.0005250000000005528,0.10064285714285706,0.9936124911284572,-1.060712889278236,0.9340521247265817,-0.8310389056885793,,False
2020-03-20,RIDE,Lordstown Motors Corp,자동차 및 자동차 부품,9.6,9.6,9.6,9.6,9.6,275000.0,16.67712395448313,10.02092,9.948633333333333,9.901875,-0.000600000000000378,-0.0005249999999996646,0.09314285714285704,0.0,-0.8812257097910577,0.5487259529632903,-0.47061932970653747,,False
2020-03-23,RIDE,Lordstown Motors Corp,자동차 및 자동차 부품,9.6,9.65,9.6,9.65,9.65,10700.0,18.856226802825727,10.01312,9.947766666666668,9.901075,-0.0004333333333326195,-0.00039999999999995595,0.09671428571428566,0.5169867060561376,-0.8442980879299051,0.8780039802207871,-0.4871463451441304,,False
2020-03-24,RIDE,Lordstown Motors Corp,자동차 및 자동차 부품,9.65,9.71,9.65,9.71,9.71,2100.0,8.2344860254703,10.00692,9.947233333333331,9.900575,-0.00026666666666841365,-0.00025000000000030553,0.10099999999999998,0.5940594059405991,-0.8018652732198623,-0.49322316090552076,-0.4167533115944099,,False
2020-03-25,RIDE,Lordstown Motors Corp,자동차 및 자동차 부품,9.73,9.97,9.73,9.97,9.97,1400.0,8.699320347271344,10.00512,9.9477,9.901375,0.00023333333333397377,0.00039999999999995595,0.11957142857142854,2.1744324970131412,-0.6465486662903521,2.0300172444220896,-0.3530701037854138,,False
2020-03-26,RIDE,Lordstown Motors Corp,자동차 및 자동차 부품,9.83,9.83,9.83,9.83,9.83,40900.0,0.4135928323008242,10.00132,9.947233333333333,9.901475,-0.0002333333333330856,4.999999999988347e-05,0.12742857142857147,-1.0986547085201834,-0.5916906692798929,-1.8779569209620766,-0.39035776035928155,,False
2020-03-27,RIDE,Lordstown Motors Corp,자동차 및 자동차 부품,9.83,9.83,9.83,9.83,9.83,0.0,3.2981900814905263,9.997520000000002,9.946766666666667,9.901575000000001,-0.0002333333333330856,5.000000000077165e-05,0.125,0.0,-0.46041653800576,0.46845612126740077,-0.3644125496549372,,False
2020-03-30,RIDE,Lordstown Motors Corp,자동차 및 자동차 부품,9.84,9.88,9.84,9.88,9.88,32400.0,-0.20897618321168432,9.99432,9.946633333333333,9.901925,-6.666666666710341e-05,0.00017499999999959215,0.12857142857142861,0.3888888888888943,-0.4326387602279818,-0.07161614017053725,-0.29210628966800145,,False
2020-03-31,RIDE,Lordstown Motors Corp,자동차 및 자동차 부품,9.92,10.495,9.84,10.4,10.4,41400.0,5.81548487141843,10.00152,9.949966666666667,9.904874999999999,0.0016666666666669272,0.001474999999999227,0.17392857142857146,2.9897330595482514,-0.14921740319849067,3.2267069631127328,-0.06670917866930592,,False
2020-04-01,RIDE,Lordstown Motors Corp,자동차 및 자동차 부품,10.22,10.23,10.22,10.23,10.23,6700.0,7.590346994642849,10.00512,9.952166666666667,9.906975,0.001100000000000101,0.0010500000000002174,0.17607142857142857,-0.9655172413793099,0.2055458931194519,-0.2885394940749687,0.21206836256535702,,False
2020-04-02,RIDE,Lordstown Motors Corp,자동차 및 자동차 부품,10.15,10.2,10.0,10.09,10.09,120800.0,2.867887279624304,10.00592,9.953433333333333,9.908875,0.0006333333333330415,0.0009500000000004505,0.18107142857142858,-0.7731755424063147,-0.1415097251124611,-1.1310851732141796,-0.05605059589088045,,False
2020-04-03,RIDE,Lordstown Motors Corp,자동차 및 자동차 부품,9.81,10.012,9.8,10.012,10.012,2400.0,2.791569139319394,10.00456,9.954180000000001,9.910335,0.00037333333333400276,0.0007299999999998974,0.17249999999999993,-0.452173913043475,0.15086746291690142,-0.1781598898613268,0.1208892923712741,,False
2020-04-06,RIDE,Lordstown Motors Corp,자동차 및 자동차 부품,9.84,10.04,9.84,10.04,10.04,55200.0,-3.8447220057879816,10.00456,9.955113333333333,9.911935000000001,0.0004666666666661712,0.0008000000000008001,0.17607142857142857,0.15902636916834956,0.2087814241091595,-1.094007555615078,0.14607542496546294,,False
2020-04-07,RIDE,Lordstown Motors Corp,자동차 및 자동차 부품,10.04,10.04,10.04,10.04,10.04,0.0,-4.0576933530168,10.00456,9.956046666666666,9.913535000000001,0.0004666666666661712,0.0007999999999999119,0.1582142857142857,0.0,0.3233727151710392,0.03309836637371918,0.21317660130592225,,False
2020-04-08,RIDE,Lordstown Motors Corp,자동차 및 자동차 부품,10.0,10.0,9.99,10.0,10.0,5300.0,-7.573788505440415,10.00376,9.956713333333333,9.914935,0.0003333333333337407,0.0006999999999992568,0.15464285714285708,-0.25866050808313545,0.23392464379878256,-0.9789855237034875,0.07653105498948874,,False
2020-04-09,RIDE,Lordstown Motors Corp,자동차 및 자동차 부품,9.8,9.98,9.8,9.85,9.85,2500.0,-9.755589876250115,9.99996,9.95638,9.915585,-0.00016666666666687036,0.00032500000000013074,0.16892857142857132,-0.887949260042286,0.17049969665290496,-1.2216522402850516,-0.049924530242535674,,False
2020-04-13,RIDE,Lordstown Motors Corp,자동차 및 자동차 부품,9.85,9.85,9.85,9.85,9.85,0.0,-8.692129038018038,9.99616,9.956046666666667,9.916235,-0.00016666666666598218,0.00032500000000013074,0.1653571428571427,0.0,0.1335720747917523,0.24256767973994325,-0.09531283741973881,,False
2020-04-14,RIDE,Lordstown Motors Corp,자동차 및 자동차 부품,9.85,9.85,9.85,9.85,9.85,0.0,-10.710253146169046,9.99156,9.955713333333334,9.916885,-0.00016666666666687036,0.00032500000000013074,0.16107142857142837,0.0,0.09113926008170949,-0.7854331702481225,-0.11618498094421037,,False
2020-04-15,RIDE,Lordstown Motors Corp,자동차 및 자동차 부품,9.85,9.85,9.85,9.85,9.85,0.0,-8.371958785183786,9.98696,9.955379999999998,9.917534999999999,-0.00016666666666775853,0.00032499999999924256,0.14249999999999982,0.0,-0.06417734684780059,0.6157572039791639,-0.21720355526156218,,False
2020-04-16,RIDE,Lordstown Motors Corp,자동차 및 자동차 부품,9.89,9.89,9.88,9.88,9.88,750100.0,-8.110093321481015,9.98256,9.955246666666667,9.918334999999999,-6.666666666532706e-05,0.00039999999999995595,0.1353571428571427,0.22163588390502184,0.030129124039714072,0.04812363406471265,-0.07962637275964868,,False
2020-04-17,RIDE,Lordstown Motors Corp,자동차 및 자동차 부품,9.9,9.9,9.9,9.9,9.9,750300.0,-9.691392348851668,9.978959999999999,9.955246666666667,9.919235,0.0,0.0004500000000007276,0.1367857142857141,0.14621409921670728,0.040572988269478874,-0.6768309180542651,-0.1614325898540534,,False
2020-04-20,RIDE,Lordstown Motors Corp,자동차 및 자동차 부품,9.92,9.92,9.92,9.92,9.92,200100.0,-7.067961399076761,9.97536,9.95538,9.920235,6.666666666621524e-05,0.0004999999999997229,0.13464285714285687,0.14854111405835257,0.023405290067297326,0.7289960939072923,-0.10424600170563701,,False
2020-04-21,RIDE,Lordstown Motors Corp,자동차 및 자동차 부품,9.92,9.92,9.92,9.92,9.92,0.0,-3.2467464396817802,9.97158,9.955513333333334,9.921235000000001,6.666666666710341e-05,0.0005000000000006111,0.08785714285714263,0.0,-0.19014707132900635,0.9580079920474796,-0.26629592821029796,,False
2020-04-22,RIDE,Lordstown Motors Corp,자동차 및 자동차 부품,10.0,10.0,10.0,10.0,10.0,50100.0,-4.147175823368343,9.96918,9.95618,9.922635,0.00033333333333285253,0.0006999999999992568,0.08071428571428552,0.9911504424778794,-0.05038509391063568,0.26330105211272203,-0.2268787463397486,,False
2020-04-23,RIDE,Lordstown Motors Corp,자동차 및 자동차 부품,9.98,9.98,9.97,9.97,9.97,179000.0,-3.7843921407400227,9.96618,9.956646666666668,9.923885,0.00023333333333397377,0.0006250000000003197,0.06642857142857116,-0.45161290322579867,-0.027416333969170256,-0.43370042110027673,-0.1770655497601841,,False
2020-04-24,RIDE,Lordstown Motors Corp,자동차 및 자동차 부품,10.0,10.04,9.93,10.04,10.04,552900.0,-4.182411020486986,9.96458,9.95758,9.925485,0.0004666666666661712,0.0007999999999999119,0.05357142857142832,1.3066666666666449,0.09821513601012402,0.8338160095018968,-0.10478155694852528,,False
2020-04-27,RIDE,Lordstown Motors Corp,자동차 및 자동차 부품,9.97,10.03,9.97,9.97,9.97,16500.0,-5.714315407737192,9.96158,9.958046666666668,9.926735,0.00023333333333397377,0.0006250000000003197,0.04428571428571398,-1.5806451612902999,-0.02604711616549379,-2.1559722728743176,-0.18063617960989956,,False
2020-04-28,RIDE,Lordstown Motors Corp,자동차 및 자동차 부품,10.0,10.0,9.95,9.95,9.95,800.0,-5.0372019740002605,9.95818,9.95838,9.927885,0.00016666666666598218,0.0005749999999995481,0.0478571428571426,-0.4179104477612245,-0.055897862434152686,-0.20165816292508512,-0.19740450313124272,,False
2020-04-29,RIDE,Lordstown Motors Corp,자동차 및 자동차 부품,9.95,9.95,9.95,9.95,9.95,23800.0,-6.681603930797175,9.954780000000001,9.958713333333332,9.929034999999999,0.00016666666666598218,0.0005749999999995481,0.0442857142857141,0.0,-0.037422111856785865,-1.101991951003929,-0.20619067650984566,,False
2020-04-30,RIDE,Lordstown Motors Corp,자동차 및 자동차 부품,9.95,9.95,9.95,9.95,9.95,0.0,-4.863849530359953,9.95158,9.959046666666666,9.929934999999999,0.00016666666666687036,0.0004499999999998394,0.029999999999999867,0.0,0.026002835289091707,0.40097408203415913,-0.09028879634418777,,False
2020-05-01,RIDE,Lordstown Motors Corp,자동차 및 자동차 부품,9.95,10.04,9.95,10.04,10.04,261700.0,-0.6145082148917735,9.95008,9.95998,9.931284999999999,0.00046666666666705936,0.0006750000000002032,0.03642857142857129,2.470588235294123,0.20247342352438621,3.652891795619107,0.15330578336146677,,False
2020-05-04,RIDE,Lordstown Motors Corp,자동차 및 자동차 부품,9.96,9.96,9.96,9.96,9.96,200.0,-1.1039796437648852,9.94728,9.96038,9.932234999999999,0.00020000000000042206,0.00047499999999978115,0.04214285714285688,-1.8983050847457341,0.06688020318540522,-2.080609898462644,0.06079315991757236,,False
2020-05-05,RIDE,Lordstown Motors Corp,자동차 및 자동차 부품,9.97,9.97,9.92,9.93,9.93,244900.0,-1.8594678827602906,9.94388,9.96058,9.933035,9.999999999976694e-05,0.0004000000000008441,0.0457142857142855,-0.656250000000028,0.02000520318540322,-1.0583459614928141,-0.058785637616140356,,False
2020-05-06,RIDE,Lordstown Motors Corp,자동차 및 자동차 부품,9.95,10.09,9.95,9.95,9.95,1600100.0,-0.5730463112392448,9.94088,9.960913333333332,9.933935,0.00016666666666598218,0.0004499999999998394,0.054285714285714014,0.36842105263157293,0.030489858094442584,0.6812059809280069,-0.013565469983047909,,False
2020-05-07,RIDE,Lordstown Motors Corp,자동차 및 자동차 부품,9.95,9.95,9.95,9.95,9.95,200.0,-1.4472987012100202,9.93788,9.961246666666668,9.934835,0.00016666666666775853,0.0004499999999998394,0.05285714285714262,0.0,0.02004599386467778,-0.527388251043146,-0.0028909937679679754,,False
2020-05-08,RIDE,Lordstown Motors Corp,자동차 및 자동차 부품,9.95,9.95,9.95,9.95,9.95,250600.0,-2.8960099311605814,9.93458,9.96158,9.935735,0.00016666666666598218,0.0004499999999998394,0.05142857142857122,0.0,0.009435914289081164,-0.7851649323917751,-0.11104535278932993,,False
2020-05-11,RIDE,Lordstown Motors Corp,자동차 및 자동차 부품,9.99,9.99,9.99,9.99,9.99,200.0,-2.298766026034993,9.93208,9.96218,9.936835,0.000300000000000189,0.0005500000000004945,0.054285714285714146,0.7368421052631768,0.06206749323645094,0.7301156875099687,-0.1273233745420093,-0.02334584043665582,False
2020-05-12,RIDE,Lordstown Motors Corp,자동차 및 자동차 부품,10.03,10.05,9.9,10.02,10.02,3400.0,0.0022984377575197,9.93088,9.962846666666666,9.938085,0.00033333333333285253,0.0006249999999994316,0.059285714285714164,0.5060240963855325,0.027415611372711868,1.545307328206237,-0.035751497678186785,-0.03411639884251886,False
2020-05-13,RIDE,Lordstown Motors Corp,자동차 및 자동차 부품,10.0,10.0,9.89,9.99,9.99,1600.0,1.4695925445080915,9.929079999999999,9.963313333333332,9.939185,0.0002333333333330856,0.0005500000000004945,0.06642857142857128,-0.45161290322579783,0.02741561137271193,0.38418003743703477,0.022668535074478333,-0.03961267510430419,False
2020-05-14,RIDE,Lordstown Motors Corp,자동차 및 자동차 부품,9.99,9.99,9.99,9.99,9.99,0.0,0.3522261475953137,9.92728,9.96378,9.940285,0.00023333333333397377,0.0005499999999996064,0.05857142857142846,0.0,-0.06591772196061985,-0.5201484688011131,-0.07404321337573665,-0.038587180736972926,False
2020-05-15,RIDE,Lordstown Motors Corp,자동차 및 자동차 부품,9.99,9.99,9.99,9.99,9.99,0.0,-0.10392511865867649,9.92548,9.964246666666666,9.941384999999999,0.0002333333333330856,0.0005499999999996064,0.05357142857142857,0.0,0.04698550384583015,-0.17981567674882531,0.06711082920465564,-0.03658887322836793,False
2020-05-18,RIDE,Lordstown Motors Corp,자동차 및 자동차 부품,9.99,9.99,9.99,9.99,9.99,0.0,-2.9715171156236786,9.92428,9.964713333333332,9.942485,0.0002333333333330856,0.0005500000000004945,0.04999999999999995,0.0,0.07683625011448904,-1.3788294637426026,-0.016972835139452754,-0.04065347825420208,False
2020-05-19,RIDE,Lordstown Motors Corp,자동차 및 자동차 부품,9.99,9.99,9.99,9.99,9.99,0.0,-1.6511359960679206,9.92376,9.96518,9.943335,0.00023333333333397377,0.0004249999999998977,0.04999999999999995,0.0,0.07683625011448904,0.5004727352516639,0.09748892816451818,-0.038023005956365936,False
2020-05-20,RIDE,Lordstown Motors Corp,자동차 및 자동차 부품,9.99,9.99,9.99,9.99,9.99,0.0,-2.968064715324892,9.92324,9.965646666666666,9.944185,0.0002333333333330856,0.0004249999999998977,0.04999999999999995,0.0,0.07683625011448904,-0.7772568402053114,0.013329576575984563,-0.03814611021971232,False
2020-05-21,RIDE,Lordstown Motors Corp,자동차 및 자동차 부품,9.99,9.99,9.99,9.99,9.99,0.0,-1.9597541514151162,9.92304,9.966113333333332,9.945035,0.0002333333333330856,0.00042500000000078586,0.04357142857142853,0.0,-0.09963433812080547,0.3916407408104186,-0.21961692733892174,-0.03658287522643432,False
2020-05-22,RIDE,Lordstown Motors Corp,자동차 및 자동차 부품,9.99,9.99,9.99,9.99,9.99,0.0,-1.9643360908505048,9.925839999999999,9.96658,9.946085,0.00023333333333397377,0.0005249999999996646,0.037857142857142936,0.0,0.035958882218175545,-0.12106454444215384,-0.07964940205174387,-0.035879612501941875,False
2020-05-26,RIDE,Lordstown Motors Corp,자동차 및 자동차 부품,9.98,9.98,9.92,9.92,9.92,900.0,-3.6264275353181996,9.92424,9.96658,9.946785,0.0,0.0003500000000000725,0.039285714285714333,-1.7818181818181869,-0.04443884505455009,-2.407009704299706,-0.17598252653795043,-0.054068016665457616,False
2020-05-27,RIDE,Lordstown Motors Corp,자동차 및 자동차 부품,9.939,9.939,9.939,9.939,9.939,300.0,-4.573419391464606,9.929020000000001,9.966706666666665,9.947579999999999,6.333333333241598e-05,0.0003974999999991624,0.029214285714285766,0.6503667481662624,-0.024299866802072276,-0.09218191547098609,-0.2312245191378785,-0.05068723876452997,False
2020-05-28,RIDE,Lordstown Motors Corp,자동차 및 자동차 부품,9.939,9.939,9.939,9.939,9.939,0.0,-4.226069647473185,9.934800000000001,9.966833333333332,9.948375,6.333333333330415e-05,0.00039750000000093877,0.029214285714285766,0.0,-0.024299866802072273,0.10819391633534693,-0.1858257928965576,-0.05227575304546325,False
2020-05-29,RIDE,Lordstown Motors Corp,자동차 및 자동차 부품,9.93,9.93,9.93,9.93,9.93,17600.0,-4.555716714063907,9.9434,9.967033333333333,9.949125,0.00010000000000065512,0.0003750000000000142,0.029857142857142933,-0.30143540669857527,-0.04583096728054194,-0.5480418828158206,-0.16888843221256084,-0.038342596233034355,False
2020-06-01,RIDE,Lordstown Motors Corp,자동차 및 자동차 부품,9.93,9.93,9.93,9.93,9.93,0.0,-4.497175216668603,9.95,9.967233333333333,9.949875,9.999999999976694e-05,0.0003750000000000142,0.027000000000000007,0.0,-0.09846254622791172,-0.19555859769708644,-0.23500802401306475,-0.03816882102461745,False
2020-06-02,RIDE,Lordstown Motors Corp,자동차 및 자동차 부품,10.0,10.0,9.97,9.98,9.98,456500.0,-4.426851924038289,9.9576,9.967766666666666,9.950875,0.0002666666666666373,0.0004999999999997229,0.02128571428571429,2.348993288590637,0.033178110358167166,1.8932537743087288,-0.21015470643431536,-0.02241961137607307,False
2020-06-03,RIDE,Lordstown Motors Corp,자동차 및 자동차 부품,9.98,9.98,9.98,9.98,9.98,0.0,-5.342283387472079,9.9642,9.9683,9.951875,0.0002666666666666373,0.0004999999999997229,0.012000000000000075,0.0,0.06543617487429558,-0.7956706188870094,-0.2944297533146042,-0.023110380363308522,False
2020-06-04,RIDE,Lordstown Motors Corp,자동차 및 자동차 부품,10.05,10.05,10.015,10.015,10.015,3000.0,-4.299002170023025,9.970300000000002,9.968933333333332,9.953,0.00031666666666652077,0.0005625000000000213,0.017000000000000095,2.0588235294117614,0.21249499840370709,2.2715887249556186,-0.09501995376055196,-0.03204218973787465,False
2020-06-05,RIDE,Lordstown Motors Corp,자동차 및 자동차 부품,10.044,10.044,9.98,9.98,9.98,300.0,-6.612772424610247,9.9705,9.969333333333333,9.9534,0.00020000000000042206,0.00020000000000042206,0.02157142857142867,-1.6225165562913901,0.09660095866860784,-3.1589433996859437,-0.3078147911132033,-0.050135485820687685,False
2020-06-08,RIDE,Lordstown Motors Corp,자동차 및 자동차 부품,9.98,9.98,9.98,9.98,9.98,0.0,-7.296361601319679,9.9735,9.969733333333334,9.9538,0.00020000000000042206,0.00019999999999953388,0.02157142857142867,0.0,0.09660095866860784,-0.7939600728245738,-0.2660384060476298,-0.058504792341475695,False
2020-06-09,RIDE,Lordstown Motors Corp,자동차 및 자동차 부품,9.98,9.98,9.98,9.98,9.98,0.0,-6.148403622632115,9.9765,9.970133333333333,9.9542,0.00019999999999953388,0.00020000000000042206,0.02157142857142867,0.0,0.09660095866860784,0.5224171307920458,-0.2644709492233169,-0.04585797550934583,False
2020-06-10,RIDE,Lordstown Motors Corp,자동차 및 자동차 부품,10.04,10.12,10.01,10.12,10.12,1233300.0,-3.8612202047518585,9.9813,9.971466666666666,9.9553,0.0006666666666665932,0.0005499999999996064,0.031571428571428584,4.4343891402714535,0.4133430401165688,4.795833948952726,0.13360696428797159,-0.010100135758990223,False
2020-06-11,RIDE,Lordstown Motors Corp,자동차 및 자동차 부품,10.12,10.12,10.12,10.12,10.12,149000.0,2.4268403259130933,9.9757,9.972800000000001,9.9564,0.0006666666666674814,0.0005500000000004945,0.031571428571428584,0.0,0.4133430401165688,3.2471070005329388,0.3375688399824373,0.010328610158808236,False
2020-06-12,RIDE,Lordstown Motors Corp,자동차 및 자동차 부품,10.09,10.09,10.09,10.09,10.09,93400.0,1.0900050067284894,9.9729,9.973933333333333,9.95735,0.0005666666666659381,0.00047499999999978115,0.03371428571428568,-0.8898305084745581,0.3497837180826718,-1.505565311027176,0.23867592808350713,0.001028884460732451,False
2020-06-15,RIDE,Lordstown Motors Corp,자동차 및 자동차 부품,10.09,10.09,10.09,10.09,10.09,100.0,0.5602946764722505,9.9729,9.975066666666667,9.9583,0.0005666666666668263,0.00047499999999978115,0.02871428571428566,0.0,0.47705644535539937,-0.3767718572628029,0.38369291715757164,0.0014133334757174647,False
2020-06-16,RIDE,Lordstown Motors Corp,자동차 및 자동차 부품,10.08,10.08,10.08,10.08,10.08,2700.0,-1.173164759284906,9.974260000000001,9.976133333333333,9.959200000000001,0.0005333333333332746,0.0004500000000007276,0.028071428571428494,-0.3562340966921054,0.4051563850083731,-1.204510430505968,0.30424088036935865,-0.003876388060964801,False
2020-06-17,RIDE,Lordstown Motors Corp,자동차 및 자동차 부품,10.13,10.13,10.11,10.11,10.11,20500.0,-0.2601912327934164,9.97566,9.977533333333332,9.96025,0.0006999999999992568,0.0005249999999996646,0.03164285714285712,0.9480812641083327,0.47287647530182547,1.114296056250973,0.37610531893476057,0.01839849148874901,False
2020-06-18,RIDE,Lordstown Motors Corp,자동차 및 자동차 부품,10.11,10.15,10.08,10.08,10.08,25800.0,-0.422193308167762,9.976460000000001,9.978733333333333,9.961149999999998,0.000600000000000378,0.00044999999999895124,0.03599999999999997,-0.8333333333333163,0.4348837662564868,-0.8613803203418121,0.35372400196861825,0.014318772916860609,False
2020-06-19,RIDE,Lordstown Motors Corp,자동차 및 자동차 부품,10.18,10.18,10.01,10.01,10.01,24600.0,-0.3113996380415207,9.97666,9.979333333333333,9.9617,0.000300000000000189,0.00027500000000113545,0.048142857142857105,-1.454005934718108,0.3310261994909077,-1.1987416060305178,0.28206807280194457,-0.007284402363778722,False
2020-06-22,RIDE,Lordstown Motors Corp,자동차 및 자동차 부품,10.17,10.17,10.14,10.14,10.14,3200.0,0.5300275831032986,9.98246,9.980799999999999,9.9629,0.0007333333333328085,0.0005999999999994898,0.05457142857142853,2.3821989528795973,0.3333980326544049,2.093997964119404,0.29640694350270713,0.007590456182664177,False
2020-06-23,RIDE,Lordstown Motors Corp,자동차 및 자동차 부품,10.17,10.17,10.1,10.151,10.151,12900.0,0.3221381991787453,9.98848,9.98234,9.964155,0.0007700000000010476,0.0006275000000002251,0.059571428571428546,0.18465227817744523,0.3465874810956509,-0.01032773691276942,0.35250286364372424,0.01586701924928841,False
2020-06-24,RIDE,Lordstown Motors Corp,자동차 및 자동차 부품,10.12,10.12,10.07,10.1,10.1,5500.0,2.4079282538343127,9.99348,9.98354,9.965155,0.0005999999999994898,0.0004999999999997229,0.060357142857142776,-0.8449704142011871,0.13917362798044033,0.2608681604707048,0.2088799661805161,0.01815795351686612,False
2020-06-25,RIDE,Lordstown Motors Corp,자동차 및 자동차 부품,10.1,10.1,10.1,10.1,10.1,0.0,1.3060136104425135,9.998479999999999,9.98474,9.966155,0.000600000000000378,0.0005000000000006111,0.0557857142857142,0.0,0.2550676677155396,-0.47378532478444374,0.40067697153062326,0.01432378837624286,False
2020-06-26,RIDE,Lordstown Motors Corp,자동차 및 자동차 부품,10.11,10.11,10.07,10.07,10.07,18000.0,3.37740758001559,10.002279999999999,9.98574,9.967005,0.0004999999999997229,0.0004249999999998977,0.058642857142857,-0.5115712545675909,0.21852686381785455,0.5061176411255702,0.4935396653842049,0.013501230967100692,False
2020-06-29,RIDE,Lordstown Motors Corp,자동차 및 자동차 부품,10.1,10.23,10.079,10.2,10.2,94700.0,3.0514923600803767,10.00828,9.987606666666666,9.968505,0.0009333333333332305,0.0007500000000000284,0.07007142857142844,1.8552497451579915,0.3510447027577111,1.2618854763271137,0.5463588329224242,0.020053367547453422,False
2020-06-30,RIDE,Lordstown Motors Corp,자동차 및 자동차 부품,10.2,10.33,10.2,10.3,10.3,342500.0,2.351732514597016,10.01588,9.990206666666666,9.970505000000001,0.0012999999999996348,0.001000000000000334,0.06935714285714287,1.4418125643666526,0.1372892330502253,0.8230409286237348,0.26258790289892475,0.03980877025564648,False
2020-07-01,RIDE,Lordstown Motors Corp,자동차 및 자동차 부품,10.33,10.497,10.244,10.44,10.44,41000.0,2.978924178250675,10.02628,9.99374,9.973205,0.0017666666666675823,0.0013499999999995183,0.08742857142857144,1.6013071895424698,0.2516683180175446,1.3596510773065626,0.12776962266846928,0.05745715253085964,False
2020-07-02,RIDE,Lordstown Motors Corp,자동차 및 자동차 부품,10.34,10.6,10.34,10.45,10.45,511300.0,2.4214124767365064,10.03528,9.99734,9.975954999999999,0.0017999999999993577,0.00137499999999946,0.1038571428571429,0.09628610729023175,0.322105219143601,-0.13731264391931025,0.22550195603331685,0.0590786537173382,False
2020-07-06,RIDE,Lordstown Motors Corp,자동차 및 자동차 부품,10.45,10.989,10.31,10.35,10.35,181000.0,-0.3437905507130745,10.04288,10.000273333333332,9.978205,0.0014666666666665051,0.0011250000000009308,0.1523571428571429,-0.6563525550867297,0.27522289378026316,-1.5411981094422686,0.14232865230621214,0.05378055895830019,False
2020-07-07,RIDE,Lordstown Motors Corp,자동차 및 자동차 부품,10.3,10.37,10.3,10.36,10.36,212300.0,0.5260307244289608,10.04928,10.003273333333333,9.980504999999999,0.0015000000000000568,0.0011499999999990962,0.1566428571428571,0.06383948928408438,0.3052281499214196,0.7138845486962846,0.27935686510637303,0.05363366794889122,False
2020-07-08,RIDE,Lordstown Motors Corp,자동차 및 자동차 부품,10.35,10.38,10.35,10.38,10.38,61100.0,-0.3097376770764937,10.05748,10.006406666666667,9.982905,0.0015666666666671603,0.001200000000000756,0.15521428571428572,0.12885411872987523,0.24671192525152974,-0.3350404863916425,0.17583282634618622,0.04155165018804596,False
2020-07-09,RIDE,Lordstown Motors Corp,자동차 및 자동차 부품,10.35,10.4,10.35,10.4,10.4,263500.0,0.25517259217857635,10.066479999999999,10.009673333333332,9.985405,0.0016333333333324873,0.0012499999999997513,0.15378571428571433,0.13005109150022942,0.3155250984539259,0.45090496652542517,0.26956748969384603,0.03773053122281127,False
2020-07-10,RIDE,Lordstown Motors Corp,자동차 및 자동차 부품,10.258,10.44,10.258,10.4,10.4,113100.0,-0.6236511689514224,10.07548,10.012806666666666,9.987905,0.0015666666666671603,0.0012499999999997513,0.15464285714285722,0.0,0.419382665219505,-0.6086874223728422,0.3117142170979657,0.016645351003378422,False
2020-07-13,RIDE,Lordstown Motors Corp,자동차 및 자동차 부품,10.4,10.5,10.38,10.4,10.4,262200.0,0.34842504865628676,10.08448,10.01614,9.990405,0.0016666666666669272,0.0012500000000006395,0.15178571428571427,0.0,0.24922559715667664,0.5198108440691849,0.19927227995152147,0.04706697221278901,False
2020-07-14,RIDE,Lordstown Motors Corp,자동차 및 자동차 부품,10.4,10.5,10.38,10.42,10.42,158300.0,-0.7410303659358908,10.09208,10.019606666666666,9.993005,0.0017333333333331424,0.0012999999999996348,0.15535714285714278,0.12873563218390538,0.24523155101428093,-0.576777202023224,0.15881160387220325,0.05209435957540361,False
2020-07-15,RIDE,Lordstown Motors Corp,자동차 및 자동차 부품,10.47,10.49,10.375,10.45,10.45,121200.0,-1.3705286671101824,10.10188,10.023273333333334,9.995755,0.0018333333333337976,0.0013750000000003482,0.15778571428571425,0.19013128112267594,0.3191673863945569,-0.3304393083945424,0.11657535609611422,0.04680504820933121,False
2020-07-16,RIDE,Lordstown Motors Corp,자동차 및 자동차 부품,10.45,10.47,10.36,10.45,10.45,117900.0,-1.0374356134245755,10.11228,10.02694,9.998505,0.0018333333333329094,0.00137499999999946,0.1656428571428572,0.0,0.3191673863945569,0.20604755451283238,0.1651348474744911,0.047118216649371394,False
2020-07-17,RIDE,Lordstown Motors Corp,자동차 및 자동차 부품,10.44,10.5,10.41,10.45,10.45,78600.0,-1.3260221652613646,10.12228,10.030606666666667,10.001255,0.0018333333333337976,0.0013750000000003482,0.16921428571428582,0.0,0.35570819029224193,-0.18439411353522536,0.11581257928443425,0.0488676688276674,False
2020-07-20,RIDE,Lordstown Motors Corp,자동차 및 자동차 부품,10.45,10.48,10.39,10.45,10.45,14500.0,-2.1220934072347264,10.132280000000002,10.034006666666667,10.004005,0.0016999999999995907,0.00137499999999946,0.1642142857142858,0.0,0.2231903513523854,-0.5542689942874992,-0.013912740045180958,0.03467778807818349,False
2020-07-21,RIDE,Lordstown Motors Corp,자동차 및 자동차 부품,10.49,10.5,10.38,10.485,10.485,143900.0,-1.9091329620224529,10.14298,10.03764,10.00693,0.0018166666666665776,0.0014625000000005883,0.16349999999999998,0.21406727828746266,0.13549425948958613,0.09657667671124225,-0.06580304375321613,0.03538865801806134,False
2020-07-22,RIDE,Lordstown Motors Corp,자동차 및 자동차 부품,10.48,10.49,10.42,10.486,10.486,21000.0,-2.399434784299559,10.1529,10.04128,10.00986,0.0018200000000003769,0.0014649999999996055,0.1504285714285714,0.006647673314348106,0.02159000833043458,-0.3973779954775859,-0.1913051203806553,0.039231676070530484,False
2020-07-23,RIDE,Lordstown Motors Corp,자동차 및 자동차 부품,10.388,10.485,10.36,10.36,10.36,41800.0,-2.2064509936488452,10.159699999999999,10.044213333333333,10.01206,0.0014666666666665051,0.001100000000000101,0.14085714285714296,-0.8945233265720162,-0.04918209408829742,-0.03324622585345238,-0.18387180480452261,0.04792320013260892,False
2020-07-24,RIDE,Lordstown Motors Corp,자동차 및 자동차 부품,10.48,10.48,10.41,10.44,10.44,2400.0,-0.7941327768404616,10.1687,10.04762,10.01466,0.00170333333333339,0.0012999999999996348,0.10092857142857158,0.7926397735314928,0.054317357955861345,1.2314270285899762,0.0141728479120663,0.052006609124787634,False
2020-07-27,RIDE,Lordstown Motors Corp,자동차 및 자동차 부품,10.472,10.5,10.4,10.4,10.4,22700.0,-1.6952708437508623,10.1769,10.050619999999999,10.01706,0.0014999999999991687,0.001200000000000756,0.1030714285714288,-0.3880803880803789,0.02203736671554254,-0.92071850142511,-0.10258451281089045,0.042152703141423685,False
2020-07-28,RIDE,Lordstown Motors Corp,자동차 및 자동차 부품,10.48,10.5,10.425,10.49,10.49,10000.0,-0.07401623400892232,10.186900000000001,10.054486666666667,10.01991,0.0019333333333344527,0.0014249999999993435,0.1080714285714287,0.832782551222734,0.07231796903646102,1.3083532933561637,0.0148007571710957,0.06878939582195166,False
2020-07-29,RIDE,Lordstown Motors Corp,자동차 및 자동차 부품,10.49,10.49,10.36,10.38,10.38,130800.0,-2.1305880099347196,10.194700000000001,10.05762,10.02221,0.001566666666666272,0.0011499999999999844,0.1137857142857144,-0.9667294413057065,-0.006023497592534399,-1.9007780612884844,-0.15317660195846927,0.057101905902313406,False
2020-07-30,RIDE,Lordstown Motors Corp,자동차 및 자동차 부품,10.362,10.45,10.3,10.375,10.375,39200.0,-1.5757861143719465,10.2024,10.060653333333333,10.024485,0.0015166666666663886,0.0011375000000004576,0.1115,-0.044843049327361266,-0.009226572544488776,0.23875320789969295,-0.0926451283675739,0.054341237483725637,False
2020-07-31,RIDE,Lordstown Motors Corp,자동차 및 자동차 부품,10.45,10.45,10.155,10.24,10.24,269800.0,-3.285872193224937,10.2074,10.062786666666668,10.026085,0.0010666666666674374,0.0007999999999999119,0.12400000000000004,-1.0887096774193528,-0.08699154950301398,-1.701076188143567,-0.2512799163827705,0.04929043135183398,False
2020-08-03,RIDE,Lordstown Motors Corp,자동차 및 자동차 부품,11.65,12.45,11.11,12.39,12.39,19380300.0,15.285427507310567,10.2554,10.079253333333332,10.038435,0.008233333333332205,0.0061749999999998195,0.2732857142857143,7.8672242550967075,0.4657576378479004,7.243899691715885,0.30733986174145167,0.09762863278507977,False
2020-08-04,RIDE,Lordstown Motors Corp,자동차 및 자동차 부품,14.1,15.1,12.64,13.0,13.0,21140800.0,19.359016227587734,10.3156,10.099786666666665,10.053835,0.010266666666666424,0.007699999999999818,0.4586428571428571,1.3300109017287016,0.5471776107483308,1.0016083268485985,0.40248612140167594,0.0969180817985611,False
2020-08-05,RIDE,Lordstown Motors Corp,자동차 및 자동차 부품,13.4,13.68,12.3,12.43,12.43,5051500.0,12.608945092634816,10.3658,10.11632,10.066385,0.008266666666667533,0.006275000000000475,0.5493571428571427,-1.0375763879859585,0.47306501160647674,-1.628612922825453,0.27143894444894134,0.07392771138639911,False
2020-08-06,RIDE,Lordstown Motors Corp,자동차 및 자동차 부품,12.4,12.74,12.1,12.4,12.4,2532900.0,10.945765504803884,10.41502,10.132520000000001,10.078785,0.008100000000000662,0.006199999999999761,0.588642857142857,-0.05096468875136405,0.46942467669566496,-0.6397427823364333,0.2389140395345693,0.07004967715107918,False
2020-08-07,RIDE,Lordstown Motors Corp,자동차 및 자동차 부품,12.2,12.4,11.75,12.25,12.25,3270100.0,8.897926747903018,10.46124,10.147720000000001,10.090435,0.007600000000000051,0.005824999999999747,0.6286428571428571,-0.23860924894898367,0.4523811589135947,-0.2993103805605506,0.25712536908649425,0.05959881619972254,False
2020-08-10,RIDE,Lordstown Motors Corp,자동차 및 자동차 부품,12.35,12.95,12.3,12.58,12.58,2123200.0,10.787347935846103,10.51424,10.16492,10.103835,0.008599999999999497,0.006700000000000372,0.6700714285714284,0.49248480972177827,0.4722681254446173,0.22846565774273425,0.26654601058874366,0.05064306542719709,False
2020-08-11,RIDE,Lordstown Motors Corp,자동차 및 자동차 부품,12.72,12.72,12.26,12.37,12.37,1768700.0,9.083761253873801,10.56304,10.180919999999999,10.116185,0.007999999999999119,0.0061749999999998195,0.6979285714285713,-0.3008903899293841,0.4503011209272078,0.42617842785222215,0.32537146939801564,0.06112653658383049,False
2020-08-12,RIDE,Lordstown Motors Corp,자동차 및 자동차 부품,12.27,12.6,12.25,12.6,12.6,1204700.0,8.796781329891278,10.61544,10.197986666666667,10.129685,0.00853333333333417,0.006750000000000256,0.7139285714285712,0.3221610805402708,0.5372071500066569,-0.9523831603113282,0.2597188312224531,0.03866942958399347,False
2020-08-13,RIDE,Lordstown Motors Corp,자동차 및 자동차 부품,12.51,13.23,12.37,12.93,12.93,1639000.0,10.931273857396206,10.674439999999999,10.217253333333334,10.144834999999999,0.009633333333333383,0.007574999999999221,0.7667857142857141,0.4303679552864464,0.5113305915605821,0.6238191894598366,0.21631827128458597,0.04996205481458069,False
2020-08-14,RIDE,Lordstown Motors Corp,자동차 및 자동차 부품,13.1,13.1,12.565,12.97,12.97,901700.0,10.327934720549248,10.73354,10.23692,10.160084999999999,0.009833333333332916,0.007624999999999993,0.7978571428571427,0.05013428827215873,0.5426316398714778,0.0666840782045806,0.28684702697242104,0.050561371150800054,False
2020-08-17,RIDE,Lordstown Motors Corp,자동차 및 자동차 부품,13.1,13.56,12.81,13.55,13.55,1965500.0,13.657271680896944,10.804939999999998,10.260186666666668,10.178235,0.01163333333333405,0.009075000000001054,0.8442857142857142,0.6869712351945856,0.5322165458694671,0.4191020345745183,0.2233290799165892,0.05429209384569118,False
2020-08-18,RIDE,Lordstown Motors Corp,자동차 및 자동차 부품,13.99,14.7,13.56,13.74,13.74,2771700.0,13.641110804683043,10.880139999999999,10.284986666666665,10.197334999999999,0.012399999999998634,0.00954999999999906,0.9171428571428569,0.2071651090342674,0.6160661566080367,-0.03184535769799865,0.3568242730301953,0.05845822304605056,False
2020-08-19,RIDE,Lordstown Motors Corp,자동차 및 자동차 부품,13.93,14.5,13.81,14.4,14.4,2087700.0,17.86540089760922,10.96854,10.314186666666666,10.219735,0.014600000000000612,0.011200000000000543,0.9607142857142855,0.6869888475836434,0.6683398635302513,1.1709744423163562,0.423411504059957,0.06807774642282416,False
2020-08-20,RIDE,Lordstown Motors Corp,자동차 및 자동차 부품,14.5,14.76,13.9,13.95,13.95,2428600.0,12.396430619292786,11.045140000000002,10.340253333333333,10.239885000000001,0.013033333333333452,0.0100750000000005,1.0010714285714284,-0.449518373171603,0.7139963852622334,-0.8082045746595758,0.48718804788024206,0.0676319487588936,False
2020-08-21,RIDE,Lordstown Motors Corp,자동차 및 자동차 부품,13.75,13.98,13.2,13.34,13.34,1994800.0,6.128507134267691,11.109539999999999,10.362253333333333,10.256985,0.01100000000000012,0.008549999999999613,0.8989285714285714,-0.6785856177989664,0.10358139434111388,-1.0811883371743911,-0.10746109704049198,0.06408344868404299,False
2020-08-24,RIDE,Lordstown Motors Corp,자동차 및 자동차 부품,13.809,14.35,13.8,14.17,14.17,2097300.0,10.241371494768892,11.19114,10.38972,10.278235,0.013733333333333597,0.010625000000000107,0.7775,1.0675241157556272,0.08483233820017999,-0.070976551409482,-0.18407430263035487,0.05958864178413138,False
2020-08-25,RIDE,Lordstown Motors Corp,자동차 및 자동차 부품,14.36,14.55,14.034,14.45,14.45,1947100.0,10.633504363805034,11.278339999999998,10.419053333333332,10.300885000000001,0.01466666666666594,0.011325000000000252,0.7157857142857144,0.3911785250972947,0.1868862605632695,-0.026441263828540562,-0.06963346984486112,0.05969807862335175,False
2020-08-26,RIDE,Lordstown Motors Corp,자동차 및 자동차 부품,15.9,17.110001,15.64,16.0,16.0,5685900.0,19.045654160069112,11.39674,10.45852,10.331285000000001,0.019733333333333825,0.015200000000000102,0.8600715000000001,1.8021757493417705,0.31925343471277917,0.6269234590804298,0.020842690256343388,0.06071963159783151,False
2020-08-27,RIDE,Lordstown Motors Corp,자동차 및 자동차 부품,16.25,18.969999,16.209999,17.83,17.83,6618500.0,29.227503532769727,11.55114,10.510453333333333,10.370935,0.02596666666666625,0.019824999999999093,1.0257857142857145,1.7839983288071841,0.4637254045525054,1.5933773709228243,0.15603467250515587,0.06816440035557485,False
2020-08-28,RIDE,Lordstown Motors Corp,자동차 및 자동차 부품,18.879999,19.75,17.26,17.639999,17.639999,4846200.0,24.02284005998505,11.70233998,10.561119993333334,10.409634995,0.025333330000000487,0.019349997499999994,1.1536428571428574,-0.16469655129713218,0.41678387876544043,-0.9383872664496671,0.07268803506284151,0.048323152771523714,False
2020-08-31,RIDE,Lordstown Motors Corp,자동차 및 자동차 부품,18.34,18.49,16.049999,16.780001,16.780001,3355100.0,16.74840806045017,11.837739999999998,10.606053333333334,10.443935000000002,0.022466670000000022,0.017150002500001094,1.2950715,-0.664054455680633,0.3908435883546369,-0.38867683225972033,0.014484087911988467,0.05364877511250552,False
2020-09-01,RIDE,Lordstown Motors Corp,자동차 및 자동차 부품,16.549999,17.530001,16.15,17.25,17.25,2142100.0,17.746093270880525,11.97994,10.65412,10.480585000000001,0.024033333333333573,0.018324999999999925,1.3686429999999998,0.3434051100250405,0.39236101903212045,-0.6513826120405085,0.035984127074189874,0.048600542427939,False
2020-09-02,RIDE,Lordstown Motors Corp,자동차 및 자동차 부품,17.75,18.700001,17.42,18.0,18.0,3117900.0,19.153872794908743,12.13692,10.707186666666667,10.520985000000001,0.026533333333333076,0.020199999999999996,1.4107859285714284,0.5316185714720413,0.39959320590252007,-1.32666323913007,-0.10333604639651774,0.042173028015162164,False
2020-09-03,RIDE,Lordstown Motors Corp,자동차 및 자동차 부품,17.969999,19.450001,16.85,17.9,17.9,3837000.0,20.690836024048576,12.292920000000002,10.759319999999999,10.560885,0.026066666666666016,0.01994999999999969,1.558286,-0.06417307220882522,0.3914283944395926,3.1679391746779775,0.11818217478015347,0.03695702522387589,False
2020-09-04,RIDE,Lordstown Motors Corp,자동차 및 자동차 부품,17.549999,18.360001,15.51,17.6,17.6,3239000.0,17.613028817741938,12.442919999999999,10.809453333333334,10.599285,0.02506666666666746,0.019199999999999662,1.7082860714285713,-0.1756146145645964,0.32981511945679387,0.42080923022473615,0.1183041173265976,0.04447743171832444,False
2020-09-08,RIDE,Lordstown Motors Corp,자동차 및 자동차 부품,17.0,18.68,16.65,17.780001,17.780001,2852800.0,20.018915176150752,12.59712002,10.860653339999999,10.638585005,0.025600003333332566,0.019650002499999708,1.7711432142857144,0.10162983916158916,0.32227688589445974,1.9199181497321591,0.2577157964287517,0.05718169643487402,False
2020-09-09,RIDE,Lordstown Motors Corp,자동차 및 자동차 부품,18.549999,21.68,18.16,19.98,19.98,5703100.0,29.060118485895515,12.79272002,10.92665334,10.688885005,0.03300000000000036,0.025150000000000006,1.9954288571428573,1.1025193868099397,0.35195763869633806,-0.07882693343558445,0.1684442695893274,0.07153347562976506,False
2020-09-10,RIDE,Lordstown Motors Corp,자동차 및 자동차 부품,21.700001,22.523001,20.08,21.1,21.1,5057400.0,34.896725436606665,13.008720019999998,10.999986673333334,10.744835005,0.03666666666666707,0.027975000000000527,2.1156432142857144,0.5293898292667162,0.421879653156218,1.5073711821822768,0.333842537935174,0.07530830887934006,False
2020-09-11,RIDE,Lordstown Motors Corp,자동차 및 자동차 부품,22.540001,25.299999,22.469999,24.68,24.68,8811400.0,51.93625505271149,13.29352002,11.097126673333332,10.818685004999999,0.04856999999999889,0.03692499999999921,2.359928857142857,1.516994882775521,0.5787068317686813,1.4891025313349076,0.5174347428286953,0.07843336084349865,False
2020-09-14,RIDE,Lordstown Motors Corp,자동차 및 자동차 부품,27.200001,30.0,25.040001,28.0,28.0,10759700.0,62.790008794614096,13.64452002,11.216326673333333,10.909135005000001,0.05960000000000054,0.04522500000000118,2.667786,1.2444776305145917,0.5913463685371789,0.5970098706730351,0.5651480586917322,0.08205498346693293,False
2020-09-15,RIDE,Lordstown Motors Corp,자동차 및 자동차 부품,26.66,29.790001,25.15,26.58,26.58,9762900.0,48.18120203521086,13.969120019999998,11.326060006666667,10.992485004999999,0.054866666666667285,0.041674999999998796,2.9623575,-0.47934795175801764,0.5291659059046566,-0.7429147338300363,0.513971382263054,0.07806335362504684,False
2020-09-16,RIDE,Lordstown Motors Corp,자동차 및 자동차 부품,26.690001,28.799999,26.67,27.450001,27.450001,3735600.0,48.05015214451147,14.310920040000001,11.441593346666666,11.080185010000001,0.057766669999999465,0.04385000250000104,2.9309287857142863,0.29683457484211007,0.4216415362975379,0.5295575426560979,0.5070166739470303,0.08528737115258432,False
2020-09-17,RIDE,Lordstown Motors Corp,자동차 및 자동차 부품,26.799999,28.700001,26.700001,27.879999,27.879999,3364400.0,46.25306817135988,14.66092002,11.55999334,11.170035005000003,0.059199996666666976,0.044924997500000785,2.8616431428571434,0.1502626213451197,0.3049461286216762,0.5618612798331577,0.4333369531549113,0.0880465080422319,False
2020-09-18,RIDE,Lordstown Motors Corp,자동차 및 자동차 부품,28.6,30.23,28.030001,29.01,29.01,3413500.0,47.8873570928777,15.033120019999998,11.685926673333334,11.265535004999998,0.06296666666666706,0.04774999999999796,2.8516432142857147,0.39626310694798644,0.34501467563918464,0.9147360418612152,0.5657029037485457,0.09536738183615032,False
2020-09-21,RIDE,Lordstown Motors Corp,자동차 및 자동차 부품,29.290001,31.5,28.299999,31.4,31.4,3952600.0,54.56487288384664,15.453120019999998,11.82779334,11.372885005,0.07093333333333263,0.05367500000000103,2.9059289285714294,0.8224564532536363,0.4511940262773467,1.319203634425166,0.6876943656546091,0.10214731136067515,False
2020-09-22,RIDE,Lordstown Motors Corp,자동차 및 자동차 부품,30.889999,31.799999,26.799999,28.17,28.17,5227500.0,32.548116110833526,15.808520020000001,11.94819334,11.464235005,0.06020000000000003,0.04567500000000013,3.164500285714286,-1.020698280414573,0.3537580698173744,-1.4605362701198443,0.6298976757917993,0.1022556602048857,False
2020-09-23,RIDE,Lordstown Motors Corp,자동차 및 자동차 부품,27.77,27.92,22.76,24.4,24.4,7881700.0,14.611118275589696,16.08812002,12.043426673333334,11.536735004999999,0.04761666666666731,0.036249999999999005,3.4473573571428573,-1.0935912960078353,0.23767165071166887,-0.11723794071679283,0.7162851971070335,0.09614557461392978,False
2020-09-24,RIDE,Lordstown Motors Corp,자동차 및 자동차 부품,20.27,24.719999,18.540001,21.799999,21.799999,7941400.0,0.47763684015214025,16.31512,12.121426666666668,11.596235,0.03899999666666698,0.029749997500000624,3.703071428571429,-0.7021201319368088,0.1921040035882415,-0.831847653384661,0.43058613795970213,0.0920429106111131,False
2020-09-25,RIDE,Lordstown Motors Corp,자동차 및 자동차 부품,23.709999,25.0,23.200001,23.889999,23.889999,4000500.0,6.68218585568725,16.583919979999997,12.213359993333334,11.666184995000002,0.0459666633333331,0.03497499750000088,3.7280714285714285,0.5606115762650163,0.24469158864749957,-0.1710469377497309,0.3883106973900973,0.07082010760099006,False
2020-09-28,RIDE,Lordstown Motors Corp,자동차 및 자동차 부품,25.92,27.5,24.620001,26.950001,26.950001,5602800.0,15.868055538633286,16.91392,12.325693333333334,11.751434999999999,0.05616666999999964,0.042625002499998565,3.840928642857143,0.7966828557699431,0.2943382326909534,0.019374288292739128,0.2525575644301387,0.05549942311955984,False
2020-09-29,RIDE,Lordstown Motors Corp,자동차 및 자동차 부품,27.0,28.120001,25.5,27.4,27.4,2568500.0,15.525107619758916,17.25292,12.441026666666666,11.838735,0.05766666666666609,0.04365000000000041,3.7495002142857143,0.12001572857243423,0.22415939995970305,0.3724575448166567,0.2847921700195845,0.056213436176509965,False
2020-09-30,RIDE,Lordstown Motors Corp,자동차 및 자동차 부품,26.9,27.9,25.511,25.75,25.75,2172500.0,5.625550779083377,17.55822,12.54526,11.917784999999999,0.05211666666666748,0.039524999999999366,3.7385001428571427,-0.4413534671524685,0.1548205930726184,-0.8914322621546109,0.11344906685266398,0.02050893535170517,False
2020-10-01,RIDE,Lordstown Motors Corp,자동차 및 자동차 부품,26.139999,26.379999,24.68,24.969999,24.969999,1941200.0,0.255423768359031,17.84789998,12.644293326666666,11.992934994999999,0.04951666333333282,0.03757499750000015,3.559928714285715,-0.21910579188563967,0.030813402025392633,-0.5180330568026785,-0.0299177608714493,0.014355419596349766,False
2020-10-02,RIDE,Lordstown Motors Corp,자동차 및 자동차 부품,22.52,24.5,22.1,23.4,23.4,2270700.0,-6.289277458802411,18.108699979999997,12.733093326666667,12.060334994999998,0.04440000000000044,0.03369999999999962,3.3849286428571435,-0.46382041267339724,-0.09120788677374943,0.08314115773924413,-0.06662266893814865,0.04489068138651335,False
2020-10-05,RIDE,Lordstown Motors Corp,자동차 및 자동차 부품,24.663,24.663,21.645,23.280001,23.280001,2261800.0,-9.444396939187083,18.3655,12.821093333333334,12.12709,0.044000003333333204,0.03337750250000138,3.2690714285714293,-0.03670736556907814,-0.05959070204596804,-1.0232557788863181,-0.08664702929931166,0.030673094884957307,False
2020-10-06,RIDE,Lordstown Motors Corp,자동차 및 자동차 부품,23.0,23.475,20.530001,21.58,21.58,3238700.0,-15.475172039205255,18.589100000000002,12.89776,12.185239999999999,0.03833333333333311,0.029074999999998852,3.320857142857143,-0.5119163296911297,-0.11735862379834229,0.240228531168453,-0.10731338726271485,0.042132789296757706,False
2020-10-07,RIDE,Lordstown Motors Corp,자동차 및 자동차 부품,21.799999,22.5,20.6,21.610001,21.610001,2641400.0,-17.046041651158582,18.81150002,12.974626673333333,12.243740005,0.038433336666666484,0.029250002500000427,3.3137142857142865,0.00905358682531536,-0.12744498340689975,-0.9053761292052396,-0.2121160593368861,0.028507266201415162,False
2020-10-08,RIDE,Lordstown Motors Corp,자동차 및 자동차 부품,21.325001,22.41,20.280001,20.57,20.57,2903600.0,-21.48482370152597,19.015300019999998,13.044760006666667,12.297040005000001,0.035066666666667246,0.02665000000000095,3.2979998571428575,-0.3153429487716776,-0.17827398738687575,-0.7648087418443398,-0.33208354388728284,0.03244807278197241,False
2020-10-09,RIDE,Lordstown Motors Corp,자동차 및 자동차 부품,22.4,23.4,21.049999,23.200001,23.200001,4520400.0,-11.803304328592901,19.271800040000002,13.132653346666666,12.363440010000001,0.04394666999999952,0.0332000025000001,3.2715712142857143,0.8038953847361721,-0.17959977799526605,0.27233776999157355,-0.40685967706111087,0.033562170105872376,False
2020-10-12,RIDE,Lordstown Motors Corp,자동차 및 자동차 부품,25.42,26.950001,23.5,25.190001,25.190001,6216600.0,-5.064517211155605,19.57080006,13.233813353333334,12.439790015000002,0.05058000333333368,0.038175002500000055,3.1822855,0.6253367273300898,-0.062025848870647285,-0.3472552620872008,-0.32733960505877924,0.038473160225208615,False
2020-10-13,RIDE,Lordstown Motors Corp,자동차 및 자동차 부품,25.200001,25.799999,22.6,25.6,25.6,5283400.0,-2.566003006007822,19.83500006,13.337813353333335,12.518190015,0.05200000000000049,0.039199999999999235,3.024428285714286,0.13556248033276552,0.025770849439395633,0.5439008616313525,-0.2801154048910545,0.04162484990854433,False
2020-10-14,RIDE,Lordstown Motors Corp,자동차 및 자동차 부품,25.16,25.374001,24.200001,24.549999,24.549999,2056600.0,-5.261188036359932,20.066000040000002,13.435813346666665,12.59134001,0.04899999666666499,0.03657499749999982,2.6829997857142858,-0.39135336707470647,0.04796847550097437,0.04730171287943502,-0.21731902158647626,0.06988302847014223,False
2020-10-15,RIDE,Lordstown Motors Corp,자동차 및 자동차 부품,23.01,23.9,22.23,22.83,22.83,2153400.0,-10.711496282535006,20.274000039999997,13.52134668,12.655740009999999,0.04276666666666795,0.03219999999999956,2.6201425,-0.656452463940416,-0.03896467022798509,-0.5516686334242897,-0.24450628556323045,0.048721369279492666,False
2020-10-16,RIDE,Lordstown Motors Corp,자동차 및 자동차 부품,23.129999,23.450001,22.700001,23.030001,23.030001,1652200.0,-8.616328049533205,20.48660006,13.610213353333332,12.721040014999998,0.044433336666665824,0.03265000249999961,2.4158567142857144,0.08278678069660837,-0.08995724701893758,0.07318350547059686,-0.24066277005052636,0.06691138148617325,False
2020-10-19,RIDE,Lordstown Motors Corp,자동차 및 자동차 부품,22.84,22.971001,21.6,21.75,21.75,1953200.0,-10.263426397078767,20.676600060000002,13.690880020000002,12.779940015,0.040333333333334664,0.029450000000000642,2.3308567142857144,-0.5491547344609091,-0.13775513723560495,0.531158763172465,-0.22932696873939715,0.0800965293202145,False
2020-10-20,RIDE,Lordstown Motors Corp,자동차 및 자동차 부품,21.459999,21.5,18.75,19.17,19.17,5109500.0,-19.61591225867476,20.80840006,13.755346686666668,12.825790015,0.032233333333333114,0.02292500000000075,2.3744995714285713,-1.0865447318012325,-0.18384022756765953,-1.3975867744901262,-0.26548086247764824,0.07682140483956507,False
2020-10-21,RIDE,Lordstown Motors Corp,자동차 및 자동차 부품,19.93,22.950001,19.25,21.42,21.42,4655300.0,-9.128599029798279,20.98940006,13.834146686666667,12.883040014999999,0.03939999999999966,0.028624999999999012,2.5230711428571424,0.8917703356759434,-0.10449193274183217,1.03772129280185,-0.15435555179161048,0.07751253262673352,False
2020-10-22,RIDE,Lordstown Motors Corp,자동차 및 자동차 부품,20.813999,21.49,19.719999,20.450001,20.450001,3024700.0,-13.192332873988487,21.14640008,13.906480026666667,12.93509002,0.03616667000000007,0.026025002500000838,2.4444998571428562,-0.3968087775360892,-0.09970538737488158,-0.7487405542933849,-0.21377567407965545,0.06886275591168901,False
2020-10-23,RIDE,Lordstown Motors Corp,자동차 및 자동차 부품,20.15,20.35,18.049999,18.209999,18.209999,3529100.0,-21.82721606879915,21.25200006,13.963546686666668,12.975940014999999,0.028533330000000134,0.020424997499999265,2.400357142857142,-0.9331952983187031,-0.1637402397141405,-1.1788723957506735,-0.22489114671282368,0.05515024673854594,False
2020-10-26,RIDE,Lordstown Motors Corp,자동차 및 자동차 부품,19.32,21.75,18.209999,18.969999,18.969999,4986200.0,-15.473510215202268,21.372000040000003,14.025280013333335,13.02069001,0.030866663333333655,0.02237499750000005,2.442857285714285,0.3111110929174807,-0.10495256667066834,1.5965161422362948,-0.12801346020797782,0.06908184209282471,False
2020-10-27,RIDE,Lordstown Motors Corp,자동차 및 자동차 부품,19.059999,19.5,16.5,16.559999,16.559999,5341000.0,-24.071836623174004,21.432200019999996,14.06921334,13.053190005,0.021966663333332193,0.016249997500000113,2.521428714285714,-0.955807311285705,-0.17387120225002692,-0.7365838338434806,-0.1159568676821379,0.05063783490438758,False
2020-10-28,RIDE,Lordstown Motors Corp,자동차 및 자동차 부품,14.52,14.87,13.54,14.03,14.03,6405200.0,-31.52645816432196,21.438000020000004,14.097213339999998,13.073240005,0.013999999999999346,0.010025000000000617,2.5850001428571425,-0.9787229633200913,-0.22125548900348507,1.2515003730847953,0.028065211955657452,0.07150088353136672,False
2020-10-29,RIDE,Lordstown Motors Corp,자동차 및 자동차 부품,14.74,15.48,14.55,14.74,14.74,3439400.0,-27.20652630768301,21.444800020000002,14.129946673333334,13.096840004999999,0.016366666666668195,0.011799999999999145,2.486428714285714,0.2855501128669861,-0.2582801512798555,-0.40108917565635244,-0.02003671273348012,0.06570391488520835,False
2020-10-30,RIDE,Lordstown Motors Corp,자동차 및 자동차 부품,14.4,14.6,12.8,13.05,13.05,3381600.0,-33.12278129845792,21.42680002,14.151080006666664,13.111890005,0.010566666666664837,0.007525000000000226,2.3571429999999998,-0.7169696535169906,-0.3541591784832184,-0.014579172863973922,0.0037258650681789456,0.0660841613339188,False
2020-11-02,RIDE,Lordstown Motors Corp,자동차 및 자동차 부품,13.76,13.95,13.0,13.07,13.07,2131200.0,-32.1983950622718,21.42140002,14.168880006666665,13.127040005000001,0.008900000000000574,0.007575000000000998,2.1964287857142852,0.00910569016855036,-0.3631918063520909,-0.6727068646930674,-0.08317468681213677,0.04008806914854678,False
2020-11-03,RIDE,Lordstown Motors Corp,자동차 및 자동차 부품,13.61,17.700001,13.55,15.99,15.99,12244100.0,-17.31226885502657,21.45780002,14.207280006666666,13.156740005,0.01920000000000055,0.014849999999999142,2.4271432142857137,1.2030604468716237,-0.24930510535592448,0.24272664423517754,-0.06921576314386944,0.043629843403947766,False
2020-11-04,RIDE,Lordstown Motors Corp,자동차 및 자동차 부품,17.25,18.85,16.549999,16.85,16.85,9347600.0,-13.671965025237453,21.505800019999995,14.252346673333335,13.190740005,0.022533333333334404,0.017000000000000348,2.465714714285714,0.34878325339804456,-0.177502554117463,-0.7720016741681488,-0.08495383748271654,0.04602373339758797,False
2020-11-05,RIDE,Lordstown Motors Corp,자동차 및 자동차 부품,17.77,18.5,17.200001,18.1,18.1,4340300.0,-8.3819114425148,21.54780002,14.306266673333333,13.230840005,0.026959999999998985,0.020049999999999457,2.530000428571428,0.49407106255148586,-0.14812510541354315,-0.4650251885897037,-0.12339731562988086,0.04411129807273212,False
2020-11-06,RIDE,Lordstown Motors Corp,자동차 및 자동차 부품,17.91,18.5,16.9,17.889999,17.889999,2782000.0,-8.133759062940904,21.549,14.3586,13.270089999999998,0.026166663333333062,0.019624997499999353,2.5421432142857143,-0.08260785577299094,-0.11480032836440614,-0.0674506709120882,-0.1661551323502061,0.05095501063741872,False
2020-11-09,RIDE,Lordstown Motors Corp,자동차 및 자동차 부품,18.59,18.950001,17.290001,17.860001,17.860001,3459800.0,-7.60239202029116,21.55340004,14.41073334,13.309190004999998,0.026066670000000514,0.01955000249999994,2.4464289285714287,-0.012261954414312848,-0.03806584426534045,-0.5761408688718993,-0.10748042480604703,0.04689341573578127,False
2020-11-10,RIDE,Lordstown Motors Corp,자동차 및 자동차 부품,17.66,17.700001,16.049999,16.76,16.76,2568600.0,-11.079052288586011,21.55300002,14.455800006666665,13.342790005,0.022533333333332628,0.016800000000000814,2.305714714285714,-0.4770759336290082,-0.13584057778712272,-0.4097158671565684,-0.21086879337450545,0.050688546779427385,False
2020-11-11,RIDE,Lordstown Motors Corp,자동차 및 자동차 부품,16.82,17.450001,16.41,17.34,17.34,1526200.0,-6.786089788603622,21.55480002,14.50573334,13.379290005,0.024966666666667692,0.0182500000000001,2.2535718571428576,0.25736920620553844,-0.08911357894843504,-0.11376819990627057,-0.1655136252039973,0.058074440381952606,False
2020-11-12,RIDE,Lordstown Motors Corp,자동차 및 자동차 부품,17.0,17.299999,16.629999,16.700001,16.700001,2847400.0,-7.697378628763152,21.528800039999997,14.551400013333335,13.412590009999999,0.022833336666667314,0.016650002499999594,2.1328575,-0.30006646013622545,-0.043890090506829474,0.1746055626589304,-0.06883662817473989,0.05762135960141251,False
2020-11-13,RIDE,Lordstown Motors Corp,자동차 및 자동차 부품,17.200001,18.188999,16.85,17.9,17.9,3265200.0,-0.8250528012820557,21.52880004,14.60506668,13.45169001,0.026833333333332376,0.019550000000000622,1.9863572857142857,0.6041204211499562,-0.02296085277593837,-0.06476784031706506,-0.18749976978569416,0.062425795134286234,False
2020-11-16,RIDE,Lordstown Motors Corp,자동차 및 자동차 부품,18.889999,22.75,18.65,22.549999,22.549999,9119300.0,23.658649190597323,21.62780002,14.68973334,13.514040005,0.04233332999999995,0.031174997499999968,2.118500142857143,2.194948636505032,0.20209314349482854,1.6274140673079378,-0.01864277684630714,0.06917017422314471,False
2020-11-17,RIDE,Lordstown Motors Corp,자동차 및 자동차 부품,22.82,25.76,22.25,24.700001,24.700001,13444200.0,34.39636939855566,21.76620002,14.78853334666667,13.58704001,0.04940000333333483,0.036500002500000406,2.1535002142857143,0.9983755681738468,0.343314467172967,1.2554255179255898,-0.01836240935767895,0.07721885344888389,False
2020-11-18,RIDE,Lordstown Motors Corp,자동차 및 자동차 부품,26.5,29.700001,25.98,27.5,27.5,18333000.0,49.223550125796066,21.91660002,14.905866680000003,13.674140009999999,0.05866666666666642,0.04354999999999887,2.407071642857143,1.1632387462620184,0.40600651241546926,1.8004139930131156,0.13888781697585448,0.09373381952266643,False
2020-11-19,RIDE,Lordstown Motors Corp,자동차 및 자동차 부품,27.969999,29.42,25.0,25.440001,25.440001,11895600.0,35.9486833315003,22.003400039999995,15.009333353333334,13.750840015,0.051733336666665686,0.038350002500000535,2.5842145000000003,-0.7971470634500352,0.400279554563109,-1.0205593524990624,0.06703208985906244,0.08207011654662408,False
2020-11-20,RIDE,Lordstown Motors Corp,자동차 및 자동차 부품,25.879999,27.299999,25.58,26.459999,26.459999,6534100.0,39.453076379114506,22.039000020000003,15.119600013333333,13.83259501,0.055133329999999425,0.04087749750000036,2.6492143571428577,0.3850190518747057,0.4271305089706915,0.7870931901489979,0.1713035223477814,0.08093068453396753,False
2020-11-23,RIDE,Lordstown Motors Corp,자동차 및 자동차 부품,27.370001,29.41,27.0,28.6,28.6,7420900.0,46.56668055097288,22.05100002,15.243600013333335,13.92499501,0.062000000000001165,0.0461999999999998,2.5292143571428576,0.846112941734787,0.40163425860377455,0.497394757079253,0.18949410183664392,0.0824913092337444,False
2020-11-24,RIDE,Lordstown Motors Corp,자동차 및 자동차 부품,30.077,30.75,26.139999,27.370001,27.370001,7752400.0,34.76513754971921,22.066800039999997,15.35960002,14.011245015000002,0.05800000333333255,0.04312500250000095,2.6542144285714286,-0.4634135760696706,0.3436201993560806,-1.5390171178520546,0.13470728443065066,0.07512253125539921,False
2020-11-25,RIDE,Lordstown Motors Corp,자동차 및 자동차 부품,26.129999,28.370001,25.85,27.120001,27.120001,4244300.0,30.041885243671484,22.060200039999998,15.473466693333336,14.09624502,0.05693333666666778,0.04250000249999886,2.7163573571428574,-0.09203501864090415,0.3017554792709099,0.025737722124799786,0.16976177805311518,0.06973534267288524,False
2020-11-27,RIDE,Lordstown Motors Corp,자동차 및 자동차 부품,27.0,27.15,25.959999,26.5,26.5,3047000.0,23.717738739406347,22.03260006,15.583666693333335,14.178145019999999,0.05509999999999948,0.0409499999999996,2.687071714285714,-0.2307348169026479,0.291174982047363,-0.41460197320003866,0.14496525646111874,0.0813444780040471,False
2020-11-30,RIDE,Lordstown Motors Corp,자동차 및 자동차 부품,25.892,25.9,23.129999,24.6,24.6,5194900.0,12.696102099885543,21.94440006,15.681333360000002,14.250545019999999,0.048833333333333506,0.03620000000000001,2.809214642857143,-0.6763456131168327,0.243740434997183,-0.265572676140879,0.16714869879904876,0.08091838124927514,False
2020-12-01,RIDE,Lordstown Motors Corp,자동차 및 자동차 부품,24.950001,25.370001,23.200001,23.41,23.41,3908000.0,3.9422646143880247,21.78460006,15.771066693333331,14.316995020000002,0.044866666666664834,0.033225000000001614,2.8349287857142853,-0.41976363074678447,0.24783417091734186,-1.402753941288727,0.09621740778960883,0.07891330131404314,False
2020-12-02,RIDE,Lordstown Motors Corp,자동차 및 자동차 부품,20.75,22.700001,20.0,22.08,22.08,5645000.0,-3.140073712640823,21.66280006,15.85193336,14.376845020000001,0.04043333333333443,0.029924999999999535,3.0042144285714287,-0.44271140813089255,0.1978284127504539,-0.6033116389605193,0.061250019285733925,0.07221806317407863,False
2020-12-03,RIDE,Lordstown Motors Corp,자동차 및 자동차 부품,23.0,23.790001,22.700001,22.99,22.99,3346500.0,-0.19079409076760978,21.634600059999997,15.938266693333334,14.441220020000001,0.04316666666666702,0.032187500000000036,3.075643,0.295873090602518,0.240395523517507,0.3548794970265662,0.0741267288834222,0.05023131451679502,False
2020-12-04,RIDE,Lordstown Motors Corp,자동차 및 자동차 부품,22.719999,24.266001,22.0,23.469999,23.469999,3703200.0,0.05395682600892737,21.66800006,16.028333353333334,14.508070014999998,0.04503332999999987,0.03342499749999828,3.1311432142857143,0.15329832177909555,0.20819394499101698,-0.7204075931206931,0.02729531796887733,0.059299329885741374,False
2020-12-07,RIDE,Lordstown Motors Corp,자동차 및 자동차 부품,21.841,21.9,20.02,20.08,20.08,12452500.0,-14.461887283856157,21.59180008,16.09600002,14.557970015,0.033833333333333826,0.02495000000000136,3.0311431428571427,-1.1183896108596851,-0.02847307267789139,-0.9163089230368474,-0.15439918134146446,0.06024624347544781,False
2020-12-08,RIDE,Lordstown Motors Corp,자동차 및 자동차 부품,20.82,20.9,19.25,19.370001,19.370001,9036600.0,-17.846014938981202,21.44020008,16.15880002666667,14.60432002,0.03140000333333326,0.023175002499999486,2.8982859999999997,-0.24497202829534417,-0.11728361528283361,-0.5405171038322426,-0.2826807971813096,0.05210142291037947,False
2020-12-09,RIDE,Lordstown Motors Corp,자동차 및 자동차 부품,19.719999,20.620001,19.0,19.200001,19.200001,6375600.0,-18.235823156206045,21.276200099999997,16.2204667,14.649820025000002,0.030833336666665545,0.022750002500001365,2.6568575,-0.06398536617037164,-0.20494248045657573,0.781129856147791,-0.35548680695740426,0.060824876958319056,False
2020-12-10,RIDE,Lordstown Motors Corp,자동차 및 자동차 부품,18.25,19.200001,18.049999,18.17,18.17,6751200.0,-22.583105990637787,21.1246001,16.2752667,14.690095025,0.02740000000000009,0.02013749999999881,2.423286214285714,-0.4250430650444652,-0.17836362342760648,-0.2872222832850218,-0.3031055877278299,0.06414449461903074,False
2020-12-11,RIDE,Lordstown Motors Corp,자동차 및 자동차 부품,20.370001,21.75,19.4,19.58,19.58,20829400.0,-16.87464884431604,21.01680012,16.339200033333334,14.737420025,0.031966666666667365,0.023662500000000364,2.5461434999999994,0.5537786852940523,-0.16630936389765313,0.6865870173315711,-0.31028460007193187,0.0638543034845081,False
2020-12-14,RIDE,Lordstown Motors Corp,자동차 및 자동차 부품,19.995001,20.299999,18.959999,19.0,19.0,7355900.0,-19.119831892920747,20.928800119999995,16.3990667,14.782020025000001,0.029933333333332257,0.02230000000000043,2.4311434285714277,-0.2385708688280946,-0.24378677893785894,0.20515357251431707,-0.3311589703979987,0.054919945113228626,False
2020-12-15,RIDE,Lordstown Motors Corp,자동차 및 자동차 부품,19.9,20.85,19.219999,20.709999,20.709999,11294600.0,-12.549747833361502,20.87740008,16.47053336,14.835170019999998,0.03573333000000112,0.026574997499998254,2.2340004999999996,0.7654425323539543,-0.15601134262188573,-0.5895655475443101,-0.2633410010903027,0.048428307880019665,False
2020-12-16,RIDE,Lordstown Motors Corp,자동차 및 자동차 부품,20.709999,21.0,19.030001,19.360001,19.360001,11562300.0,-17.355591491893385,20.8330001,16.533000033333334,14.881570024999998,0.03123333666666639,0.023200002500000316,2.1947146428571425,-0.6151132241239952,-0.19337407158496367,-0.8015237370954662,-0.32243110532032165,0.04655247275805731,False
2020-12-17,RIDE,Lordstown Motors Corp,자동차 및 자동차 부품,19.35,19.799999,18.860001,19.219999,19.219999,9349300.0,-16.749415954638437,20.78520006,16.59453336,14.927270020000002,0.030766663333333,0.022849997500001606,2.1768572857142856,-0.06431381649075844,-0.18148685726982872,-0.6599463957145184,-0.33995570692849875,0.043351601298286024,False
2020-12-18,RIDE,Lordstown Motors Corp,자동차 및 자동차 부품,19.24,19.48,18.68,18.719999,18.719999,15109700.0,-17.258103070211618,20.74820004,16.652733353333332,14.970620015,0.029099996666666073,0.021674997499999016,1.9932857857142854,-0.2508421038184583,-0.151093749462802,0.11675171677393331,-0.3126468217202979,0.05332214250172959,False
2020-12-21,RIDE,Lordstown Motors Corp,자동차 및 자동차 부품,18.51,19.450001,18.209999,19.35,19.35,9300800.0,-12.560565116240651,20.67120002,16.715133353333332,15.017290015,0.031200000000000117,0.023335000000000328,1.9268573571428576,0.3269577779925365,-0.09775650598142192,0.7217111421629678,-0.16089931575946256,0.05479706521447162,False
2020-12-22,RIDE,Lordstown Motors Corp,자동차 및 자동차 부품,19.75,21.17,19.719999,20.52,20.52,13495700.0,-5.157588971286953,20.577799999999996,16.785333353333332,15.069810015,0.03509999999999991,0.026259999999999728,1.8132859285714287,0.6452374562470498,-0.020045872811568895,0.8555630138842412,-0.05669398341340822,0.06568253090840197,False
2020-12-23,RIDE,Lordstown Motors Corp,자동차 및 자동차 부품,21.790001,24.17,21.0,22.610001,22.610001,24333500.0,5.686444022833892,20.51800002,16.86946669333333,15.13286002,0.04206666999999875,0.031525002500000454,1.951857285714286,1.0707755199608053,0.03530430071402307,0.9950314003353667,-0.01096884746277962,0.06970513530523496,False
2020-12-24,RIDE,Lordstown Motors Corp,자동차 및 자동차 부품,23.389999,23.6,21.309999,21.74,21.74,10092200.0,2.6793563292579314,20.46180004,16.947800026666666,15.19231002,0.03916666666666835,0.029725,1.9535715714285717,-0.4453386877266052,-0.007455485679241278,-0.8179612593554932,-0.017936966479551047,0.06505915720581269,False
2020-12-28,RIDE,Lordstown Motors Corp,자동차 및 자동차 부품,22.77,23.309999,21.25,21.98,21.98,16418900.0,4.19007869338095,20.44480004,17.028200026666667,15.25221002,0.04020000000000046,0.029949999999999477,1.8542858571428573,0.12942988217027207,0.08167447810861282,-0.7615707762865135,-0.006884241711670054,0.07602875005923398,False
2020-12-29,RIDE,Lordstown Motors Corp,자동차 및 자동차 부품,21.799999,22.200001,20.26,21.34,21.34,7060700.0,2.348796690938104,20.41100002,17.104206693333335,15.310410019999999,0.038003333333334055,0.02909999999999968,1.8750002142857147,-0.3413332943238142,0.07479153053515067,-0.11325688061674932,0.02363434566086518,0.07588825029159556,False
2020-12-30,RIDE,Lordstown Motors Corp,자동차 및 자동차 부품,21.1,22.360001,21.02,21.52,21.52,8187300.0,3.653394178823799,20.40640002,17.18141336,15.36976002,0.03860333333333266,0.029675000000000118,1.8550002142857147,0.09703502922198336,0.08629298734889031,-0.04988483928599367,-0.03572384687011943,0.07483439192078661,False
2020-12-31,RIDE,Lordstown Motors Corp,자동차 및 자동차 부품,21.379999,21.459999,20.02,20.059999,20.059999,5769500.0,-3.409022893103719,20.4242,17.248946686666667,15.422560014999998,0.03376666333333311,0.02639999749999955,1.8800000714285718,-0.7765962470898072,0.06118204577422302,-1.4826791527964869,-0.1211136232637955,0.06860347678758216,False
2021-01-04,RIDE,Lordstown Motors Corp,자동차 및 자동차 부품,20.34,20.440001,19.25,20.379999,20.379999,5467800.0,0.29320071523359914,20.403399980000003,17.318613346666666,15.476460009999998,0.03483332999999966,0.026949997500000045,1.7092858571428573,0.18721268807248756,0.034998760258396974,1.600374334400361,-0.055843100616024786,0.08057636300156516,False
2021-01-05,RIDE,Lordstown Motors Corp,자동차 및 자동차 부품,19.959999,20.889999,19.9,20.549999,20.549999,5865400.0,1.1839680901362781,20.40539994,17.389080006666667,15.531210005,0.03523333000000051,0.02737499750000083,1.6842857857142863,0.10093298978231482,0.05924903587342622,-0.5785530578352298,-0.11182214564099244,0.0640976507872721,False
2021-01-06,RIDE,Lordstown Motors Corp,자동차 및 자동차 부품,21.07,21.9,20.66,21.58,21.58,10682600.0,5.344206752282044,20.47279996,17.46641334,15.590860005,0.03866666666666596,0.02982499999999977,1.648571571428572,0.6247839146634379,0.04920199175267504,0.10205824647949968,-0.06242044606786317,0.0700825098897155,False
2021-01-07,RIDE,Lordstown Motors Corp,자동차 및 자동차 부품,22.385,23.48,22.120001,23.290001,23.290001,13452000.0,11.122689340797653,20.5592,17.55491334666667,15.658760009999998,0.044250003333335286,0.03395000249999924,1.6435716428571432,1.040417682692176,0.16745419938240153,-0.235459874881073,-0.02198731305254937,0.05336885255747089,False
2021-01-08,RIDE,Lordstown Motors Corp,자동차 및 자동차 부품,23.306,23.860001,21.156,21.98,21.98,14768100.0,3.81034629103012,20.66760002,17.634913346666668,15.71881001,0.03999999999999915,0.03002500000000108,1.7695718571428576,-0.7402926276840327,0.11916999858288195,-1.2046747972844185,-0.06089648459325652,0.06639730990681439,False
2021-01-11,RIDE,Lordstown Motors Corp,자동차 및 자동차 부품,22.43,28.700001,21.75,27.110001,27.110001,41048600.0,26.393611321629386,20.92920004,17.749113353333335,15.805210015,0.05710000333333376,0.04320000249999989,2.2088576428571436,2.322467913035978,0.3029778569296274,2.884409769013166,0.13679337628097438,0.09091977551906599,False
2021-01-12,RIDE,Lordstown Motors Corp,자동차 및 자동차 부품,26.35,27.75,24.809999,25.450001,25.450001,17826400.0,17.202893344535198,21.143400059999998,17.852246693333335,15.883310020000001,0.051566669999999704,0.03905000250000068,2.330286142857143,-0.7123588684970202,0.2287409536089448,-0.7501075015145668,0.031663473161150466,0.08243627797035523,False
2021-01-13,RIDE,Lordstown Motors Corp,자동차 및 자동차 부품,26.66,28.4,25.700001,25.82,25.82,15287000.0,17.030569232597603,21.398800060000003,17.956913359999998,15.963010020000002,0.052333333333331566,0.039850000000000385,2.411000357142857,0.1534628557411187,0.19361419642994973,-0.05066015952791933,-0.03306675351114672,0.050126317247150935,False
2021-01-14,RIDE,Lordstown Motors Corp,자동차 및 자동차 부품,26.440001,26.48,25.110001,25.26,25.26,6821500.0,13.891438406302537,21.64260006,18.057846693333335,16.03731002,0.05046666666666866,0.037149999999998684,2.248143142857143,-0.24909445903355615,0.09933776935892388,0.0845512230287318,-0.09810105189019207,0.029042612063789552,False
2021-01-15,RIDE,Lordstown Motors Corp,자동차 및 자동차 부품,25.209999,25.870001,23.879999,24.23,24.23,6819000.0,8.920886499724045,21.80740006,18.152113359999998,16.10731002,0.04713333333333125,0.03500000000000014,2.2267146428571425,-0.4625648837869891,0.09810732678318217,0.14247853691641943,-0.02949820929934116,0.04002957105008019,False
2021-01-19,RIDE,Lordstown Motors Corp,자동차 및 자동차 부품,24.74,24.98,23.299999,24.23,24.23,5333800.0,6.941389879176696,21.955000059999996,18.246380026666667,16.17801002,0.047133333333334804,0.035349999999999326,2.199571928571429,0.0,0.0888623351995913,-0.681018117010822,-0.023744447922506056,0.038001262651760064,False
2021-01-20,RIDE,Lordstown Motors Corp,자동차 및 자동차 부품,24.299999,24.690001,23.200001,23.27,23.27,5626400.0,0.45512735125377013,22.058400060000004,18.334313360000003,16.24430002,0.04396666666666782,0.03314500000000109,2.1674289999999994,-0.44292108299741356,0.0816060645800485,-1.568760801179494,-0.1277090136769878,0.03557292684726989,False
2021-01-21,RIDE,Lordstown Motors Corp,자동차 및 자동차 부품,23.386999,24.219999,22.65,24.01,24.01,5845700.0,2.767147897770661,22.180800080000004,18.426980026666666,16.314150020000003,0.04633333333333134,0.034925000000001205,2.1838574285714283,0.33884995893897407,0.09887855955983353,0.3128587804918606,-0.1017987551214268,0.03023001167554248,False
2021-01-22,RIDE,Lordstown Motors Corp,자동차 및 자동차 부품,23.309999,24.940001,23.07,23.66,23.66,4989300.0,1.079796663270538,22.29680006,18.51751336,16.38225002,0.045266666666666566,0.0340499999999988,2.210286071428571,-0.15835054318275935,0.14303896698176555,0.09286198916613311,0.010739897875903195,0.03659162707226211,False
2021-01-25,RIDE,Lordstown Motors Corp,자동차 및 자동차 부품,23.85,24.629999,22.5,23.209999,23.209999,7948000.0,-1.1129758721523553,22.425800040000002,18.605513353333333,16.448300015,0.043999996666666874,0.0330249975000001,2.2774287857142856,-0.19759168884785278,0.11555294005888408,-0.5210156675136677,-0.14078795940367028,0.04110979999570778,False
2021-01-26,RIDE,Lordstown Motors Corp,자동차 및 자동차 부품,25.087,27.93,24.610001,26.450001,26.450001,22330000.0,11.939851041174588,22.60800006,18.714246693333333,16.53130002,0.05436667000000028,0.04150000249999941,2.5438575,1.273657034641288,0.19931894326309646,1.411822637308602,0.0013817331066034205,0.03656196448363576,False
2021-01-27,RIDE,Lordstown Motors Corp,자동차 및 자동차 부품,25.940001,30.74,25.4,26.059999,26.059999,16736100.0,12.223622517937272,22.795200020000003,18.82030668666667,16.612350015,0.053029996666667856,0.04052499750000038,2.8288574285714283,-0.1378655552100234,0.14484398112927782,2.090423548882207,0.14340782613536823,0.050566973055602274,False
2021-01-28,RIDE,Lordstown Motors Corp,자동차 및 자동차 부품,26.85,27.33,23.93,25.32,25.32,7264000.0,7.152499774129395,22.943600019999998,18.921773353333332,16.689700015,0.05073333333333174,0.03867499999999957,2.9360002857142855,-0.25204323160342273,0.05252534439387789,-1.0561760529844002,0.08478524198513059,0.04178667829923491,False
2021-01-29,RIDE,Lordstown Motors Corp,자동차 및 자동차 부품,25.639999,26.98,24.540001,25.18,25.18,6242700.0,7.783355181116414,22.996200040000005,19.022306686666667,16.766350015,0.05026666666666735,0.03832500000000039,2.9171429999999994,-0.04799216219431156,0.10197537764314368,1.4412941353842128,0.2737830228900328,0.05455387470035928,False
2021-02-01,RIDE,Lordstown Motors Corp,자동차 및 자동차 부품,25.41,25.870001,24.67,25.5,25.5,4588300.0,6.232633756865824,23.01220002,19.125173353333334,16.844450015,0.051433333333333664,0.039049999999999585,2.506428714285714,0.1276716940625995,-0.05479578085495478,-1.0284451427637287,-0.005706613665459627,0.04432345614109729,False
2021-02-02,RIDE,Lordstown Motors Corp,자동차 및 자동차 부품,26.25,26.26,24.120001,24.76,24.76,5734400.0,0.9708291851872275,22.95740002,19.22224002,16.918750015,0.04853333333333332,0.03715000000000046,2.4492857142857143,-0.30212890055409675,-0.0254936402876031,-1.2722310156333552,-0.04300115038823022,0.02742934619469416,False
2021-02-03,RIDE,Lordstown Motors Corp,자동차 및 자동차 부품,25.049999,27.65,24.58,27.25,27.25,9148200.0,9.643880258269633,22.9936,19.33524002,17.005400015,0.05649999999999977,0.04332499999999939,2.4578572142857142,1.0130775642813838,0.03590741032241584,0.941815427253615,0.027889962953307947,0.028221176185560033,False
2021-02-04,RIDE,Lordstown Motors Corp,자동차 및 자동차 부품,27.75,28.450001,26.6,27.41,27.41,6238500.0,8.003332945988205,23.01260002,19.448373353333334,17.092850015,0.056566666666666876,0.043725000000000236,2.4921430714285715,0.06420177149311228,0.058285712502892155,-0.6918041366552063,-0.027563991309830498,0.014544808092481572,False
2021-02-05,RIDE,Lordstown Motors Corp,자동차 및 자동차 부품,28.200001,28.370001,26.200001,26.77,26.77,5550600.0,4.462837143349363,22.976000019999997,19.55717335333333,17.176700015,0.05439999999999756,0.04192500000000088,2.5050000714285714,-0.2554890146709721,0.07307684601117907,-0.5384116673753088,-0.0761990059020968,0.011870814602774919,False
2021-02-08,RIDE,Lordstown Motors Corp,자동차 및 자동차 부품,27.059999,27.879999,26.530001,27.4,27.4,4330000.0,5.138615498971033,22.976599999999998,19.67084002,17.263850015,0.05683333333333529,0.04357499999999881,2.4814284285714288,0.25388602497904533,0.0912115620811109,-0.2906858074465648,-0.048318126647506995,0.020207563282746276,False
2021-02-09,RIDE,Lordstown Motors Corp,자동차 및 자동차 부품,27.42,27.73,26.35,27.629999,27.629999,4844600.0,6.195729744626144,22.98679996,19.785973346666665,17.351800009999998,0.05756666333333271,0.043974997499999446,2.4735712857142858,0.09298256384537017,0.12949039399845258,0.18090819667763894,0.07665823034228822,0.016654387602621973,False
2021-02-10,RIDE,Lordstown Motors Corp,자동차 및 자동차 부품,27.77,30.860001,27.35,29.51,29.51,15206300.0,12.738460885264447,23.046999959999997,19.91350668,17.44950001,0.06376666666666786,0.048850000000001614,2.612142857142857,0.7197159967186219,0.15669511098271313,0.7458084149568496,0.10758320423264457,0.02386004694494525,False
2021-02-11,RIDE,Lordstown Motors Corp,자동차 및 자동차 부품,29.5,31.568001,28.67,30.75,30.75,10814900.0,16.347079987057445,23.16999996,20.049173346666667,17.55350001,0.06783333333333275,0.0519999999999996,2.685571428571428,0.46172668758976493,0.20098634175217914,0.3383101376910901,0.1251152148415701,0.02310941475271635,False
2021-02-12,RIDE,Lordstown Motors Corp,자동차 및 자동차 부품,28.16,28.690001,26.5,26.91,26.91,14605700.0,1.2026906890895805,23.23999996,20.159240013333335,17.638300010000002,0.055033333333334156,0.04240000000000066,2.837000071428571,-1.3535424403660197,0.11841843092945296,-1.7190374752498083,0.039542228574702874,0.01570708106686991,False
2021-02-16,RIDE,Lordstown Motors Corp,자동차 및 자동차 부품,26.997,27.4,24.709999,25.110001,25.110001,9730800.0,-5.481502111700209,23.30059998,20.257306686666666,17.714100015,0.04903333666666576,0.03790000249999892,2.692000071428571,-0.6686474562553743,-0.020317604134594342,-0.6244898452495682,-0.105908663036595,0.00807840980474489,False
2021-02-17,RIDE,Lordstown Motors Corp,자동차 및 자동차 부품,25.48,25.5,23.629999,24.74,24.74,6711900.0,-6.785684888048282,23.33559998,20.352773353333333,17.787600015,0.047733333333333405,0.036749999999999616,2.4441429999999995,-0.15138271369555795,-0.02128311545498967,-0.1232134857187838,-0.2640255940795229,0.011102167913441159,False
2021-02-18,RIDE,Lordstown Motors Corp,자동차 및 자동차 부품,24.554001,25.200001,24.049999,24.549999,24.549999,5329400.0,-7.250074993143551,23.35719998,20.446773346666667,17.86055001,0.04699999666666699,0.03647499750000094,2.2834288571428565,-0.08320863573465467,-0.009223501464363376,0.32678711581514586,-0.16524251059384107,0.015483677408172414,False
2021-02-19,RIDE,Lordstown Motors Corp,자동차 및 자동차 부품,24.59,25.68,24.23,24.76,24.76,5584500.0,-6.35653485917026,23.450799979999996,20.54217334666667,17.93470001,0.04770000000000074,0.03707499999999975,2.2127146428571427,0.09490649898210123,0.0009835457625232513,0.28781949491182784,-0.24763355634186857,0.01602882367749905,False
2021-02-22,RIDE,Lordstown Motors Corp,자동차 및 자동차 부품,24.24,24.959999,22.5,22.74,22.74,5764200.0,-13.138021946423727,23.518199959999997,20.624106679999997,17.998650010000002,0.04096666666666415,0.031975000000000975,2.3027144999999996,-0.8772255527118119,-0.07079482900707756,-0.011947604592858374,-0.17502658932966358,0.017178467070448164,False
2021-02-23,RIDE,Lordstown Motors Corp,자동차 및 자동차 부품,21.440001,21.450001,18.606001,19.690001,19.690001,17230500.0,-24.352219108301256,23.52799996,20.685706686666666,18.047350015,0.030800003333334658,0.024350002499998524,2.445143071428571,-1.2473703627567456,-0.13831207630726677,-1.381072906002168,-0.18280101007029304,0.011666440992350372,False
2021-02-24,RIDE,Lordstown Motors Corp,자동차 및 자동차 부품,20.0,21.389999,19.25,21.18,21.18,7803900.0,-18.646243474079473,23.588199959999997,20.757006686666667,18.103500014999998,0.035650000000000404,0.028074999999999406,2.3787144285714277,0.6263883474633153,-0.1659327346514145,-0.4988784473194666,-0.28570771539694173,0.007696740165478981,False
2021-02-25,RIDE,Lordstown Motors Corp,자동차 및 자동차 부품,20.610001,21.65,19.02,19.74,19.74,7470800.0,-21.209743231951084,23.59139996,20.818700019999998,18.152250015,0.030846666666665357,0.024375000000000924,2.4344286428571422,-0.5915145651219254,-0.21276961583820292,1.5877117900903714,-0.12288514920082903,0.02093067206926536,False
2021-02-26,RIDE,Lordstown Motors Corp,자동차 및 자동차 부품,19.542,19.99,18.35,19.34,19.34,6120500.0,-21.471184811522548,23.598199960000002,20.878566686666666,18.198850015,0.029933333333334033,0.023300000000000765,2.3965714999999994,-0.1669050975528995,-0.206442193186912,0.21545408535114502,-0.06903759543465375,0.022588674143962678,False
2021-03-01,RIDE,Lordstown Motors Corp,자동차 및 자동차 부품,20.469999,20.59,19.540001,20.16,20.16,3648700.0,-19.03365978495115,23.58719998,20.943366686666664,18.249700015000002,0.032399999999999096,0.025425000000000253,2.3894287857142844,0.3431782545278383,-0.20006417679056968,-1.371184052832294,-0.1462160415336344,0.005237933601147544,False
2021-03-02,RIDE,Lordstown Motors Corp,자동차 및 자동차 부품,21.389999,21.92,20.219999,20.59,20.59,5447700.0,-15.683692773506476,23.611799960000003,21.01130002,18.302700015,0.03396666666666803,0.026499999999998636,2.4165716428571424,0.17793803104120076,-0.19399592913372463,0.7567972173450384,-0.10508111148596304,0.016421371726281865,False
2021-03-03,RIDE,Lordstown Motors Corp,자동차 및 자동차 부품,20.700001,20.870001,18.77,19.030001,19.030001,5010800.0,-20.097426409636,23.607999999999997,21.06823336,18.34790002,0.02846667000000025,0.022600002500000826,2.3158573571428565,-0.673616185896967,-0.29351965646340955,0.24390995027899953,-0.14093100182009516,0.009325082772434105,False
2021-03-04,RIDE,Lordstown Motors Corp,자동차 및 자동차 부품,19.0,19.07,16.610001,17.790001,17.790001,8129200.0,-22.80623163698752,23.58940004,21.117633366666666,18.386900025,0.024700003333332887,0.01950000249999917,2.2845714999999993,-0.5427713687227556,-0.36526951762858956,0.295087843606604,-0.1440183085404156,0.02396418880506803,False
2021-03-05,RIDE,Lordstown Motors Corp,자동차 및 자동차 부품,18.07,18.087999,14.9,16.77,16.77,10070100.0,-27.00365720276129,23.53780004,21.160266699999998,18.420800025000002,0.02131666666666554,0.016950000000001353,2.208714285714285,-0.4618075803634956,-0.3015741704855522,-1.5486424092655549,-0.1318472323986832,0.012048218023966377,False
2021-03-08,RIDE,Lordstown Motors Corp,자동차 및 자동차 부품,16.671,18.040001,16.110001,16.26,16.26,6422900.0,-27.240773602248524,23.452600040000004,21.200400033333334,18.452150024999998,0.020066666666668453,0.015674999999998107,2.1544284999999994,-0.23672171065319556,-0.27072233151396796,0.05693066311257036,-0.08317433894424474,0.023768263699007294,False
2021-03-09,RIDE,Lordstown Motors Corp,자동차 및 자동차 부품,17.09,17.75,16.631001,17.299999,17.299999,6374900.0,-21.977368723785794,23.346400000000003,21.23313336,18.48870002,0.01636666333333281,0.018274997500000723,2.1272855714285708,0.4888854669857938,-0.22498889003672853,-0.24570355540645528,-0.09192362963622126,-0.026162424615141643,False
2021-03-10,RIDE,Lordstown Motors Corp,자동차 및 자동차 부품,18.5,18.5,16.25,17.0,17.0,7046300.0,-21.94548545711794,23.251600000000003,21.259800026666664,18.52375002,0.013333333333331865,0.0175250000000009,2.2058568571428565,-0.13600111858054761,-0.22875978166857802,-0.45474584004925656,-0.1477474121979643,-0.03587145239446068,False
2021-03-11,RIDE,Lordstown Motors Corp,자동차 및 자동차 부품,17.43,17.98,17.0,17.709999,17.709999,6573800.0,-17.262103545218622,23.166199980000002,21.29500002,18.562700015,0.017599996666668005,0.019474997499999702,2.172285428571428,0.32684424922323413,-0.21219279950849712,-0.2081605594286408,-0.1831745589365692,-0.026401769971815262,False
2021-03-12,RIDE,Lordstown Motors Corp,자동차 및 자동차 부품,14.0,15.54,13.64,14.78,14.78,50813000.0,-28.31364858516595,23.03499998,21.310866686666664,18.586905015,0.007933333333332016,0.012102499999999239,2.2872854285714275,-1.2809940392222905,-0.241033405687817,-1.3339056225888941,-0.2776001316505718,-0.031029522240165003,False
2021-03-15,RIDE,Lordstown Motors Corp,자동차 및 자동차 부품,15.32,16.379999,14.94,16.219999,16.219999,16404900.0,-19.723945426111335,22.928999959999995,21.337333346666664,18.618310010000002,0.013233330000000265,0.0157024975000013,2.1062854285714283,0.6836675506874061,-0.10310212615609189,0.3303989044542515,-0.15535214518939894,-0.026831460340066324,False
2021-03-16,RIDE,Lordstown Motors Corp,자동차 및 자동차 부품,15.9,16.02,14.78,15.22,15.22,11620900.0,-22.621100475706037,22.83219998,21.354933346666666,18.64476001,0.008800000000000807,0.013224999999998488,2.0562854285714285,-0.48631332309480696,-0.18258081691024347,-0.3966797556159944,-0.14805223863915093,-0.030999096429124514,False
2021-03-17,RIDE,Lordstown Motors Corp,자동차 및 자동차 부품,14.77,15.23,14.29,15.09,15.09,14137100.0,-21.529337679384696,22.7264,21.37306668,18.67056001,0.009066666666667444,0.012900000000000134,1.9355711428571427,-0.06716363822623676,-0.14512717927483715,-0.24274114703551652,-0.2787988770052858,-0.03545856026170944,False
2021-03-18,RIDE,Lordstown Motors Corp,자동차 및 자동차 부품,13.85,14.08,12.82,13.01,13.01,26489500.0,-29.17339113944695,22.575600020000003,21.375800013333333,18.68571001,0.00136666666666585,0.007575000000000998,1.9805711428571429,-1.0502021134163464,-0.20821982326508337,-0.1392594328069009,-0.3041355568737177,-0.030037735411679922,False
2021-03-19,RIDE,Lordstown Motors Corp,자동차 및 자동차 부품,12.98,13.56,12.6,13.3,13.3,12562800.0,-25.20823623498879,22.410000020000002,21.37826668,18.702310009999998,0.0012333333333334195,0.00829999999999842,1.9598568571428576,0.14796999022814974,-0.22216327071506112,0.18722859636897674,-0.19282036764505545,-0.03294833936561899,False
2021-03-22,RIDE,Lordstown Motors Corp,자동차 및 자동차 부품,13.44,13.84,13.17,13.33,13.33,7298500.0,-23.471442546608113,22.2108,21.38066668,18.718885009999997,0.001200000000000756,0.008287499999999781,1.8819997142857143,0.01594049126165007,-0.2337345235564576,-0.43901953281475975,-0.27823584979932675,-0.03631969677241459,False
2021-03-23,RIDE,Lordstown Motors Corp,자동차 및 자동차 부품,13.3,13.474,12.37,12.59,12.59,9079900.0,-25.604311553845083,22.023000000000003,21.37426668,18.73193501,-0.0031999999999996476,0.006525000000001668,1.8108567857142859,-0.40864634124454513,-0.2148081060812846,0.09379543636943855,-0.28895831507858105,-0.03848840742711512,False
2021-03-24,RIDE,Lordstown Motors Corp,자동차 및 자동차 부품,12.72,12.749,11.33,11.38,11.38,11528700.0,-30.398788728475377,21.70839998,21.358533346666665,18.73893501,-0.007866666666668465,0.0034999999999989484,1.7364997142857148,-0.696804030571186,-0.22581043907045822,-0.30835206326644465,-0.33206116556951315,-0.040331785464238094,False
2021-03-25,RIDE,Lordstown Motors Corp,자동차 및 자동차 부품,11.025,12.38,10.89,12.3,12.3,10006500.0,-23.332500170672567,21.44539996,21.344533346666665,18.75053501,-0.006999999999999673,0.0058000000000006935,1.6152140714285719,0.5695839432517501,-0.1521396159550835,0.17058291578156365,-0.20925935663757608,-0.047001062307803376,False
2021-03-26,RIDE,Lordstown Motors Corp,자동차 및 자동차 부품,12.48,12.48,11.45,11.87,11.87,6339100.0,-25.323210677179553,21.16639996,21.33066668,18.75928501,-0.00693333333333257,0.004374999999999574,1.5509283571428578,-0.2772532967236176,-0.15503472924582792,-1.5381162635092114,-0.32319127996770336,-0.05186714023346762,False
2021-03-29,RIDE,Lordstown Motors Corp,자동차 및 자동차 부품,11.86,11.87,11.04,11.34,11.34,7380700.0,-26.47094109323447,20.88799996,21.31733334666667,18.76538501,-0.0066666666666659324,0.003049999999999997,1.5037855000000007,-0.3524438824553097,-0.21512968277733532,-0.28121860047505737,-0.3257280689011749,-0.04653400865547206,False
2021-03-30,RIDE,Lordstown Motors Corp,자동차 및 자동차 부품,11.23,11.6,10.803,11.58,11.58,8607800.0,-22.28081087743542,20.634999960000002,21.30006668,18.772835009999998,-0.008633333333333937,0.003724999999999312,1.3999997857142863,0.17142859766764257,-0.19317041733103604,0.4362456945236134,-0.2620858164316842,-0.04315252701591809,False
2021-03-31,RIDE,Lordstown Motors Corp,자동차 및 자동차 부품,11.74,12.16,11.5,11.77,11.77,6157700.0,-19.121063464695943,20.38579996,21.282200013333334,18.78123501,-0.008933333333333238,0.00420000000000087,1.3771426428571434,0.13796682644711988,-0.20666166181504422,-0.17702146169304994,-0.2598615951648563,-0.04415639500168149,False
2021-04-01,RIDE,Lordstown Motors Corp,자동차 및 자동차 부품,12.568,12.65,11.86,12.05,12.05,8028100.0,-16.19351585363763,20.16139996,21.25586668,18.79108501,-0.013166666666666771,0.004925000000000068,1.1492855714285721,0.24362961387565205,-0.09775997230804831,-0.7600527315584519,-0.21887210294839615,-0.05340290293927403,False
2021-04-05,RIDE,Lordstown Motors Corp,자동차 및 자동차 부품,12.38,12.423,11.27,11.57,11.57,7660400.0,-18.946146954365027,19.91259996,21.214133346666664,18.79838501,-0.020866666666668365,0.003650000000000375,1.1173570714285719,-0.4295851454059419,-0.17727802202900175,-1.638172340062278,-0.3594843346995768,-0.07494656767917471,False
2021-04-06,RIDE,Lordstown Motors Corp,자동차 및 자동차 부품,11.51,12.55,11.32,12.195,12.195,7122000.0,-12.91509227387797,19.683299960000003,21.177833353333334,18.80896001,-0.018149996666664947,0.0052874999999996675,1.1023571428571433,0.5669668891336744,-0.1020437211555388,0.6508214020118653,-0.28466282344044397,-0.0643518432227645,False
2021-04-07,RIDE,Lordstown Motors Corp,자동차 및 자동차 부품,12.16,12.63,11.71,11.74,11.74,5540300.0,-14.310237332305075,19.453899980000003,21.144233346666667,18.81761001,-0.016800003333333535,0.00432499999999969,1.1009285714285717,-0.4132874845909297,-0.12676685303873111,-0.5469494472507568,-0.3063919877415326,-0.0654069939893714,False
2021-04-08,RIDE,Lordstown Motors Corp,자동차 및 자동차 부품,12.0,12.49,11.79,12.32,12.32,5276800.0,-8.613246797113428,19.17129996,21.11136668,18.82851001,-0.016433333333333522,0.005449999999999733,0.9923571428571432,0.5844669977686604,-0.010004773668373499,0.1719981291005746,-0.2841593047481415,-0.059917789048430856,False
2021-04-09,RIDE,Lordstown Motors Corp,자동차 및 자동차 부품,12.17,12.209,11.55,11.72,11.72,5788400.0,-11.50143372043172,18.88449998,21.069500013333332,18.83635501,-0.020933333333333692,0.003922499999999829,0.9787857142857145,-0.6130044515799455,-0.0643600909403803,-1.3830170896447322,-0.3963197108919778,-0.060293481385195274,False
2021-04-12,RIDE,Lordstown Motors Corp,자동차 및 자동차 부품,11.63,11.634,10.62,10.725,10.725,9759300.0,-17.52031162295784,18.59259998,21.021666680000003,18.83948001,-0.02391666666666481,0.0015625000000003553,1.0095000000000003,-0.9856364536899462,-0.13590130129406575,-0.9650220451936711,-0.4338913189190429,-0.08784655618433959,False
2021-04-13,RIDE,Lordstown Motors Corp,자동차 및 자동차 부품,10.73,10.92,10.353,10.87,10.87,6986000.0,-14.70001702972138,18.306399980000002,20.976800013333335,18.84333001,-0.02243333333333375,0.0019249999999999545,0.9711428571428574,0.14930862018240612,-0.09604737547785494,-0.2127825545823734,-0.4557897468441724,-0.09207050141638698,False
2021-04-14,RIDE,Lordstown Motors Corp,자동차 및 자동차 부품,11.19,11.595,10.81,10.86,10.86,7158500.0,-12.715486509590567,18.013599980000002,20.930666673333334,18.84728001,-0.0230666700000004,0.001974999999999838,0.925857142857143,-0.010800802345316848,-0.047047144890292866,0.4598145967272919,-0.4009206997017626,-0.10180452510308612,False
2021-04-15,RIDE,Lordstown Motors Corp,자동차 및 자동차 부품,10.87,10.94,9.75,9.79,9.79,14000600.0,-20.26282293268552,17.71419998,20.862733340000002,18.84523001,-0.033966666666666256,-0.0010249999999984993,0.9044285714285716,-1.1830674459011217,-0.17223652982978369,-2.5001140230893872,-0.5916847667639734,-0.11794643903411146,False
2021-04-16,RIDE,Lordstown Motors Corp,자동차 및 자동차 부품,9.85,10.3,9.54,10.02,10.02,8183000.0,-17.379810041296416,17.36959998,20.788866673333334,18.843830009999998,-0.03693333333333371,-0.0007000000000019213,0.8851428571428573,0.25984506132989066,-0.13387236139739025,-0.22051329462100366,-0.4975702689862443,-0.12946566887946667,False
2021-04-19,RIDE,Lordstown Motors Corp,자동차 및 자동차 부품,9.28,9.34,8.9,9.2,9.2,11767500.0,-22.13892331819163,17.005399980000004,20.685666673333333,18.83763001,-0.051600000000000534,-0.0030999999999981043,0.905857142857143,-0.9052199968459235,-0.17335636956814837,-0.19049842016273466,-0.4910902561067926,-0.1406630085561176,False
2021-04-20,RIDE,Lordstown Motors Corp,자동차 및 자동차 부품,9.02,9.4,8.8,9.2,9.2,6237200.0,-19.973342984049726,16.65399998,20.56033334,18.83138001,-0.06266666666666687,-0.0031250000000007105,0.8917857142857145,0.0,-0.18560126940155142,0.87484164828115,-0.45976197369554,-0.13881079670539684,False
2021-04-21,RIDE,Lordstown Motors Corp,자동차 및 자동차 부품,8.98,9.76,8.79,9.76,9.76,7934100.0,-14.530908032242962,16.30119998,20.448200006666667,18.82843001,-0.056066666666666265,-0.001474999999999227,0.9139285714285716,0.6127393513091055,-0.15168894619712386,-0.5432885686158304,-0.48592390990431006,-0.1374799556039688,False
2021-04-22,RIDE,Lordstown Motors Corp,자동차 및 자동차 부품,9.818,10.22,9.19,9.71,9.71,9172700.0,-13.262414279510192,15.9428,20.329933333333333,18.82518001,-0.05913333666666709,-0.0016250000000006537,0.9246428571428574,-0.05407493240633332,-0.17295355664583711,1.080924817007967,-0.3544255135781373,-0.13380417377495632,False
2021-04-23,RIDE,Lordstown Motors Corp,자동차 및 자동차 부품,9.56,10.06,9.52,9.94,9.94,3545600.0,-10.903585362631297,15.5514,20.210333340000002,18.82298001,-0.05979999666666558,-0.001100000000000989,0.8808571428571431,0.26110930911449726,-0.12361823846580576,-1.0855777693691473,-0.3149544728143422,-0.14478710076963838,False
2021-04-26,RIDE,Lordstown Motors Corp,자동차 및 자동차 부품,9.87,10.385,9.7,10.22,10.22,5774300.0,-7.611801852486533,15.140799999999999,20.08506667333333,18.82208001,-0.06263333333333598,-0.00044999999999895124,0.8419285714285717,0.33256978026639644,-0.14036088909918273,0.10860924462710025,-0.3536839126275397,-0.1501612794178658,False
2021-04-27,RIDE,Lordstown Motors Corp,자동차 및 자동차 부품,10.23,10.5,10.0,10.49,10.49,3695800.0,-4.5179110934575935,14.8124,19.945666673333335,18.82253001,-0.06969999999999743,0.0002250000000003638,0.8119285714285718,0.3325415676959613,-0.08708738536440482,0.35946002788799836,-0.2889403786890572,-0.15655957012811358,False
2021-04-28,RIDE,Lordstown Motors Corp,자동차 및 자동차 부품,10.17,10.45,10.05,10.27,10.27,2576000.0,-5.595412433072166,14.51559998,19.82633334,18.82188001,-0.05966666666666676,-0.00032500000000013074,0.7897857142857145,-0.27855657049832755,-0.14873192595490398,-0.17300513899696857,-0.3135834692674532,-0.1479760292539611,False
2021-04-29,RIDE,Lordstown Motors Corp,자동차 및 자동차 부품,10.32,10.386,9.93,10.21,10.21,3125400.0,-5.80258447039339,14.22499998,19.73173334,18.820830009999998,-0.0472999999999999,-0.000525000000001441,0.7673571428571432,-0.07819044959508348,-0.1105309258131281,-0.9075687700027831,-0.2796228750073139,-0.15324490144920103,False
2021-04-30,RIDE,Lordstown Motors Corp,자동차 및 자동차 부품,10.013,10.32,9.88,9.91,9.91,2532700.0,-6.7713527429828275,13.9322,19.65246668,18.81813001,-0.03963333000000091,-0.00134999999999863,0.7202142857142858,-0.41654269562630264,-0.06988137166572499,0.4366103394539763,-0.17950627610391054,-0.14478851483027677,False
2021-05-03,RIDE,Lordstown Motors Corp,자동차 및 자동차 부품,9.93,9.98,9.19,9.22,9.22,4290700.0,-12.400821047908172,13.6214,19.554666686666668,18.81198001,-0.04889999666666611,-0.003075000000000827,0.7361428571428573,-0.9373180671453514,-0.14749756361770766,-1.2578460822008277,-0.2541536709338001,-0.15203384245995075,False
2021-05-04,RIDE,Lordstown Motors Corp,자동차 및 자동차 부품,8.96,9.15,8.61,8.84,8.84,5618600.0,-13.954160056586318,13.3434,19.433933346666667,18.803930010000002,-0.06036667000000051,-0.004024999999998613,0.7236428571428574,-0.5251209160003958,-0.18423471459307045,0.20742489483108106,-0.2721815067835295,-0.15078017174969513,False
2021-05-05,RIDE,Lordstown Motors Corp,자동차 및 자동차 부품,8.917,8.96,8.53,8.64,8.64,3998200.0,-14.567199112646346,13.12239998,19.308866679999998,18.79488001,-0.06253333333333444,-0.0045250000000010004,0.6693571428571433,-0.29879415217159194,-0.12107233646953261,-0.3787356942190701,-0.12065448329279253,-0.15578812667659997,False
2021-05-06,RIDE,Lordstown Motors Corp,자동차 및 자동차 부품,8.56,8.6,7.87,8.06,8.06,6553900.0,-19.133843816624964,12.85999998,19.190933346666668,18.782755010000002,-0.058966666666664835,-0.0060624999999987494,0.6700714285714289,-0.8655793625413066,-0.20145979531747527,-1.7356799324628414,-0.22888067171006665,-0.16141644447865486,False
2021-05-07,RIDE,Lordstown Motors Corp,자동차 및 자동차 부품,8.078,8.51,7.84,7.99,7.99,7364700.0,-18.795409289901098,12.62499998,19.077733353333333,18.77027501,-0.05659999666666771,-0.0062400000000018,0.6379285714285717,-0.10973015339827606,-0.1446390922140719,-0.8997907471228227,-0.2795444093500729,-0.1639614957474558,False
2021-05-10,RIDE,Lordstown Motors Corp,자동차 및 자동차 부품,7.99,8.0,7.34,7.37,7.37,7942400.0,-22.916527057828194,12.38559998,18.970866686666664,18.75532501,-0.05343333333333433,-0.007474999999999454,0.6422142857142862,-0.9654098542987426,-0.21359693894969636,0.15413074848790687,-0.3310237593353046,-0.16348823180913138,False
2021-05-11,RIDE,Lordstown Motors Corp,자동차 및 자동차 부품,6.92,7.78,6.69,7.76,7.76,8230500.0,-16.749386888093355,12.13759998,18.867400013333334,18.74192501,-0.0517333366666648,-0.006700000000000372,0.6507857142857146,0.5992756009219616,-0.21455863540592096,1.4753308693805547,-0.1868366566212771,-0.14683098748735224,False
2021-05-12,RIDE,Lordstown Motors Corp,자동차 및 자동차 부품,7.51,7.76,7.15,7.21,7.21,4418100.0,-19.41369387424143,11.86999998,18.771600013333334,18.72597501,-0.047900000000000276,-0.007975000000000065,0.6207857142857145,-0.8859739960879064,-0.27397999709746185,1.125314615898628,-0.1836659567005156,-0.14093041358915107,False
2021-05-13,RIDE,Lordstown Motors Corp,자동차 및 자동차 부품,7.314,7.385,6.7,6.98,6.98,6311700.0,-21.767648128945506,11.628999960000002,18.674066673333332,18.70842501,-0.0487666700000009,-0.008774999999999977,0.6311428571428573,-0.36441828881846905,-0.31866053980695946,-1.4648009878698685,-0.2107533294505671,-0.14465991264691527,False
2021-05-14,RIDE,Lordstown Motors Corp,자동차 및 자동차 부품,7.07,7.4,6.86,7.33,7.33,7442500.0,-17.844739839576242,11.419799939999997,18.58580000666667,18.69317501,-0.04413333333333114,-0.007624999999999105,0.6207857142857145,0.5638016338741219,-0.30214397883497907,-0.6884577758685637,-0.26768668805740026,-0.14415090620707674,False
2021-05-17,RIDE,Lordstown Motors Corp,자동차 및 자동차 부품,7.27,8.95,7.1,8.4,8.4,13385700.0,-5.187103796233838,11.25239994,18.487133333333336,18.68330001,-0.04933333666666684,-0.004937500000000483,0.7172142857142857,1.491883278557913,-0.21933385663055396,1.7031111269790271,-0.17171160955089818,-0.13461241716049374,False
2021-05-18,RIDE,Lordstown Motors Corp,자동차 및 자동차 부품,8.49,10.95,8.46,10.09,10.09,34039200.0,14.277484516659534,11.128999939999998,18.38646666,18.68255001,-0.05033333666666806,-0.0003750000000000142,0.8679285714285714,1.947164842399802,-0.06035375570925897,2.633498095496784,0.02875290719865558,-0.11474072810993381,False
2021-05-19,RIDE,Lordstown Motors Corp,자동차 및 자동차 부품,9.83,11.65,9.61,11.45,11.45,42545600.0,28.72908440641122,11.01199996,18.29213332666667,18.67785001,-0.04716666666666569,-0.002349999999999852,0.9810714285714288,1.3862395340371305,0.044248385978756306,1.613713536029692,0.2088445004866895,-0.10760864361394491,False
2021-05-20,RIDE,Lordstown Motors Corp,자동차 및 자동차 부품,10.38,10.74,9.52,9.7,9.7,21353200.0,7.9553621057860235,10.865999960000002,18.193133333333332,18.66135001,-0.04949999666666827,-0.008250000000000313,1.0875000000000001,-1.6091954022988504,-0.040941093069282807,-2.4007897517330656,0.0061730654019008,-0.12392925337802825,False
2021-05-21,RIDE,Lordstown Motors Corp,자동차 및 자동차 부품,9.3,10.3,9.15,9.58,9.58,12193200.0,6.883352586198854,10.703399979999999,18.104799999999997,18.647100010000003,-0.044166666666667354,-0.007124999999998494,1.1132142857142857,-0.10779595765158737,0.018310486180271757,-0.0490564998630451,0.09251517842602812,-0.1205785058209533,False
2021-05-24,RIDE,Lordstown Motors Corp,자동차 및 자동차 부품,9.6,9.97,9.2,9.67,9.67,9498400.0,7.167869609945754,10.60119998,18.015733326666666,18.63345001,-0.04453333666666559,-0.006825000000000969,1.1246428571428573,0.08002540489044127,0.06153522338676011,-0.6721640609485237,0.02968739587034208,-0.12554748959708073,False
2021-05-25,RIDE,Lordstown Motors Corp,자동차 및 자동차 부품,8.17,9.1,7.88,8.95,8.95,18351400.0,0.25906778709186007,10.4558,17.930399993333335,18.61695001,-0.04266666666666552,-0.008250000000000313,1.2217857142857143,-0.5893013738672908,0.04078470755135306,-0.42728099529314173,0.026219874365051247,-0.13193708798685147,False
2021-05-26,RIDE,Lordstown Motors Corp,자동차 및 자동차 부품,8.75,9.8,8.675,9.44,9.44,8175400.0,6.060802184470249,10.3402,17.865533326666664,18.60125001,-0.03243333333333531,-0.007849999999999469,1.247142857142857,0.3928980526918673,0.13067595149657976,0.24295070830759896,0.1675506344200827,-0.12100017143486662,False
2021-05-27,RIDE,Lordstown Motors Corp,자동차 및 자동차 부품,9.46,10.63,9.4,10.55,10.55,12247300.0,18.15154131853669,10.249400000000001,17.79306666,18.59215001,-0.036233333333331785,-0.004550000000000054,1.2871428571428571,0.8623751387347401,0.2001120437917952,0.7666150242138778,0.28657961808698984,-0.12280754655878644,False
2021-05-28,RIDE,Lordstown Motors Corp,자동차 및 자동차 부품,10.49,11.25,9.86,9.9,9.9,8433400.0,10.826797545429256,10.1872,17.72273332,18.57865001,-0.03516667000000062,-0.006750000000000256,1.3392857142857142,-0.4853333333333336,0.234403223860753,-0.5514363195935528,0.23618197036688565,-0.12149218499412089,False
2021-06-01,RIDE,Lordstown Motors Corp,자동차 및 자동차 부품,9.85,10.65,9.85,10.33,10.33,4908100.0,14.995908503297063,10.1278,17.670199993333334,18.56565001,-0.02626666333333283,-0.0065000000000008384,1.3185714285714287,0.3261105092091005,0.21489143159554863,0.37112697422383156,0.15731026356997682,-0.11115885586095753,False
2021-06-02,RIDE,Lordstown Motors Corp,자동차 및 자동차 부품,10.436,12.37,10.31,12.37,12.37,14325100.0,34.928573016265794,10.108600000000001,17.626199999999997,18.56265001,-0.02199999666666841,-0.0015000000000000568,1.4221428571428572,1.4344550477147155,0.38063636329573586,1.2844856120520478,0.16867962043807824,-0.11323905939551916,False
2021-06-03,RIDE,Lordstown Motors Corp,자동차 및 자동차 부품,12.86,14.73,12.58,13.15,13.15,21283800.0,40.530070645265305,10.1198,17.603466673333333,18.560650010000003,-0.011366663333332028,-0.0009999999999976694,1.5417857142857143,0.505906879777624,0.44280244676688546,0.9023545903164683,0.33776216173710233,-0.10231280323445285,False
2021-06-04,RIDE,Lordstown Motors Corp,자동차 및 자동차 부품,13.06,13.4,12.36,12.52,12.52,7190400.0,29.60151691778181,10.142600000000002,17.593400006666666,18.55455001,-0.005033333333333445,-0.0030500000000017735,1.5775000000000003,-0.3993660855784473,0.3740047525202734,-1.41772950188059,0.2856713241648147,-0.12010766906755542,False
2021-06-07,RIDE,Lordstown Motors Corp,자동차 및 자동차 부품,12.38,13.89,12.36,13.4,13.4,9729400.0,35.02949410823304,10.1646,17.584466673333335,18.549550009999997,-0.004466666666665731,-0.002500000000001279,1.5546428571428574,0.5660464047783142,0.30787354725030197,0.6614150094971804,0.21126445863039708,-0.11302430783319854,False
2021-06-08,RIDE,Lordstown Motors Corp,자동차 및 자동차 부품,13.64,15.8,10.26,11.22,11.22,39704200.0,10.92899232020379,10.1516,17.572266673333335,18.53590001,-0.006099999999999994,-0.006824999999999193,1.7682142857142864,-1.2328822460109063,0.08072732664953708,-1.2544626823561706,-0.06644702550195684,-0.12129019789647984,False
2021-06-09,RIDE,Lordstown Motors Corp,자동차 및 자동차 부품,10.12,12.87,8.882,11.23,11.23,69057500.0,9.418700424420345,10.1494,17.560000006666666,18.52535001,-0.006133333333334434,-0.0052749999999992525,1.907357142857143,0.0052428566078716625,-0.01791529316683854,0.2552015873882832,-0.16348359326205747,-0.11510414154927083,False
2021-06-10,RIDE,Lordstown Motors Corp,자동차 및 자동차 부품,10.77,11.41,10.32,10.6,10.6,10362000.0,1.2905267364410555,10.1298,17.524066673333333,18.50750001,-0.017966666666666242,-0.008924999999999628,1.8473571428571434,-0.34102772300197226,0.07266811249722419,-1.0197762070624834,-0.06483976864273018,-0.12352082722458858,False
2021-06-11,RIDE,Lordstown Motors Corp,자동차 및 자동차 부품,10.61,11.6,10.59,11.41,11.41,9530200.0,6.681517819001237,10.1226,17.487800006666667,18.492300009999997,-0.018133333333333113,-0.0076000000000018275,1.8373571428571434,0.4408506006297867,0.11185715237446521,0.13973669015247747,-0.05135454078447856,-0.11744257146245106,False
2021-06-14,RIDE,Lordstown Motors Corp,자동차 및 자동차 부품,9.39,9.85,8.91,9.26,9.26,35089400.0,-14.292283296369524,10.0668,17.42886667333333,18.45860001,-0.029466666666667862,-0.016849999999998033,1.9609285714285716,-1.096419334863221,0.027825385249203607,-1.4031616755948484,-0.1035686561163589,-0.12369681470915203,False
2021-06-15,RIDE,Lordstown Motors Corp,자동차 및 자동차 부품,9.26,10.64,9.05,10.31,10.31,41562100.0,-5.147633814360509,10.041599999999999,17.378333346666665,18.42100001,-0.025266663333333383,-0.018800000000000594,1.9466428571428573,0.5393901588815914,0.1084462090169809,0.8920707988995014,-0.009329242245455822,-0.1173000049104081,False
2021-06-16,RIDE,Lordstown Motors Corp,자동차 및 자동차 부품,10.05,10.79,9.95,10.78,10.78,12671000.0,-0.4958408676080661,10.013300000000001,17.33113334,18.386700015,-0.023600003333331898,-0.01714999750000068,1.9262857142857146,0.24399288045090414,0.09781012528548352,1.1083595698113742,0.05248567643338526,-0.10607000198585295,False
2021-06-17,RIDE,Lordstown Motors Corp,자동차 및 자동차 부품,10.06,11.07,10.03,10.31,10.31,12767100.0,-4.157462943785761,9.9847,17.28813334,18.35435001,-0.02149999999999963,-0.016175002499998925,1.912714285714286,-0.2457241018746726,0.018660179527668335,-0.17959143374605346,-0.01510049913518126,-0.10453583909644952,False
2021-06-18,RIDE,Lordstown Motors Corp,자동차 및 자동차 부품,10.19,10.88,10.14,10.65,10.65,9262000.0,-0.11901394991503667,9.9513,17.24353334,18.32135001,-0.02230000000000132,-0.016500000000000625,1.8662857142857145,0.1821800367421922,0.06633970596163447,1.98802027321977,0.16628925749434179,-0.0905239159422759,False
2021-06-21,RIDE,Lordstown Motors Corp,자동차 및 자동차 부품,10.44,10.65,9.91,10.07,10.07,10748100.0,-7.0050702489606875,9.918299999999999,17.199333333333335,18.281700009999998,-0.02210000333333184,-0.01982500000000087,1.8620000000000003,-0.31149301825993553,0.020796596856703323,-2.115166973424355,-0.011303167337671529,-0.10578906618283114,False
2021-06-22,RIDE,Lordstown Motors Corp,자동차 및 자동차 부품,10.005,10.529,9.97,10.31,10.31,6433300.0,-5.502559464529588,9.91,17.148733333333332,18.24375001,-0.025300000000001432,-0.018974999999999298,1.7547857142857146,0.1367688362437417,-0.0718952753912234,-0.5049816481582974,-0.13912225735269618,-0.10872382490177271,False
2021-06-23,RIDE,Lordstown Motors Corp,자동차 및 자동차 부품,10.37,11.43,10.317,11.18,11.18,8783200.0,1.5967360680836817,9.9162,17.07293334,18.21165001,-0.03789999666666688,-0.016049999999999898,1.6662142857142856,0.5221417241822776,-0.07073564364803385,0.6661262281991395,-0.15599571178964824,-0.11513241049583137,False
2021-06-24,RIDE,Lordstown Motors Corp,자동차 및 자동차 부품,11.35,11.67,10.86,10.98,10.98,8278200.0,-1.4124487130041108,9.9186,16.981466666666666,18.177650004999997,-0.04573333666666635,-0.017000002500001443,1.6497857142857144,-0.12122786509070398,-0.05086862789890932,-0.9125370313194893,-0.11991053532099819,-0.1295854941574652,False
2021-06-25,RIDE,Lordstown Motors Corp,자동차 및 자동차 부품,11.12,11.2,10.73,11.0,11.0,22369400.0,-1.6705258196857753,9.9428,16.871466666666667,18.132750005,-0.054999999999999716,-0.022449999999999193,1.5740714285714286,0.012705903707400918,-0.09039294940397456,-0.44038707405097627,-0.19861068414586652,-0.1445241679378925,False
2021-06-28,RIDE,Lordstown Motors Corp,자동차 및 자동차 부품,10.9,11.875,10.87,11.79,11.79,6779000.0,4.363138092231211,9.978200000000001,16.78046666,18.086200005000002,-0.04550000333333415,-0.02327499999999816,1.2501428571428572,0.6319277796823213,0.04280776671697027,0.30793869807384733,-0.08701058554372239,-0.13566751426740642,False
2021-06-29,RIDE,Lordstown Motors Corp,자동차 및 자동차 부품,11.53,11.65,11.14,11.33,11.33,5424500.0,-0.0810675292907348,10.020800000000001,16.6796,18.019450005,-0.05043332999999883,-0.033375000000001265,1.0117142857142856,-0.4546738209545318,0.009956575462512876,-0.49402558297847154,-0.14052681199849057,-0.14420830608825622,False
2021-06-30,RIDE,Lordstown Motors Corp,자동차 및 자동차 부품,11.21,11.45,11.035,11.06,11.06,3453700.0,-1.9122308726794546,10.058,16.562666666666665,17.934750005,-0.05846666666666778,-0.042349999999999,0.9634999999999998,-0.28022833419823523,0.014299388948494097,-0.47600554556738783,-0.1016860504631266,-0.15069764143923384,False
2021-07-01,RIDE,Lordstown Motors Corp,자동차 및 자동차 부품,11.131,11.19,10.19,10.35,10.35,5963300.0,-7.378931062539129,10.069799999999999,16.449199993333334,17.853600005,-0.05673333666666558,-0.04057500000000047,0.9627857142857141,-0.737443430521553,-0.06986447041945874,-1.495091755034998,-0.21845951083366058,-0.15040480568712014,False
2021-07-02,RIDE,Lordstown Motors Corp,자동차 및 자동차 부품,10.34,10.46,8.56,9.23,9.23,15033300.0,-16.664797674198873,10.0602,16.32993332,17.7625,-0.0596333366666677,-0.04555000250000063,0.9199285714285713,-1.217485829645158,-0.0785120771895971,-2.2757612266987612,-0.2807880501982258,-0.16574813201261052,False
2021-07-06,RIDE,Lordstown Motors Corp,자동차 및 자동차 부품,9.342,9.68,9.25,9.31,9.31,3667300.0,-14.037529837911688,10.0476,16.21533332,17.669650004999998,-0.057299999999999685,-0.04642499750000084,0.8384999999999998,0.09540846750149086,-0.11022505514531858,0.36802887717795607,-0.31821961603547905,-0.16053059301009054,False
2021-07-07,RIDE,Lordstown Motors Corp,자동차 및 자동차 부품,9.24,9.307,8.51,8.56,8.56,6791600.0,-20.121822605942498,10.0144,16.108399986666665,17.567400005,-0.053466666666666995,-0.05112499999999898,0.835642857142857,-0.8975126079152066,-0.19176116145718364,-1.3675567404822622,-0.495070781056453,-0.16787715343903312,False
2021-07-08,RIDE,Lordstown Motors Corp,자동차 및 자동차 부품,8.58,8.93,8.42,8.89,8.89,4434500.0,-15.285730705001344,9.9824,16.011599986666667,17.454850005,-0.04839999999999911,-0.05627499999999941,0.7977857142857141,0.4136449100188022,-0.14466337489336403,1.5319805354933442,-0.37281564039649606,-0.14831225692715264,False
2021-07-09,RIDE,Lordstown Motors Corp,자동차 및 자동차 부품,9.02,9.075,8.74,8.94,8.94,3549900.0,-14.96366017128674,9.9558,15.923999986666667,17.358700005,-0.04380000000000006,-0.048075000000000756,0.7688571428571426,0.06503158677071584,-0.15303112131989804,-1.4167980099313908,-0.6160169463358647,-0.15373549940029177,False
2021-07-12,RIDE,Lordstown Motors Corp,자동차 및 자동차 부품,8.935,9.0,8.55,8.86,8.86,2621300.0,-14.836420993222143,9.9288,15.829799986666666,17.281000005,-0.047100000000000364,-0.03885000000000005,0.7481428571428568,-0.10693144930303623,-0.13841958068011948,-0.605740302427321,-0.5082007555503623,-0.16013963139665102,False
2021-07-13,RIDE,Lordstown Motors Corp,자동차 및 자동차 부품,8.75,8.81,8.36,8.75,8.75,4147200.0,-15.287140331792791,9.9056,15.73166666,17.21575001,-0.04906666333333298,-0.03262499749999925,0.7439285714285712,-0.14786365818530894,-0.1587504731393374,0.3785022606028304,-0.44509476206742454,-0.1528135657051609,False
2021-07-14,RIDE,Lordstown Motors Corp,자동차 및 자동차 부품,8.56,8.67,7.91,8.08,8.08,9396400.0,-20.893202020688605,9.8828,15.65166666,17.136700015,-0.040000000000000036,-0.039524997500000936,0.7239285714285711,-0.925505673408979,-0.26215385868157004,-1.0926671788669764,-0.5707228625721471,-0.15398928741069506,False
2021-07-15,RIDE,Lordstown Motors Corp,자동차 및 자동차 부품,8.02,9.35,7.92,8.89,8.89,10894700.0,-11.707644733649836,9.8838,15.581799986666665,17.046400010000003,-0.034933336666667536,-0.04515000249999801,0.7682142857142854,1.0543933054393315,-0.17818091792942464,1.5185226894945028,-0.397075739656862,-0.14026235545518342,False
2021-07-16,RIDE,Lordstown Motors Corp,자동차 및 자동차 부품,8.62,9.029,8.41,8.54,8.54,5697300.0,-13.66374441722641,9.8818,15.510733313333333,16.952100010000002,-0.03553333666666614,-0.04715000000000025,0.7788571428571426,-0.44937637564196825,-0.21118679502580814,0.5437257146398893,-0.32678196903608586,-0.1418450497319028,False
2021-07-19,RIDE,Lordstown Motors Corp,자동차 및 자동차 부품,8.28,8.565,7.93,8.31,8.31,4463100.0,-13.48994277181883,9.8868,15.444999979999999,16.86490001,-0.032866666666667044,-0.043600000000001415,0.7524285714285711,-0.30567685589519483,-0.27815855470991646,1.4748814566167885,-0.24342891485444726,-0.13009769146589073,False
2021-07-20,RIDE,Lordstown Motors Corp,자동차 및 자동차 부품,8.31,8.67,8.1,8.59,8.59,2566700.0,-11.129570562234647,9.8988,15.371733313333333,16.783000015,-0.03663333333333263,-0.04094999750000028,0.7467142857142856,0.3749760857088188,-0.21889784709110566,-1.1196938492847495,-0.28811950530489566,-0.1421395639099995,False
2021-07-21,RIDE,Lordstown Motors Corp,자동차 및 자동차 부품,8.51,8.985,8.48,8.52,8.52,2722600.0,-11.639284425500374,9.9218,15.301866646666667,16.708600015,-0.03493333333333304,-0.037200000000000344,0.7531428571428569,-0.09294385432473486,-0.2055203842429985,-0.8885445789301858,-0.3175865791165241,-0.14943088491962953,False
2021-07-22,RIDE,Lordstown Motors Corp,자동차 및 자동차 부품,8.48,8.55,8.18,8.19,8.19,2511700.0,-13.750272619783555,9.930399999999999,15.218399986666666,16.633150009999998,-0.04173333000000046,-0.037725002500000215,0.708142857142857,-0.4660076659269722,-0.18613211534338556,-0.6633400574825867,-0.25817574357706613,-0.1499227149858847,False
2021-07-23,RIDE,Lordstown Motors Corp,자동차 및 자동차 부품,8.13,8.16,7.43,7.48,7.48,7137700.0,-20.41133639113505,9.9358,15.13919998,16.56265001,-0.0396000033333328,-0.03524999999999956,0.6267142857142856,-1.1328926373375872,-0.18008974446427337,-2.108531205605303,-0.24623074207039058,-0.1586360981092836,False
2021-07-26,RIDE,Lordstown Motors Corp,자동차 및 자동차 부품,7.302,8.04,7.24,7.29,7.29,15014600.0,-20.90718144212905,9.942,15.059666653333334,16.491050004999998,-0.03976666333333334,-0.03580000250000026,0.6517142857142855,-0.2915387987724689,-0.20772883491241334,-0.5323436843564069,-0.31054306789427366,-0.15778541336689622,False
2021-07-27,RIDE,Lordstown Motors Corp,자동차 및 자동차 부품,7.4,7.4,6.55,6.59,6.59,12456400.0,-25.941360564410775,9.927200000000001,14.978799993333336,16.421150005,-0.040433329999999046,-0.03494999999999848,0.655285714285714,-1.068236320034882,-0.21992338577810447,-0.6041863632261559,-0.25601661237598033,-0.16259166723356347,False
2021-07-28,RIDE,Lordstown Motors Corp,자동차 및 자동차 부품,6.78,6.78,6.55,6.56,6.56,10316300.0,-24.107718132571478,9.890400000000001,14.893533326666669,16.33795,-0.042633333333333745,-0.041600002500000954,0.6352857142857141,-0.04722284686305415,-0.2528425112696656,-0.027717206459667895,-0.36742359394405266,-0.16758785622438105,False
2021-07-29,RIDE,Lordstown Motors Corp,자동차 및 자동차 부품,6.6,6.63,6.17,6.2,6.2,12677100.0,-26.379205321445344,9.8126,14.798066660000002,16.242999995,-0.047733333333333405,-0.04747500249999881,0.6442142857142856,-0.5588202683224296,-0.29740335806203316,-1.015874724803522,-0.3387862164349192,-0.1800641078156328,False
2021-07-30,RIDE,Lordstown Motors Corp,자동차 및 자동차 부품,6.07,6.55,6.06,6.24,6.24,8250600.0,-23.543312889904065,9.708400000000001,14.688933320000002,16.146199995,-0.05456666999999982,-0.04840000000000089,0.6470714285714285,0.06181697759134568,-0.2853498989981488,0.6446851890907052,-0.24947010989791726,-0.18239974922393054,False
2021-08-02,RIDE,Lordstown Motors Corp,자동차 및 자동차 부품,6.28,6.66,6.11,6.37,6.37,6915100.0,-20.372525862278902,9.6418,14.586466653333334,16.0553,-0.05123333333333413,-0.04544999750000045,0.650642857142857,0.19980239323745735,-0.2605166096108083,0.3933940892684727,-0.2484064078503714,-0.17432404689977077,False
2021-08-03,RIDE,Lordstown Motors Corp,자동차 및 자동차 부품,6.31,6.391,5.83,5.94,5.94,11154000.0,-24.699033457566312,9.568999999999999,14.47953332,15.97085,-0.053466666666666995,-0.04222499999999929,0.6307142857142856,-0.6817667044167608,-0.24310668325422125,-1.5142976774568568,-0.27852287203536286,-0.1793422262409064,False
2021-08-04,RIDE,Lordstown Motors Corp,자동차 및 자동차 부품,5.95,6.19,5.78,5.92,5.92,9518500.0,-23.27063970154988,9.494,14.37673332,15.885299995,-0.05140000000000011,-0.04277500249999999,0.5578571428571428,-0.03585147247119161,-0.3209813102478301,0.44664070929163346,-0.3550858706212821,-0.1756095756415172,False
2021-08-05,RIDE,Lordstown Motors Corp,자동차 및 자동차 부품,5.94,6.095,5.85,5.99,5.99,6601100.0,-21.24250425393087,9.434800000000001,14.273199986666665,15.806499995000001,-0.051766666666667405,-0.03939999999999966,0.5311428571428571,0.13179128563744003,-0.27946933444215805,-0.5186717242832036,-0.43097140197293154,-0.17873482154149858,False
2021-08-06,RIDE,Lordstown Motors Corp,자동차 및 자동차 부품,6.0,6.06,5.835,5.93,5.93,6653500.0,-20.520205225443068,9.364600000000001,14.178999993333333,15.740299995,-0.047099996666665866,-0.03310000000000013,0.5018571428571429,-0.11955593509820764,-0.266174982956659,-0.33295164922045306,-0.5601023381041631,-0.17106997151765835,False
2021-08-09,RIDE,Lordstown Motors Corp,자동차 및 자동차 부품,5.89,6.11,5.675,5.97,5.97,9578900.0,-18.27159254075975,9.273000000000001,14.082933333333333,15.663049995,-0.048033329999999985,-0.038625000000000576,0.4922142857142857,0.081265418662023,-0.28715431631714433,0.21924755529945536,-0.4644636663481485,-0.18027748337833105,False
2021-08-10,RIDE,Lordstown Motors Corp,자동차 및 자동차 부품,6.03,6.23,5.8,5.83,5.83,9048900.0,-18.565978142637572,9.1916,13.984800006666667,15.589949989999997,-0.04906666333333298,-0.03655000250000118,0.486857142857143,-0.28755868544600865,-0.3010553756829496,-0.44093012419766164,-0.43249120529582535,-0.17935999715408057,False
2021-08-11,RIDE,Lordstown Motors Corp,자동차 및 자동차 부품,5.85,5.89,5.43,5.58,5.58,15896500.0,-20.704988675554347,9.0966,13.878133340000002,15.526799995000001,-0.05333333333333279,-0.03157499749999815,0.4932857142857143,-0.5068056762235736,-0.303969519275564,-0.7074999249542345,-0.4356454815438002,-0.18475705163030548,False
2021-08-12,RIDE,Lordstown Motors Corp,자동차 및 자동차 부품,6.16,6.36,5.55,5.74,5.74,22154600.0,-16.792472576198904,8.964,13.761133333333333,15.460650000000001,-0.05850000333333405,-0.03307499749999998,0.49685714285714294,0.3220241518113861,-0.2000468914792088,-0.36943253802502507,-0.31142414814520886,-0.18565020271793184,False
2021-08-13,RIDE,Lordstown Motors Corp,자동차 및 자동차 부품,5.75,5.76,5.05,5.37,5.37,15466800.0,-20.292164250011602,8.8084,13.650400000000001,15.404700005,-0.05536666666666612,-0.02797499750000032,0.4904285714285716,-0.7544421788523157,-0.23311141862776927,-1.0308000706095006,-0.34702817573471556,-0.18449103787343238,False
2021-08-16,RIDE,Lordstown Motors Corp,자동차 및 자동차 부품,5.35,5.49,5.06,5.45,5.45,8253800.0,-17.301157034826854,8.667,13.505999993333335,15.361800005,-0.07220000333333321,-0.021450000000000635,0.4604285714285716,0.17375116351225575,-0.14439802694583087,-0.28671376183712216,-0.32435156134978466,-0.20563186141243434,False
2021-08-17,RIDE,Lordstown Motors Corp,자동차 및 자동차 부품,5.346,5.51,5.205,5.49,5.49,7844800.0,-13.89889430201836,8.5088,13.37293332,15.315550005,-0.06653333666666761,-0.023124999999999396,0.4657857142857144,0.08587639932525691,-0.13489093793238008,1.222912457554778,-0.2350208710630385,-0.19247839501863864,False
2021-08-18,RIDE,Lordstown Motors Corp,자동차 및 자동차 부품,5.57,5.59,5.15,5.27,5.27,8031900.0,-14.185121437098102,8.389800000000001,13.235933320000001,15.276650004999999,-0.06849999999999934,-0.019450000000000855,0.46435714285714297,-0.4737732656514395,-0.12881615202730937,1.1319396685511056,-0.08160555725199366,-0.1845943961647785,False
2021-08-19,RIDE,Lordstown Motors Corp,자동차 및 자동차 부품,5.16,5.245,4.77,4.77,4.77,12360400.0,-20.157352679201512,8.2606,13.099333320000001,15.235150004999998,-0.0682999999999998,-0.02075000000000049,0.46507142857142864,-1.0751036707111041,-0.21002476976319867,-1.2517622276086826,-0.21706608701623567,-0.19350315250236128,False
2021-08-20,RIDE,Lordstown Motors Corp,자동차 및 자동차 부품,4.86,5.52,4.81,5.23,5.23,13542900.0,-11.473830586883171,8.1532,12.972666653333334,15.181350004999999,-0.06333333333333346,-0.02689999999999948,0.4793571428571429,0.9596185367307423,-0.15575218808510688,-0.1832366899191501,-0.2582539998153515,-0.1956745873479317,False
2021-08-23,RIDE,Lordstown Motors Corp,자동차 및 자동차 부품,5.28,5.53,5.18,5.52,5.52,5644600.0,-5.882318134784203,8.035400000000001,12.847933320000001,15.124700005,-0.06236666666666668,-0.02832499999999971,0.4642857142857144,0.6246153846153826,-0.06243918172566805,-0.5887595600014541,-0.1921441342828228,-0.19505953030120263,False
2021-08-24,RIDE,Lordstown Motors Corp,자동차 및 자동차 부품,5.55,5.785,5.425,5.75,5.75,6499400.0,-1.2947435926266793,7.965199999999999,12.73113332,15.062950005,-0.058400000000000674,-0.030874999999999986,0.46071428571428585,0.4992248062015512,-0.024219447534757854,0.2796439585774677,-0.20407247361954892,-0.18273683190282283,False
2021-08-25,RIDE,Lordstown Motors Corp,자동차 및 자동차 부품,5.69,5.76,5.35,5.51,5.51,7355900.0,-4.650423320164288,7.869200000000001,12.607799986666667,15.001050010000002,-0.061666666666666536,-0.030949997499998716,0.47250000000000014,-0.5079365079365082,-0.06991428993289701,-0.8430146244937623,-0.2272398236345888,-0.19044265460272702,False
2021-08-26,RIDE,Lordstown Motors Corp,자동차 및 자동차 부품,6.67,7.79,6.32,6.49,6.49,137676000.0,12.751756104333612,7.7834,12.49333332,14.944200005,-0.05723333333333347,-0.028425002500000573,0.6192857142857144,1.5824682814302193,0.05165886839056206,2.432022962566056,-0.0297416370784096,-0.1748482481133942,False
2021-08-27,RIDE,Lordstown Motors Corp,자동차 및 자동차 부품,6.351,6.79,6.165,6.48,6.48,20047700.0,11.520238093184009,7.706799999999999,12.381799993333335,14.892800005,-0.05576666333333247,-0.0257000000000005,0.6328571428571431,-0.015801354401805526,0.04472552745743145,-1.2133193609026163,-0.1320678453785576,-0.17946360606932052,False
2021-08-30,RIDE,Lordstown Motors Corp,자동차 및 자동차 부품,6.51,6.57,6.12,6.47,6.47,8376400.0,10.97111127700343,7.623200000000001,12.248599986666667,14.838450005,-0.06660000333333382,-0.027174999999999727,0.6342857142857145,-0.015765765765766826,0.06413930743459158,-0.5904659075015393,-0.142748972757406,-0.1928121963680548,False
2021-08-31,RIDE,Lordstown Motors Corp,자동차 및 자동차 부품,6.45,6.73,6.32,6.58,6.58,7326000.0,12.521000327631882,7.5534,12.118733326666668,14.78785,-0.06493332999999968,-0.025300002499999863,0.6307142857142859,0.1744054360135905,0.11279724402296044,0.3542395561945718,-0.0669104383896341,-0.2043867563193057,False
2021-09-01,RIDE,Lordstown Motors Corp,자동차 및 자동차 부품,6.52,6.86,6.45,6.5,6.5,11623600.0,10.723936863716244,7.4772,11.993266660000002,14.73085,-0.06273333333333309,-0.028500000000000192,0.6021428571428572,-0.1328588374851721,0.08030560193034916,-0.17530687319762453,-0.05304431947339121,-0.19851429512072719,False
2021-09-02,RIDE,Lordstown Motors Corp,자동차 및 자동차 부품,6.52,6.675,6.46,6.54,6.54,5115800.0,10.709527434373122,7.3844,11.868999993333334,14.650800005,-0.062133333333333596,-0.04002499749999977,0.5667857142857143,0.07057340894770012,0.13923528677320743,-0.30519368604385655,-0.0012152920044166285,-0.210157547263581,False
2021-09-03,RIDE,Lordstown Motors Corp,자동차 및 자동차 부품,6.507,6.53,6.14,6.25,6.25,6194300.0,5.667833489251306,7.2898000000000005,11.74066666,14.55855,-0.06416666666666693,-0.04612500250000018,0.5646428571428572,-0.5135989879822896,0.09013884738073988,-0.46700228998140586,-0.014093044014722608,-0.20641459491169883,False
2021-09-07,RIDE,Lordstown Motors Corp,자동차 및 자동차 부품,6.274,6.59,6.25,6.4,6.4,4772000.0,8.286042614976964,7.1978,11.618266660000002,14.453050000000001,-0.06119999999999948,-0.05274999999999963,0.5671428571428573,0.2644836272040308,0.10289650651493801,0.7812248334950169,-0.045642160018991254,-0.19272488925084302,False
2021-09-08,RIDE,Lordstown Motors Corp,자동차 및 자동차 부품,6.36,6.39,6.03,6.17,6.17,5150600.0,4.32166938116505,7.0854,11.477733326666666,14.356699995000001,-0.07026666666666781,-0.04817500249999984,0.5621428571428573,-0.40914866581956866,0.10751254936007167,-0.19429266454654875,-0.140373040954538,-0.20029894319617744,False
2021-09-09,RIDE,Lordstown Motors Corp,자동차 및 자동차 부품,6.12,6.42,6.031,6.32,6.32,4272900.0,6.739357368887289,6.9852,11.337133326666667,14.255999999999998,-0.07029999999999959,-0.050349997500001464,0.5542142857142859,0.27065343472096975,0.2036380568909341,1.0461928440034838,0.023766607017759598,-0.18871229665845285,False
2021-09-10,RIDE,Lordstown Motors Corp,자동차 및 자동차 부품,6.31,6.42,6.135,6.18,6.18,3309500.0,4.792214971558462,6.8876,11.19986666,14.1439,-0.06863333333333355,-0.056049999999999045,0.5210000000000001,-0.2687140115163158,0.11590001773042993,0.9471114788817556,0.10450576193211002,-0.1788088090167391,False
2021-09-13,RIDE,Lordstown Motors Corp,자동차 및 자동차 부품,6.14,6.54,5.96,6.45,6.45,8211200.0,8.135002887047428,6.8096000000000005,11.060199993333335,14.039299994999999,-0.06983333333333253,-0.052300002500000886,0.5374285714285716,0.5023923444976084,0.10716980057916034,0.14593437436473106,0.15698390010112323,-0.17589800780466378,False
2021-09-14,RIDE,Lordstown Motors Corp,자동차 및 자동차 부품,6.43,6.59,6.26,6.4,6.4,5369400.0,7.019495984360313,6.753000000000001,10.918666666666669,13.93569999,-0.07076666333333304,-0.05180000249999939,0.5352857142857144,-0.09340805978115792,0.0648388815803954,0.7319787413370678,0.18929352744109468,-0.17222420417360093,False
2021-09-15,RIDE,Lordstown Motors Corp,자동차 및 자동차 부품,6.38,7.23,6.35,6.84,6.84,14557500.0,12.197692093574354,6.7036,10.767533333333335,13.83739999,-0.075566666666667,-0.04915000000000003,0.5688571428571431,0.7734806629834242,0.15636867950324773,-0.35273903008501895,0.22431321275600488,-0.1795478538072134,False
2021-09-16,RIDE,Lordstown Motors Corp,자동차 및 자동차 부품,6.65,6.85,6.51,6.73,6.73,6674900.0,9.332662710650851,6.667000000000001,10.6074,13.74804999,-0.08006666666666717,-0.0446749999999998,0.43028571428571444,-0.2556440903054435,0.025074938664986078,-0.054148015017877,0.04672957150000968,-0.18216424149193983,False
2021-09-17,RIDE,Lordstown Motors Corp,자동차 및 자동차 부품,6.68,7.06,6.642,7.06,7.06,10020700.0,13.642373397763885,6.630400000000001,10.475066666666667,13.66629999,-0.0661666666666667,-0.04087499999999977,0.4155000000000001,0.7942238267147993,0.082933880173315,1.9694337602564458,0.2740690801542284,-0.15757443325523146,False
2021-09-20,RIDE,Lordstown Motors Corp,자동차 및 자동차 부품,6.8,6.91,6.5,6.53,6.53,5377500.0,5.715735945878575,6.5822,10.351199993333333,13.588549989999999,-0.06193333666666678,-0.03887500000000088,0.4233571428571429,-1.2518980934705568,-0.005361286091312859,0.5502745136824079,0.3555505388102246,-0.14974267086235163,False
2021-09-21,RIDE,Lordstown Motors Corp,자동차 및 자동차 부품,6.6,6.96,6.572,6.87,6.87,5385600.0,9.970198529975027,6.5424,10.232066660000001,13.50794999,-0.0595666666666661,-0.040299999999999336,0.42478571428571427,0.8004035648225993,0.039352865966473485,0.8808626959322052,0.3931664773629127,-0.14304882965134502,False
2021-09-22,RIDE,Lordstown Motors Corp,자동차 및 자동차 부품,6.8,6.91,6.66,6.84,6.84,4124200.0,7.430231348238281,6.5042,10.113999999999999,13.424799995,-0.059033330000000994,-0.04157499749999971,0.41335714285714287,-0.07257646448937333,0.043658749751887695,-0.947261571426572,0.3380268560608451,-0.1515424875662898,False
2021-09-23,RIDE,Lordstown Motors Corp,자동차 및 자동차 부품,6.88,7.515,6.861,7.43,7.43,9139600.0,13.555145838071137,6.4912,9.998466666666667,13.361549994999997,-0.057766666666665856,-0.03162500000000179,0.44621428571428573,1.3222346726428682,0.13306312573011397,0.2725940462303613,0.37929740836614634,-0.15164399055749958,False
2021-09-24,RIDE,Lordstown Motors Corp,자동차 및 자동차 부품,7.31,7.995,7.257,7.57,7.57,8856900.0,14.563485507064811,6.464799999999999,9.897333333333332,13.30254999,-0.05056666666666754,-0.029500002499998956,0.47035714285714286,0.2976461655277157,0.1910092081236858,0.17198005088237053,0.42493900414213037,-0.1504178061876647,False
2021-09-27,RIDE,Lordstown Motors Corp,자동차 및 자동차 부품,7.32,7.865,7.09,7.78,7.78,7485500.0,16.832510773861188,6.4496,9.817933326666667,13.245449985,-0.03970000333333257,-0.028550002499999394,0.5014285714285714,0.4188034188034187,0.20203205038078492,0.6583948057696003,0.4161654307331721,-0.13682135477585294,False
2021-09-28,RIDE,Lordstown Motors Corp,자동차 및 자동차 부품,7.76,8.105,7.1,7.19,7.19,7772600.0,9.402164009983993,6.4272,9.724666659999999,13.190549984999997,-0.04663333333333419,-0.02745000000000175,0.5467857142857143,-1.0790333115610709,0.1541831471135348,0.520843588624863,0.46724659167398713,-0.1300232078695574,False
2021-09-29,RIDE,Lordstown Motors Corp,자동차 및 자동차 부품,7.2,7.66,7.15,7.36,7.36,7546700.0,10.955862658842562,6.4026,9.642133326666665,13.129449984999999,-0.04126666666666701,-0.030549999999998967,0.5554285714285715,0.30606995884773647,0.15671289883687528,0.18454922657750528,0.40570061900070303,-0.13937762495964318,False
2021-09-30,RIDE,Lordstown Motors Corp,자동차 및 자동차 부품,7.88,8.93,7.69,7.98,7.98,32464500.0,20.111544016256012,6.3918,9.566399993333333,13.074349985,-0.03786666666666605,-0.02754999999999974,0.6472142857142857,0.9579516609645736,0.24433187544265308,1.8661301317359462,0.471344808490288,-0.12837311798374454,False
2021-10-01,RIDE,Lordstown Motors Corp,자동차 및 자동차 부품,8.79,8.81,6.46,6.53,6.53,35672500.0,-3.009796130542275,6.3586,9.475533326666666,13.003449990000002,-0.04543333333333344,-0.035449997499998886,0.7736428571428571,-1.8742498384267385,0.07457171951948542,-2.6994954492043384,0.26809982109249736,-0.13722852729289148,False
2021-10-04,RIDE,Lordstown Motors Corp,자동차 및 자동차 부품,6.44,6.54,5.835,5.85,5.85,14736500.0,-11.916152251802858,6.3260000000000005,9.37726666,12.935899985,-0.04913333333333281,-0.03377500250000054,0.8004285714285714,-0.8495448866678573,0.020561946170435472,0.06342631147372657,0.22034607610225868,-0.14185099999870024,False
2021-10-05,RIDE,Lordstown Motors Corp,자동차 및 자동차 부품,5.42,5.621,5.1,5.2,5.2,25859200.0,-21.964538761227015,6.284200000000001,9.285066653333333,12.865799989999998,-0.04610000333333364,-0.035049997500001595,0.7911428571428571,-0.8215962441314547,-0.09337211862348445,-1.5352392527634051,0.13588177448237396,-0.15371199468564958,False
2021-10-06,RIDE,Lordstown Motors Corp,자동차 및 자동차 부품,4.99,5.18,4.96,5.07,5.07,8902700.0,-23.716536510435848,6.2538,9.200266646666668,12.797549994999999,-0.04240000333333249,-0.03412499749999931,0.7839999999999999,-0.16581632653061212,-0.08695584978242507,-0.43686831076872606,0.10854461050017046,-0.15859170238148512,False
2021-10-07,RIDE,Lordstown Motors Corp,자동차 및 자동차 부품,5.16,5.34,4.961,5.04,5.04,8150800.0,-24.14200405150504,6.223399999999999,9.122066646666667,12.725999995,-0.03910000000000036,-0.035774999999999224,0.7812142857142857,-0.038401755508823576,-0.14642910565554096,-0.5769317254350621,-0.0733386384777944,-0.1521136311559485,False
2021-10-08,RIDE,Lordstown Motors Corp,자동차 및 자동차 부품,5.1,5.115,4.83,4.89,4.89,8420300.0,-25.58706748686096,6.1972000000000005,9.046266646666668,12.647849995,-0.0378999999999996,-0.039075000000000415,0.7615714285714288,-0.19696117051209946,-0.07107646830136546,-0.05663900667133959,-0.11668960421734778,-0.15287076228784124,False
2021-10-11,RIDE,Lordstown Motors Corp,자동차 및 자동차 부품,4.89,4.959,4.76,4.78,4.78,6556100.0,-25.898152283218057,6.167999999999999,8.962799986666667,12.558699990000001,-0.04173333000000046,-0.04457500249999935,0.7450714285714286,-0.14763685169207094,-0.1387936409095562,0.3498634517004138,-0.15461812166247574,-0.14890031557379543,False
2021-10-12,RIDE,Lordstown Motors Corp,자동차 및 자동차 부품,4.81,5.22,4.76,5.12,5.12,7552400.0,-19.719603577385026,6.143,8.883599986666667,12.475599990000001,-0.03960000000000008,-0.041549999999999976,0.7600714285714287,0.4473263790997084,-0.10165772351033608,0.6275685867440183,-0.0421302532217193,-0.14168488606184027,False
2021-10-13,RIDE,Lordstown Motors Corp,자동차 및 자동차 부품,5.22,5.3,5.07,5.23,5.23,5237200.0,-17.316774223596177,6.1288,8.800399993333334,12.39184999,-0.04159999666666625,-0.04187500000000011,0.7282857142857144,0.15103962338171872,-0.18531451274327534,-0.08144642670832594,-0.06741885843162553,-0.14084012517703817,False
2021-10-14,RIDE,Lordstown Motors Corp,자동차 및 자동차 부품,5.25,5.34,5.09,5.14,5.14,4922700.0,-19.13719494920286,6.113200000000001,8.736133326666666,12.31084999,-0.032133333333334235,-0.04050000000000065,0.6934285714285716,-0.1297898640296673,-0.21584565771165984,-1.3782955482750414,-0.1781528298000121,-0.1411360580149458,False
2021-10-15,RIDE,Lordstown Motors Corp,자동차 및 자동차 부품,5.15,5.215,4.96,5.01,5.01,5460100.0,-20.454846563996043,6.0936,8.6614,12.22829999,-0.03736666333333272,-0.04127499999999973,0.6562857142857143,-0.19808445798868074,-0.25990907748252406,-0.742534738050967,-0.2782192257871955,-0.1482889489649806,False
2021-10-18,RIDE,Lordstown Motors Corp,자동차 및 자동차 부품,5.002,5.03,4.82,4.91,4.91,6516700.0,-21.17413475775195,6.073200000000001,8.592666666666666,12.152549995,-0.0343666666666671,-0.03787499750000034,0.5995,-0.16680567139282676,-0.1947499603276495,-0.43223831688001413,-0.3462965047518295,-0.14852600604007407,False
2021-10-19,RIDE,Lordstown Motors Corp,자동차 및 자동차 부품,4.969,5.12,4.86,5.07,5.07,6050100.0,-17.85377590762378,6.0552,8.525866666666667,12.076,-0.03339999999999943,-0.03827499749999941,0.581642857142857,0.2750828932825743,-0.19696332215373252,-0.30764890025887215,-0.3814535138115708,-0.14895872439489644,False
2021-10-20,RIDE,Lordstown Motors Corp,자동차 및 자동차 부품,5.03,5.1,4.95,5.07,5.07,4673000.0,-16.818423077238066,6.04,8.472933333333334,11.998600005,-0.02646666666666686,-0.038699997500000194,0.48021428571428565,0.0,-0.2653884407940592,-0.31252529022587516,-0.5370717582374153,-0.15011383011102297,False
2021-10-21,RIDE,Lordstown Motors Corp,자동차 및 자동차 부품,5.02,5.289,4.995,5.07,5.07,4966200.0,-15.315709608886852,6.0298,8.418066666666666,11.916050004999999,-0.027433333333333643,-0.04127500000000062,0.33335714285714274,0.0,-0.13151345233500647,-0.27991009571743497,-0.3642442329883506,-0.15322808805826568,False
2021-10-22,RIDE,Lordstown Motors Corp,자동차 및 자동차 부품,5.01,5.032,4.64,4.78,4.78,12471600.0,-18.05843176247214,6.0106,8.361066666666666,11.823500000000001,-0.028500000000000192,-0.04627500249999894,0.3137142857142856,-0.9244080145719494,-0.13686081861387017,-0.8172050063884475,-0.4271464699785059,-0.15574932454875695,False
2021-10-25,RIDE,Lordstown Motors Corp,자동차 및 자동차 부품,4.79,5.065,4.73,5.02,5.02,7221900.0,-12.11980189364461,6.0036000000000005,8.310599999999999,11.738700000000001,-0.02523333333333344,-0.04239999999999977,0.2840714285714285,0.8448579331154116,-0.01782837738195115,0.34446732195099516,-0.2928817146417631,-0.15407817864487988,False
2021-10-26,RIDE,Lordstown Motors Corp,자동차 및 자동차 부품,5.02,5.4,4.97,5.01,5.01,9210800.0,-10.461658772904936,5.994800000000001,8.268133333333333,11.628199995,-0.021233333333332993,-0.055250002500001116,0.29764285714285704,-0.033597312215022095,-0.00838416207369473,-0.2410743543674179,-0.27889643204166964,-0.15362966058555305,False
2021-10-27,RIDE,Lordstown Motors Corp,자동차 및 자동차 부품,5.01,5.11,4.78,4.8,4.8,4535000.0,-11.486096298981519,5.981,8.218133333333334,11.52494999,-0.024999999999999467,-0.051625002499999795,0.2941428571428571,-0.7139388052452647,-0.056636808483440514,-0.1002823450657423,-0.2448500477295754,-0.15543542899120177,False
2021-10-28,RIDE,Lordstown Motors Corp,자동차 및 자동차 부품,4.836,5.325,4.82,5.16,5.16,9420200.0,-2.795961086438603,5.9788,8.173399999999999,11.421649989999999,-0.022366666666667534,-0.05165000000000042,0.3112857142857143,1.156493804497477,0.040038546874386384,0.012045292528161111,-0.23994402635818246,-0.14510101861761926,False
2021-10-29,RIDE,Lordstown Motors Corp,자동차 및 자동차 부품,5.07,5.339,5.05,5.17,5.17,4803500.0,-1.1880303378223767,5.9868,8.132266666666666,11.32119999,-0.0205666666666664,-0.0502249999999993,0.3177142857142857,0.03147482014388422,0.052832237719811756,-0.20409223094850015,-0.27951228940453343,-0.14458684282077555,False
2021-11-01,RIDE,Lordstown Motors Corp,자동차 및 자동차 부품,5.24,5.62,5.24,5.6,5.6,7188100.0,7.53153455980764,5.994200000000001,8.0924,11.228049989999999,-0.01993333333333336,-0.0465750000000007,0.31700000000000006,1.3564668769716077,0.1177708447106617,1.135390533168001,-0.24323929323139185,-0.13992587722981298,False
2021-11-02,RIDE,Lordstown Motors Corp,자동차 및 자동차 부품,5.629,5.88,5.43,5.87,5.87,7333700.0,11.950387222500392,6.0012,8.053066666666666,11.13624999,-0.01966666666666672,-0.04589999999999961,0.3327142857142858,0.8115070845856602,0.16494709193951465,0.33969058383722217,-0.2131580781924241,-0.13648113025961117,False
2021-11-03,RIDE,Lordstown Motors Corp,자동차 및 자동차 부품,5.87,5.93,5.65,5.79,5.79,4234400.0,9.327427405803522,6.001999999999999,8.011333333333333,11.04884999,-0.02086666666666659,-0.043699999999999406,0.3348571428571429,-0.2389078498293517,0.15715295009668004,-1.129799898377387,-0.1954083889140202,-0.1389461113717374,False
2021-11-04,RIDE,Lordstown Motors Corp,자동차 및 자동차 부품,5.79,6.11,5.7,5.74,5.74,6485100.0,7.548822052969539,6.0066,7.972466666666666,10.957499989999999,-0.019433333333333636,-0.04567500000000102,0.3459285714285715,-0.144538509188519,0.16097766072526307,-0.744173056490283,-0.19552541165968565,-0.13298611614792408,False
2021-11-05,RIDE,Lordstown Motors Corp,자동차 및 자동차 부품,5.7,5.715,5.44,5.6,5.6,4854100.0,4.176638989561066,5.9888,7.928499999999999,10.86719999,-0.021983333333333466,-0.04514999999999958,0.3523571428571429,-0.39732414352321255,0.14451205557309263,-0.9381712059678443,-0.23166347516595923,-0.14357940020112214,False
2021-11-08,RIDE,Lordstown Motors Corp,자동차 및 자동차 부품,5.741,6.05,5.52,5.89,5.89,7903900.0,8.729819753863932,5.977,7.8895,10.780599995,-0.019499999999999407,-0.04329999750000013,0.3716428571428572,0.7803190467038247,0.1806003522460391,0.6472610905855274,-0.16345561867707353,-0.1356179966155469,False
2021-11-09,RIDE,Lordstown Motors Corp,자동차 및 자동차 부품,5.87,5.938,5.54,5.69,5.69,4137000.0,5.2348219751628955,5.9614,7.845300000000001,10.67679999,-0.022099999999999564,-0.05190000250000004,0.38935714285714296,-0.5136672170243972,0.14390983674429642,-0.007750598901961392,-0.14168599786822256,-0.13681632146889716,False
2021-11-10,RIDE,Lordstown Motors Corp,자동차 및 자동차 부품,5.64,5.827,5.43,5.56,5.56,12703900.0,3.692158896660147,5.941,7.804233333333333,10.574299995,-0.020533333333333736,-0.05124999749999937,0.39671428571428585,-0.32769175369103537,0.12050328290922248,0.7846687112966244,-0.06564465451007546,-0.12236508279595482,False
2021-11-11,RIDE,Lordstown Motors Corp,자동차 및 자동차 부품,6.43,7.19,6.0,6.89,6.89,57578700.0,26.648335841273685,5.9488,7.778666666666668,10.482149995,-0.012783333333332703,-0.04607500000000009,0.4824285714285716,2.756884809002072,0.38345277030736685,2.6801754744077555,0.1841682369753676,-0.09806376599861193,False
2021-11-12,RIDE,Lordstown Motors Corp,자동차 및 자동차 부품,6.09,6.36,5.53,5.68,5.68,34593900.0,3.2500807208877935,5.9315999999999995,7.744066666666666,10.384649995,-0.01730000000000098,-0.04875000000000007,0.5556428571428572,-2.1776577966319577,0.16755878961112616,-3.175433853371013,-0.06725327554763297,-0.11781477465720289,False
2021-11-15,RIDE,Lordstown Motors Corp,자동차 및 자동차 부품,5.664,5.92,5.5,5.85,5.85,14245600.0,5.645181616101169,5.9236,7.7106666666666674,10.286399995,-0.01669999999999927,-0.049125000000000085,0.5549285714285715,0.3063457330415753,0.19184043570088316,0.30786424411889307,-0.028043375655753627,-0.11882777700792552,False
2021-11-16,RIDE,Lordstown Motors Corp,자동차 및 자동차 부품,5.76,5.8,5.42,5.49,5.49,13157500.0,-1.4298888834748391,5.905400000000001,7.682000000000001,10.190049995,-0.014333333333333087,-0.048174999999999635,0.5620714285714287,-0.6404879908501704,0.1970869224433899,-1.1839181098986589,-0.10544593028667625,-0.11005313758665401,False
2021-11-17,RIDE,Lordstown Motors Corp,자동차 및 자동차 부품,5.435,5.53,5.1,5.12,5.12,11588700.0,-7.733257156096829,5.884399999999999,7.649333333333334,10.079399995,-0.016333333333333755,-0.055325000000000735,0.5552857142857144,-0.6663236429122718,0.0668856761998364,-0.27498218980266875,-0.12594789331030695,-0.11041626355453178,False
2021-11-18,RIDE,Lordstown Motors Corp,자동차 및 자동차 부품,5.17,5.26,4.925,5.07,5.07,9121300.0,-8.801273773225859,5.859400000000001,7.6217999999999995,9.967699994999998,-0.013766666666667149,-0.0558500000000004,0.5585714285714286,-0.08951406649616336,0.05824361286840444,-0.6025766182735637,-0.1544110638335258,-0.11316345154193728,False
2021-11-19,RIDE,Lordstown Motors Corp,자동차 및 자동차 부품,5.01,5.17,4.98,5.06,5.06,7319300.0,-8.951272257946796,5.837000000000001,7.594200000000001,9.859149995000001,-0.013799999999999368,-0.05427499999999874,0.5399999999999999,-0.01851851851851977,-0.039969629666604674,0.1950709404426597,-0.22157674902819302,-0.11769525626086058,False
2021-11-22,RIDE,Lordstown Motors Corp,자동차 및 자동차 부품,5.122,5.28,4.915,5.01,5.01,8411500.0,-9.449012318220095,5.8082,7.562533333333334,9.747199995,-0.015833333333333144,-0.05597500000000011,0.5339285714285714,-0.09364548494983245,-0.10462338463342558,0.3526674160208789,-0.2206498324436461,-0.11172221636328253,False
2021-11-23,RIDE,Lordstown Motors Corp,자동차 및 자동차 부품,5.015,5.015,4.7,4.83,4.83,7627700.0,-12.604750101119432,5.7768,7.53,9.6332,-0.016266666666667096,-0.05699999750000018,0.5364285714285714,-0.3355525965379489,-0.11152658082689682,-0.5639825855341611,-0.18023431009770138,-0.12268826571356335,False
2021-11-24,RIDE,Lordstown Motors Corp,자동차 및 자동차 부품,4.79,4.97,4.68,4.91,4.91,4508300.0,-11.322153261238977,5.738200000000001,7.496466666666667,9.510200000000001,-0.01676666666666682,-0.061499999999999666,0.5278571428571428,0.151556156968877,-0.09037696181565424,-0.1520491816254502,-0.1379397476073562,-0.11646474179527205,False
2021-11-26,RIDE,Lordstown Motors Corp,자동차 및 자동차 부품,4.747,4.855,4.62,4.76,4.76,4382600.0,-11.707508018936341,5.6988,7.460066666666666,9.38025,-0.018200000000000216,-0.06497500000000045,0.5271428571428571,-0.28455284552845594,-0.08232186910174304,2.322434672048705,0.09496067225096874,-0.10170590561246136,False
2021-11-29,RIDE,Lordstown Motors Corp,자동차 및 자동차 부품,4.855,4.88,4.6,4.76,4.76,6772000.0,-12.484493214761205,5.6528,7.421866666666666,9.2695,-0.019099999999999895,-0.05537499999999973,0.5092857142857142,0.0,-0.13805894386630196,-1.3444682197312892,-0.047305707057375294,-0.1130654272632566,False
2021-11-30,RIDE,Lordstown Motors Corp,자동차 및 자동차 부품,4.69,4.83,4.38,4.68,4.68,9215200.0,-11.576943604987743,5.6158,7.384599999999999,9.167349995,-0.018633333333333724,-0.05107500250000019,0.513,-0.15594541910331397,-0.11250738687193886,1.637223073659678,0.07019241241131323,-0.10099723917887897,False
2021-12-01,RIDE,Lordstown Motors Corp,자동차 및 자동차 부품,4.67,4.67,4.17,4.18,4.18,9751000.0,-18.884673906094307,5.562,7.3444,9.064549995,-0.02009999999999934,-0.05140000000000011,0.5210714285714285,-0.9595613433858808,-0.15764092899299925,0.01214002434715844,0.01501179191492281,-0.09486584721654602,False
2021-12-02,RIDE,Lordstown Motors Corp,자동차 및 자동차 부품,4.2,4.21,4.045,4.14,4.14,9707800.0,-19.595849203109474,5.508000000000001,7.305933333333334,8.9625,-0.019233333333333213,-0.05102499749999989,0.41642857142857137,-0.09605488850771879,-0.3614223359579843,-1.1507521751300938,-0.2586258973377807,-0.10544826398043981,False
2021-12-03,RIDE,Lordstown Motors Corp,자동차 및 자동차 부품,4.12,4.13,3.845,4.0,4.0,10746600.0,-20.432396830708665,5.439400000000001,7.271133333333334,8.8587,-0.01739999999999986,-0.051899999999999835,0.34035714285714275,-0.41133263378803697,-0.23525625289770424,0.17455019710823627,-0.019341322303548642,-0.09589895545171273,False
2021-12-06,RIDE,Lordstown Motors Corp,자동차 및 자동차 부품,3.95,4.19,3.58,4.05,4.05,7563600.0,-19.24154265285145,5.369000000000001,7.2392,8.76525,-0.015966666666666907,-0.04672500000000035,0.3539285714285714,0.14127144298688143,-0.24704727361589665,-0.6242571274437108,-0.08592142027230606,-0.10144350226687801,False
2021-12-07,RIDE,Lordstown Motors Corp,자동차 및 자동차 부품,4.16,4.46,4.15,4.29,4.29,4954000.0,-14.87649585836296,5.2992,7.2101999999999995,8.688249995,-0.014500000000000401,-0.038500002500000186,0.35250000000000004,0.6808510638297878,-0.15266591256732825,-0.5984712182268723,-0.04410378515289274,-0.10290840576026335,False
2021-12-08,RIDE,Lordstown Motors Corp,자동차 및 자동차 부품,4.28,4.58,4.12,4.47,4.47,6327200.0,-10.480330703196971,5.244800000000001,7.1862666666666675,8.604699994999999,-0.011966666666666015,-0.04177500000000034,0.35464285714285715,0.5075528700906337,-0.06881759020997784,0.3154740429590014,-0.0019283399556305838,-0.08923404592411774,False
2021-12-09,RIDE,Lordstown Motors Corp,자동차 및 자동차 부품,4.46,4.518,4.18,4.21,4.21,3763000.0,-13.883349918578292,5.181799999999999,7.161066666666668,8.527049995,-0.012599999999999945,-0.03882499999999922,0.35485714285714287,-0.7326892109500799,-0.11475867195668618,-0.2839050994868705,0.020833911386276074,-0.08512814160654472,False
2021-12-10,RIDE,Lordstown Motors Corp,자동차 및 자동차 부품,4.26,4.32,4.09,4.16,4.16,3502400.0,-13.229405595381039,5.1053999999999995,7.139666666666665,8.451149995,-0.010700000000001264,-0.03795000000000037,0.35771428571428576,-0.13977635782747552,-0.12341994619304016,-0.7198217037229908,-0.04451556319698468,-0.0909544912879507,False
2021-12-13,RIDE,Lordstown Motors Corp,자동차 및 자동차 부품,4.14,4.31,4.02,4.1,4.1,3965100.0,-12.248627390953292,5.0568,7.115266666666667,8.370849995,-0.0121999999999991,-0.040149999999999686,0.35235714285714287,-0.17028177579566328,-0.12889396696774236,0.3991068172352886,-0.041198463110241126,-0.09812931830225248,False
2021-12-14,RIDE,Lordstown Motors Corp,자동차 및 자동차 부품,4.04,4.22,3.98,4.0,4.0,4167800.0,-12.047878516477184,5.0198,7.093866666666666,8.287899995,-0.010700000000000376,-0.04147500000000015,0.34700000000000003,-0.28818443804034477,-0.12551052707505633,0.16640171786315178,0.010971844275281223,-0.10452207095582233,False
2021-12-15,RIDE,Lordstown Motors Corp,자동차 및 자동차 부품,4.05,4.145,3.83,4.11,4.11,6544700.0,-9.725049819095998,4.998,7.0747333333333335,8.21329999,-0.00956666666666628,-0.03730000250000032,0.3487857142857143,0.3153798894122475,-0.1138088319005299,-0.6210721954991435,-0.02252979957283973,-0.09889721234001748,False
2021-12-16,RIDE,Lordstown Motors Corp,자동차 및 자동차 부품,4.14,4.27,3.9,4.02,4.02,5812800.0,-9.846132678392983,4.977,7.052666666666666,8.144449985,-0.011033333333333672,-0.03442500249999991,0.3544999999999999,-0.25387870239774546,-0.1116178216769077,0.2718147493108659,-0.1690026511969711,-0.09249539550548797,False
2021-12-17,RIDE,Lordstown Motors Corp,자동차 및 자동차 부품,3.945,4.155,3.75,4.05,4.05,14864100.0,-7.252424821101844,4.957199999999999,7.023666666666668,8.080849985,-0.01449999999999907,-0.031799999999999606,0.3634285714285714,0.08254716981132144,-0.10572159526181332,0.7012547249254012,-0.022879583721493218,-0.09917443818584547,False
2021-12-20,RIDE,Lordstown Motors Corp,자동차 및 자동차 부품,3.903,3.92,3.65,3.72,3.72,8510800.0,-12.613706996086204,4.9338,6.9811999999999985,8.018149985,-0.02123333333333477,-0.03134999999999977,0.3598571428571428,-0.9170305676855885,-0.1600848201605472,-0.23559880444220072,-0.15665257501448454,-0.11830175085210537,False
2021-12-21,RIDE,Lordstown Motors Corp,자동차 및 자동차 부품,3.756,3.96,3.74,3.87,3.87,6873000.0,-9.525401971368385,4.9156,6.930666666666666,7.950999990000001,-0.025266666666666104,-0.03357499750000015,0.34057142857142847,0.44043624161073813,-0.06008499266078871,-0.6725415685596958,-0.20555840307925988,-0.13354345154936795,False
2021-12-22,RIDE,Lordstown Motors Corp,자동차 및 자동차 부품,3.87,4.025,3.81,3.97,3.97,5031800.0,-7.192840838520187,4.8926,6.892466666666667,7.8858499900000005,-0.01909999999999945,-0.03257500000000002,0.34414285714285714,0.29057700290577027,-0.032468428988396636,-0.3835449930906649,-0.15075789007644352,-0.12009515315841862,False
2021-12-23,RIDE,Lordstown Motors Corp,자동차 및 자동차 부품,3.95,4.235,3.92,4.12,4.12,4989600.0,-3.36668163680508,4.8704,6.856066666666666,7.817899995,-0.01820000000000066,-0.033974997500000104,0.3455714285714286,0.43406366267052476,0.02791702075864349,-0.013557494289962668,-0.16419415374774346,-0.11985849312126473,False
2021-12-27,RIDE,Lordstown Motors Corp,자동차 및 자동차 부품,4.08,4.158,3.92,3.96,3.96,4241100.0,-7.311190378068311,4.8468,6.818,7.763799994999999,-0.019033333333333236,-0.027050000000000463,0.319,-0.5015673981191227,-0.018000039320356803,-1.5124517495488214,-0.22763662675525137,-0.1254604110452667,False
2021-12-28,RIDE,Lordstown Motors Corp,자동차 및 자동차 부품,3.99,4.05,3.8,3.81,3.81,4150200.0,-9.58372649374043,4.8228,6.783733333333334,7.70175,-0.01713333333333278,-0.031024997499999873,0.30757142857142866,-0.48769159312587046,-0.10146737196004667,-0.4060901069036119,-0.21389511880358988,-0.12531913845600318,False
2021-12-29,RIDE,Lordstown Motors Corp,자동차 및 자동차 부품,3.8,3.82,3.51,3.55,3.55,7237000.0,-14.49219730900605,4.795599999999999,6.744466666666667,7.643400000000001,-0.019633333333333614,-0.029174999999999507,0.2968571428571429,-0.8758421559191537,-0.2002813023893172,-0.9895992243790299,-0.3071146378991636,-0.13353613800724737,False
2021-12-30,RIDE,Lordstown Motors Corp,자동차 및 자동차 부품,3.55,3.79,3.545,3.58,3.58,9487100.0,-12.617950055898696,4.7658,6.698,7.585850000000001,-0.023233333333333217,-0.028774999999999995,0.29021428571428576,0.10337189269013129,-0.1405626521293021,0.34679679565280785,-0.26206450253204366,-0.1363349261976545,False
2021-12-31,RIDE,Lordstown Motors Corp,자동차 및 자동차 부품,3.57,3.71,3.425,3.45,3.45,6487200.0,-14.670297069873294,4.7334,6.655,7.538050000000001,-0.021500000000000075,-0.02389999999999981,0.29414285714285715,-0.44196211753278253,-0.16214734925110977,-0.22209886422572594,-0.22651287113938187,-0.13413934316186898,False
2022-01-03,RIDE,Lordstown Motors Corp,자동차 및 자동차 부품,3.52,3.84,3.45,3.72,3.72,8181800.0,-8.00132868358181,4.7063999999999995,6.6109333333333336,7.490150000000001,-0.02203333333333335,-0.023950000000000138,0.30128571428571427,0.8961593172119489,-0.08597298546485176,0.35993394248821864,-0.2293109336213155,-0.13421396337343974,False
2022-01-04,RIDE,Lordstown Motors Corp,자동차 및 자동차 부품,3.78,3.785,3.565,3.59,3.59,3945200.0,-10.453448936739951,4.6826,6.5524000000000004,7.44145,-0.029266666666666552,-0.024350000000000538,0.2998571428571429,-0.43353978084802397,-0.09635550995111455,-0.37898956427426184,-0.26826745377398786,-0.14530379788228182,False
2022-01-05,RIDE,Lordstown Motors Corp,자동차 및 자동차 부품,3.56,3.61,3.27,3.33,3.33,7176800.0,-14.23511025275529,4.6488,6.486933333333333,7.39515,-0.032733333333333725,-0.023149999999999782,0.3016428571428572,-0.8619464835425045,-0.18045025087645397,0.8239625517583896,-0.16505068611273552,-0.145826411472669,False
2022-01-06,RIDE,Lordstown Motors Corp,자동차 및 자동차 부품,3.31,3.379,3.125,3.22,3.22,6684300.0,-15.634167990608038,4.613,6.424933333333334,7.354349999999999,-0.030999999999999694,-0.020400000000000418,0.2933571428571429,-0.3749695641587528,-0.18909959814509736,-0.28990554774076654,-0.2051735644735664,-0.13830758511173685,False
2022-01-07,RIDE,Lordstown Motors Corp,자동차 및 자동차 부품,3.25,3.39,3.195,3.29,3.29,3990700.0,-12.37929942294601,4.5828,6.357533333333334,7.3092999999999995,-0.03369999999999962,-0.022524999999999906,0.2783571428571429,0.2514754939697197,-0.17703328927664033,0.6201002661972805,-0.21097031152557502,-0.1385830167337362,False
2022-01-10,RIDE,Lordstown Motors Corp,자동차 및 자동차 부품,3.2,3.21,3.03,3.12,3.12,6111900.0,-15.658618604023367,4.542,6.303533333333334,7.265550000000001,-0.027000000000000135,-0.0218749999999992,0.26835714285714296,-0.6334841628959271,-0.15677997464880739,-0.5038043411934496,-0.23012784986494994,-0.13357862779265137,False
2022-01-11,RIDE,Lordstown Motors Corp,자동차 및 자동차 부품,3.1,3.35,3.08,3.26,3.26,4181400.0,-11.63397126534047,4.5038,6.2504,7.22515,-0.02656666666666707,-0.02020000000000044,0.27050000000000013,0.517560073937152,-0.15127112948263496,-0.3138642375577452,-0.20450804050766777,-0.13737239995895822,False
2022-01-12,RIDE,Lordstown Motors Corp,자동차 및 자동차 부품,3.34,3.385,3.195,3.23,3.23,3233700.0,-11.678990212267848,4.4563999999999995,6.201266666666666,7.183400000000001,-0.024566666666666848,-0.020874999999999755,0.2687142857142858,-0.11164274322168984,-0.1800011113488821,-0.37338543725633755,-0.20378235794807292,-0.1330631281602506,False
2022-01-13,RIDE,Lordstown Motors Corp,자동차 및 자동차 부품,3.29,3.29,3.03,3.09,3.09,5368700.0,-13.110496981838004,4.4008,6.1458,7.14,-0.027733333333332943,-0.021700000000000497,0.26478571428571435,-0.5287294308065825,-0.24877204659724692,0.7113975321405167,-0.15199985606018154,-0.1292520558803303,False
2022-01-14,RIDE,Lordstown Motors Corp,자동차 및 자동차 부품,3.05,3.13,2.99,3.11,3.11,4003300.0,-11.494538839630463,4.3472,6.1048,7.095300000000001,-0.020500000000000185,-0.022349999999999426,0.25778571428571434,0.07758381823219734,-0.20740410257215264,0.005760879842885841,-0.04355609681791674,-0.11985923884407874,False
2022-01-18,RIDE,Lordstown Motors Corp,자동차 및 자동차 부품,3.06,3.105,2.93,2.94,2.94,4204600.0,-13.419955132469674,4.2912,6.055666666666667,7.052149999999999,-0.024566666666666404,-0.021575000000000788,0.2527857142857143,-0.6725063577281716,-0.22060515718660273,0.8060651824504241,0.043026423850228694,-0.12043260962040596,False
2022-01-19,RIDE,Lordstown Motors Corp,자동차 및 자동차 부품,2.96,2.98,2.81,2.88,2.88,7678000.0,-13.311358866372402,4.2368,6.003,7.005575,-0.026333333333333542,-0.02328749999999946,0.2427857142857143,-0.2471315092674318,-0.17569725385433688,0.46884470710862935,0.1472009903850615,-0.12469604203842424,False
2022-01-20,RIDE,Lordstown Motors Corp,자동차 및 자동차 부품,2.88,2.935,2.59,2.62,2.62,9780500.0,-18.885335916789757,4.1714,5.951733333333334,6.959974999999999,-0.025633333333332953,-0.022800000000000598,0.24992857142857144,-1.0402972277793645,-0.2573879053164437,-0.30899670351643815,0.10035859758725821,-0.12555874383689347,False
2022-01-21,RIDE,Lordstown Motors Corp,자동차 및 자동차 부품,2.62,2.63,2.46,2.465,2.465,7460400.0,-20.644422227785064,4.1068999999999996,5.897166666666666,6.9107,-0.027283333333333992,-0.024637499999999424,0.24171428571428571,-0.6412529550827434,-0.2716229651414409,0.504703129397286,0.15227302570318765,-0.13544752479571,False
2022-01-24,RIDE,Lordstown Motors Corp,자동차 및 자동차 부품,2.32,2.625,2.18,2.6,2.6,11120400.0,-14.827862243378831,4.0477,5.847366666666667,6.8651,-0.0248999999999997,-0.022800000000000153,0.24564285714285714,0.5495783658040138,-0.29637874738486486,0.40642338746672146,0.15559370034450928,-0.11863692238976953,False
2022-01-25,RIDE,Lordstown Motors Corp,자동차 및 자동차 부품,2.57,2.76,2.41,2.63,2.63,7751100.0,-11.356810287935104,3.9625,5.796166666666666,6.824625000000001,-0.02560000000000029,-0.020237499999999464,0.2549285714285714,0.11768002241524161,-0.2570059042946316,0.7086434660323304,0.23328177393783728,-0.11054608829516534,False
2022-01-26,RIDE,Lordstown Motors Corp,자동차 및 자동차 부품,2.75,3.02,2.61,2.7,2.7,11477700.0,-7.672748891316672,3.9029000000000003,5.739633333333334,6.7837749999999994,-0.028266666666666218,-0.020425000000000804,0.2599285714285714,0.2693047540533125,-0.17620224446635896,0.33835976049132815,0.19859586027590434,-0.11273119807988408,False
2022-01-27,RIDE,Lordstown Motors Corp,자동차 및 자동차 부품,2.84,2.84,2.43,2.47,2.47,8285200.0,-13.994604971252024,3.8353,5.6829,6.741825,-0.028366666666666873,-0.020974999999999522,0.2710714285714285,-0.8484848484848486,-0.21002476477536577,-0.6121433551939282,0.17557887402924993,-0.11072857357238033,False
2022-01-28,RIDE,Lordstown Motors Corp,자동차 및 자동차 부품,2.45,2.51,2.38,2.45,2.45,6105900.0,-15.468577094038839,3.7744999999999997,5.6259,6.705125000000001,-0.028500000000000192,-0.018349999999999866,0.26642857142857135,-0.07506702412868642,-0.23334923035382338,-1.0699236284567197,0.05486288155396419,-0.11492548393508531,False
2022-01-31,RIDE,Lordstown Motors Corp,자동차 및 자동차 부품,2.598,3.14,2.56,3.0,3.0,13075900.0,2.053341944066056,3.7321,5.5673,6.670025000000001,-0.02929999999999966,-0.017549999999999955,0.29714285714285704,1.8509615384615385,-0.0558888231140044,1.0647691885019168,0.1669038479607761,-0.10987994733223148,False
2022-02-01,RIDE,Lordstown Motors Corp,자동차 및 자동차 부품,3.15,3.22,2.94,3.15,3.15,9136200.0,7.106093746931053,3.6937,5.512766666666667,6.639775000000001,-0.027266666666666772,-0.015124999999999833,0.29785714285714276,0.5035971223021581,-0.05688617680221823,0.2107569702687047,0.20437679137695106,-0.10518139697725033,False
2022-02-02,RIDE,Lordstown Motors Corp,자동차 및 자동차 부품,3.17,3.17,2.86,2.91,2.91,7378200.0,-1.0999946135827776,3.6507,5.458433333333334,6.608325,-0.02716666666666656,-0.015725000000000655,0.3064285714285714,-0.7832167832167826,-0.10485575108758201,-1.1856198602691026,0.1463600468760393,-0.10991215907526175,False
2022-02-03,RIDE,Lordstown Motors Corp,자동차 및 자동차 부품,2.82,2.92,2.78,2.79,2.79,5278200.0,-2.156837176852855,3.6063,5.408033333333334,6.573474999999999,-0.02519999999999989,-0.017425000000000246,0.2978571428571429,-0.40287769784172694,-0.09586634159009232,0.6311478912921775,0.14062792967258647,-0.09573722809974726,False
2022-02-04,RIDE,Lordstown Motors Corp,자동차 및 자동차 부품,2.81,3.0,2.79,2.95,2.95,5839600.0,3.168118306511447,3.5687,5.3661666666666665,6.539675,-0.020933333333333692,-0.016899999999999693,0.30285714285714277,0.5283018867924535,-0.0636721938357883,0.32020099023673454,0.16308793755786138,-0.07843081332017728,False
2022-02-07,RIDE,Lordstown Motors Corp,자동차 및 자동차 부품,2.97,3.205,2.95,2.98,2.98,6085900.0,4.925159956955039,3.5301,5.323966666666666,6.504874999999999,-0.02110000000000012,-0.017400000000000304,0.30821428571428566,0.09733487833140146,-0.008683534117247376,0.2518352443967176,0.1235000848397395,-0.07920543753871888,False
2022-02-08,RIDE,Lordstown Motors Corp,자동차 및 자동차 부품,3.0,3.1,2.89,2.97,2.97,7769600.0,3.793580456856316,3.4943,5.2867,6.468624999999999,-0.01863333333333328,-0.018124999999999947,0.3110714285714285,-0.03214695752009117,0.0066725052932769535,-0.3851022063105418,0.06250387673837013,-0.07265574064424074,False
2022-02-09,RIDE,Lordstown Motors Corp,자동차 및 자동차 부품,3.03,3.2,2.94,3.2,3.2,8358300.0,10.179833613904155,3.4631,5.2487666666666675,6.432175,-0.018966666666666132,-0.018224999999999714,0.305,0.7540983606557377,0.1348436187529271,0.11526968098780921,0.0928086184886735,-0.08210047967427765,False
2022-02-10,RIDE,Lordstown Motors Corp,자동차 및 자동차 부품,3.07,3.28,3.0,3.04,3.04,8622700.0,6.6732744062272475,3.4303000000000003,5.209433333333333,6.396025,-0.019666666666667165,-0.018075000000000063,0.3128571428571428,-0.5114155251141559,0.14411772089354047,0.2942973343877502,0.07777963313084953,-0.0706931773788167,False
2022-02-11,RIDE,Lordstown Motors Corp,자동차 및 자동차 부품,3.05,3.27,3.0,3.04,3.04,7872400.0,8.523541610459628,3.4075,5.170633333333333,6.360174999999999,-0.019400000000000084,-0.017925000000000413,0.3003571428571429,0.0,0.10486212333611093,0.8704844897649667,0.11092685472358133,-0.06085167876420145,False
2022-02-14,RIDE,Lordstown Motors Corp,자동차 및 자동차 부품,3.03,3.25,2.98,3.07,3.07,6821500.0,9.753114795465322,3.3861000000000003,5.132766666666666,6.325975,-0.01893333333333347,-0.01709999999999967,0.29464285714285715,0.10181818181818116,0.10372913472203518,0.2829565218781647,0.0805206444268552,-0.06148865035569922,False
2022-02-15,RIDE,Lordstown Motors Corp,자동차 및 자동차 부품,3.19,3.43,3.12,3.41,3.41,6375300.0,18.890094437926088,3.3743,5.101633333333333,6.296925,-0.015566666666666507,-0.014524999999999899,0.2910714285714286,1.1680981595092035,0.16792866368317025,0.38092018615018886,0.08356067483105953,-0.05166473458891812,False
2022-02-16,RIDE,Lordstown Motors Corp,자동차 및 자동차 부품,3.38,3.54,3.325,3.45,3.45,5017200.0,18.922158414130674,3.3623000000000003,5.065366666666667,6.2699750000000005,-0.018133333333333113,-0.013474999999999682,0.2771428571428572,0.1443298969072166,0.23884400263974634,0.09738231736820742,0.13424108001406923,-0.06113900373642675,False
2022-02-17,RIDE,Lordstown Motors Corp,자동차 및 자동차 부품,3.396,3.6,3.23,3.3,3.3,5675300.0,14.71767403670694,3.3425,5.030433333333333,6.243275,-0.017466666666666963,-0.013350000000000417,0.2942857142857144,-0.5097087378640788,0.20779816594436115,0.6581395313868572,0.257674162860039,-0.06037624495811363,False
2022-02-18,RIDE,Lordstown Motors Corp,자동차 및 자동차 부품,3.26,3.35,3.07,3.17,3.17,5105600.0,9.588543209669664,3.3164999999999996,4.996166666666667,6.218825000000001,-0.01713333333333278,-0.012224999999999486,0.26500000000000007,-0.4905660377358485,0.04054619621597639,-0.09119189144841638,0.17510551429215807,-0.070816733945215,False
2022-02-22,RIDE,Lordstown Motors Corp,자동차 및 자동차 부품,3.07,3.22,2.95,3.0,3.0,5526700.0,3.9355425665121846,3.2923,4.9589,6.193875,-0.018633333333333724,-0.012475000000000236,0.26428571428571435,-0.6432432432432428,-0.04137097275155225,-0.09597286921101023,0.15319624004360696,-0.06399192741139008,False
2022-02-23,RIDE,Lordstown Motors Corp,자동차 및 자동차 부품,3.06,3.125,2.83,2.84,2.84,4942500.0,-0.27082251244511246,3.2659000000000002,4.921033333333333,6.171225,-0.01893333333333347,-0.011325000000000252,0.26321428571428573,-0.6078697421981009,-0.028846184107360697,0.3188207270261054,0.2606562819932647,-0.055942825371681465,False
2022-02-24,RIDE,Lordstown Motors Corp,자동차 및 자동차 부품,2.61,3.15,2.6,3.14,3.14,8154800.0,7.748069700315985,3.2466999999999997,4.887366666666666,6.148125,-0.016833333333333478,-0.011549999999999727,0.29250000000000004,1.0256410256410264,0.07319086756997883,0.3225848414949909,0.23861606415060851,-0.04936999271183094,False
2022-02-25,RIDE,Lordstown Motors Corp,자동차 및 자동차 부품,3.13,3.215,2.97,3.21,3.21,5227600.0,6.47669160137978,3.2308999999999997,4.8589,6.128125,-0.014233333333332876,-0.010000000000000231,0.295,0.23728813559321982,0.05240417105574786,-0.8213763950040255,0.15707482234769707,-0.04078896064115576,False
2022-02-28,RIDE,Lordstown Motors Corp,자동차 및 자동차 부품,2.94,3.09,2.3,2.57,2.57,30140600.0,-14.759003239703217,3.2001,4.8274333333333335,6.106075000000001,-0.015733333333333377,-0.011024999999999618,0.3417857142857143,-1.87251828631139,-0.08829962641873725,-1.7564830484745064,0.013623515714038224,-0.04894988973527642,False
2022-03-01,RIDE,Lordstown Motors Corp,자동차 및 자동차 부품,2.5,2.72,2.38,2.69,2.69,11655000.0,-9.114902187743768,3.1734999999999998,4.801433333333334,6.0828750000000005,-0.0129999999999999,-0.011600000000000055,0.35107142857142865,0.34181078331637865,-0.06158835921613226,1.0568253639859169,0.11661834216378528,-0.037876478220529274,False
2022-03-02,RIDE,Lordstown Motors Corp,자동차 및 자동차 부품,2.65,2.67,2.37,2.55,2.55,12383500.0,-14.730038750971131,3.1435000000000004,4.7747,6.053625,-0.013366666666666749,-0.01462500000000011,0.35535714285714287,-0.39396984924623146,-0.1435932313519872,-1.2253299974895127,0.020861222272548004,-0.04586056349406157,False
2022-03-03,RIDE,Lordstown Motors Corp,자동차 및 자동차 부품,2.529,2.529,2.28,2.29,2.29,7297200.0,-22.397860084425737,3.1149,4.748633333333334,6.014625,-0.013033333333333008,-0.019500000000000295,0.35464285714285715,-0.7331319234642492,-0.15943011694842243,-0.48838979988321585,-0.03504500160394957,-0.042343997327926194,False
2022-03-04,RIDE,Lordstown Motors Corp,자동차 및 자동차 부품,2.25,2.31,2.13,2.18,2.18,7147400.0,-24.87073277046146,3.0811,4.721566666666667,5.968275,-0.01353333333333362,-0.023174999999999724,0.34821428571428575,-0.3158974358974355,-0.18199421951252498,0.06510868008139581,-0.09257184515277607,-0.04620784072132159,False
2022-03-07,RIDE,Lordstown Motors Corp,자동차 및 자동차 부품,2.16,2.295,2.08,2.1,2.1,8391600.0,-24.550739086849983,3.0437,4.6931,5.930275,-0.01423333333333332,-0.019000000000000128,0.3442857142857143,-0.23236514522821597,-0.2058644571586962,1.1029022367055443,-0.03400429409367752,-0.04147778640507444,False
2022-03-08,RIDE,Lordstown Motors Corp,자동차 및 자동차 부품,2.09,2.3,1.99,2.17,2.17,9211500.0,-20.60298598289545,3.0047,4.667966666666667,5.893225,-0.012566666666666837,-0.018524999999999903,0.3407142857142857,0.2054507337526201,-0.2746249875698807,0.5120365867525067,-0.024638836907797668,-0.027968891310345356,False
2022-03-09,RIDE,Lordstown Motors Corp,자동차 및 자동차 부품,2.23,2.43,2.21,2.35,2.35,7702800.0,-15.477921560394325,2.9725,4.644166666666667,5.856625,-0.0118999999999998,-0.018299999999999983,0.3439285714285715,0.5233644859813088,-0.2475510883503027,-0.5068207721127443,-0.06779620044215137,-0.03432530118637454,False
2022-03-10,RIDE,Lordstown Motors Corp,자동차 및 자동차 부품,2.25,2.37,2.21,2.34,2.34,4039100.0,-14.499767515170115,2.9431,4.619833333333333,5.823575,-0.012166666666666881,-0.016525000000000123,0.32892857142857146,-0.030401737242128822,-0.21331487402016344,0.15017485500409733,-0.1040793916123485,-0.029866323991125866,False
2022-03-11,RIDE,Lordstown Motors Corp,자동차 및 자동차 부품,2.38,2.38,2.13,2.15,2.15,4442900.0,-19.384395250068632,2.9151000000000007,4.594633333333333,5.787125,-0.012599999999999945,-0.018225000000000158,0.3267857142857143,-0.5814207650273222,-0.21980449739812585,-0.04709487044447158,-0.10092960439778101,-0.027960612132619325,False
2022-03-14,RIDE,Lordstown Motors Corp,자동차 및 자동차 부품,2.15,2.17,2.04,2.05,2.05,6271900.0,-21.339363546608315,2.8845,4.5685,5.744625,-0.01306666666666656,-0.02124999999999977,0.3167857142857143,-0.3156708004509586,-0.19640646577010554,-0.011788719426382266,-0.09491645084173617,-0.029500853964124912,False
2022-03-15,RIDE,Lordstown Motors Corp,자동차 및 자동차 부품,2.073,2.205,2.022,2.19,2.19,4295300.0,-16.50083039620991,2.8593,4.544233333333334,5.706074999999999,-0.01213333333333333,-0.019275000000000375,0.30878571428571433,0.45338885033541554,-0.12060228058914009,-0.430326030734262,-0.14842693353890526,-0.029430160007702242,False
2022-03-16,RIDE,Lordstown Motors Corp,자동차 및 자동차 부품,2.26,2.46,2.23,2.4,2.4,8061100.0,-8.928962121734841,2.8329000000000004,4.523033333333333,5.666425,-0.010600000000000165,-0.019824999999999537,0.2887857142857143,0.7271827850605984,-0.14192072634488495,-0.2680169060874167,-0.19061277265193438,-0.026500273215256793,False
2022-03-17,RIDE,Lordstown Motors Corp,자동차 및 자동차 부품,2.3,2.735,2.3,2.7,2.7,8992800.0,2.5529111375808267,2.8150999999999997,4.502766666666666,5.618075,-0.01013333333333355,-0.024175000000000058,0.3023571428571429,0.9922041105598874,-0.08799815670440868,0.4217888766194302,-0.10181525325025897,-0.021225463784293755,False
2022-03-18,RIDE,Lordstown Motors Corp,자동차 및 자동차 부품,2.71,2.959,2.673,2.8,2.8,10549800.0,6.246926340261316,2.8045,4.4856333333333325,5.566325000000001,-0.008566666666666833,-0.02587499999999965,0.25778571428571434,0.38791909116098494,0.07346165597218954,-0.15702217772698152,0.01243195180313567,-0.01540027783174363,False
2022-03-21,RIDE,Lordstown Motors Corp,자동차 및 자동차 부품,2.79,2.83,2.67,2.76,2.76,4752900.0,5.76205533702816,2.7952999999999997,4.4677,5.517525000000001,-0.008966666666666345,-0.024399999999999977,0.24492857142857144,-0.16331291921843116,0.0373813915054174,-0.14210043030535333,-0.07320560493195505,-0.01443618895486517,False
2022-03-22,RIDE,Lordstown Motors Corp,자동차 및 자동차 부품,2.78,2.99,2.74,2.93,2.93,4580500.0,11.473667570634817,2.7881,4.450633333333333,5.4651749999999995,-0.008533333333333282,-0.026175000000000725,0.2399285714285715,0.7085442095861877,0.11613239570773305,0.14189053318106315,0.024453004401657503,-0.021643001784023272,False
2022-03-23,RIDE,Lordstown Motors Corp,자동차 및 자동차 부품,2.87,3.065,2.84,2.96,2.96,3537400.0,14.091386916085069,2.7849,4.435233333333333,5.423874999999999,-0.007700000000000262,-0.02065000000000028,0.2367142857142858,0.12673506336753082,0.17755146619571735,0.7566928998261249,0.1133874829523247,-0.024144646908856475,False
2022-03-24,RIDE,Lordstown Motors Corp,자동차 및 자동차 부품,3.03,3.25,2.98,3.21,3.21,5645700.0,22.2087944172078,2.7839000000000005,4.424833333333334,5.383774999999999,-0.005199999999999427,-0.0200499999999999,0.2445714285714286,1.0221962616822429,0.2731295874514087,0.28648674264835605,0.12920020170710758,-0.01388965377380955,False
2022-03-25,RIDE,Lordstown Motors Corp,자동차 및 자동차 부품,3.24,3.25,2.87,3.12,3.12,7421900.0,18.646486396637663,2.7816999999999994,4.4107666666666665,5.346375,-0.007033333333333669,-0.018699999999999495,0.2563571428571429,-0.35107272220674224,0.26465047481008536,-0.6342150125513981,0.005120398188754538,-0.016896175924691205,False
2022-03-28,RIDE,Lordstown Motors Corp,자동차 및 자동차 부품,3.14,3.19,3.05,3.11,3.11,3819000.0,16.500023550949706,2.7821,4.3947,5.304874999999999,-0.008033333333333115,-0.02075000000000049,0.2442142857142858,-0.04094764551038409,0.24705059057701365,-0.46519026381834977,-0.06468151970916379,-0.016072380616803845,False
2022-03-29,RIDE,Lordstown Motors Corp,자동차 및 자동차 부품,3.19,3.565,3.16,3.5,3.5,7102200.0,28.083847544813743,2.7899000000000003,4.379700000000001,5.276075,-0.00749999999999984,-0.014399999999999746,0.2581428571428572,1.5107913669064752,0.31758108207166835,0.7289993805039654,0.023591348334886908,-0.013076677803960525,False
2022-03-30,RIDE,Lordstown Motors Corp,자동차 및 자동차 부품,3.44,3.64,3.36,3.5,3.5,5247700.0,26.967486382536144,2.8011,4.366300000000001,5.242025,-0.006699999999999928,-0.017024999999999846,0.2667142857142858,0.0,0.3197526347318204,0.41370077224849905,0.042414628138058456,-0.004698575159012114,False
2022-03-31,RIDE,Lordstown Motors Corp,자동차 및 자동차 부품,3.49,3.5,3.333,3.41,3.41,3888400.0,23.32359412789753,2.8117,4.345766666666667,5.2051750000000006,-0.010266666666666868,-0.01842499999999969,0.26078571428571434,-0.3451109285127356,0.3366319087685766,0.6961465249241272,0.0955032992358155,-0.01627108474329164,False
2022-04-01,RIDE,Lordstown Motors Corp,자동차 및 자동차 부품,3.43,3.45,3.15,3.21,3.21,4851400.0,13.807630708825137,2.8235,4.323966666666667,5.169675,-0.01089999999999991,-0.017750000000000377,0.27292857142857146,-0.7327924627060984,0.3068375043217809,-0.9669094905027804,0.027280387016072778,-0.014628352273959401,False
2022-04-04,RIDE,Lordstown Motors Corp,자동차 및 자동차 부품,3.23,3.79,3.23,3.69,3.69,9064900.0,26.659026631979632,2.8480000000000003,4.305433333333333,5.134874999999999,-0.009266666666666978,-0.017400000000000304,0.3012857142857143,1.5931721194879087,0.3882505949755304,1.0014617250072666,0.12955094099761055,-0.004015501390567362,False
2022-04-05,RIDE,Lordstown Motors Corp,자동차 및 자동차 부품,3.68,3.7,3.35,3.38,3.38,5276600.0,15.435341155859517,2.8636,4.2841000000000005,5.101425000000001,-0.01066666666666638,-0.016724999999999213,0.30700000000000005,-1.009771986970684,0.26418239697329593,-0.05406324344320901,0.14483334547219684,-0.0067375200548192345,False
2022-04-06,RIDE,Lordstown Motors Corp,자동차 및 자동차 부품,3.29,3.315,3.04,3.155,3.155,4620600.0,7.522802239067139,2.8741000000000003,4.2618,5.06565,-0.011150000000000215,-0.0178875000000005,0.3002142857142858,-0.7494646680942184,0.1397774842122884,-0.01720323481622088,0.11347676608393602,-0.00568349579894321,False
2022-04-07,RIDE,Lordstown Motors Corp,자동차 및 자동차 부품,3.13,3.18,2.99,3.115,3.115,3563900.0,4.56948067834313,2.8824,4.238966666666667,5.0253250000000005,-0.011416666666666409,-0.02016249999999964,0.29335714285714287,-0.13635256878499982,0.10232950850186091,-0.4552767695050206,0.09217286667121895,-0.006684049688684303,False
2022-04-08,RIDE,Lordstown Motors Corp,자동차 및 자동차 부품,3.11,3.11,2.9,2.9,2.9,3560100.0,-3.3727157851826006,2.8909999999999996,4.216633333333333,4.9849250000000005,-0.011166666666666991,-0.020199999999999996,0.2972857142857143,-0.7232099951946189,0.06233686021784751,-0.5207708641235195,0.06512497854134994,-0.007042506849631727,False
2022-04-11,RIDE,Lordstown Motors Corp,자동차 및 자동차 부품,2.86,2.96,2.76,2.85,2.85,3301400.0,-4.512682682557356,2.8990000000000005,4.192966666666667,4.944175,-0.01183333333333314,-0.020375000000000032,0.29371428571428576,-0.17023346303501882,-0.00043297354081010424,1.086089065979453,0.13256773088409207,-0.00501007863306882,False
2022-04-12,RIDE,Lordstown Motors Corp,자동차 및 자동차 부품,2.88,2.99,2.72,2.77,2.77,3463700.0,-7.667327551522107,2.8944,4.1703,4.899075,-0.011333333333333417,-0.022550000000000292,0.2969285714285715,-0.2694250661534763,-0.02873012564945347,-0.02897348169989644,0.07644870363223341,-0.003907950747424471,False
2022-04-13,RIDE,Lordstown Motors Corp,자동차 및 자동차 부품,2.77,2.8,2.665,2.71,2.71,5193400.0,-11.04844420222647,2.8856,4.146233333333334,4.855975,-0.012033333333333118,-0.021549999999999958,0.2858571428571429,-0.20989505247376325,-0.1167366480891682,-0.996245722909589,-0.01517504390761982,-0.01752420786017829,False
2022-04-14,RIDE,Lordstown Motors Corp,자동차 및 자동차 부품,2.69,2.715,2.51,2.51,2.51,4342900.0,-16.35250656044943,2.8775999999999997,4.121766666666668,4.813225,-0.012233333333333096,-0.021374999999999922,0.2733571428571429,-0.7316435850535673,-0.1439202811496557,0.1087293687283295,0.03789241189807501,-0.0231134219278678,False
2022-04-18,RIDE,Lordstown Motors Corp,자동차 및 자동차 부품,2.5,2.51,2.35,2.43,2.43,4222200.0,-18.560594583138567,2.8704,4.094966666666667,4.773625,-0.0134000000000003,-0.01980000000000004,0.2747857142857143,-0.2911359500909786,-0.1617908743339839,-0.27684611912877755,0.051345565090187305,-0.025931958551157853,False
2022-04-19,RIDE,Lordstown Motors Corp,자동차 및 자동차 부품,2.44,2.54,2.4,2.44,2.44,4360400.0,-19.089949634203997,2.8602,4.068566666666667,4.739675,-0.013199999999999878,-0.016974999999999962,0.2522857142857143,0.03963759909399689,-0.2668732863205895,-1.0570102842432259,-0.07622655382032636,-0.03785855205502648,False
2022-04-20,RIDE,Lordstown Motors Corp,자동차 및 자동차 부품,2.44,2.46,2.31,2.33,2.33,3445200.0,-21.956726690315453,2.8472000000000004,4.0385,4.704775,-0.015033333333333676,-0.017450000000000188,0.24300000000000002,-0.452674897119341,-0.2992072075433995,-0.40923947029519975,-0.13500799971630487,-0.03823522165642768,False
2022-04-21,RIDE,Lordstown Motors Corp,자동차 및 자동차 부품,2.38,2.485,2.22,2.23,2.23,3878200.0,-23.29009911577824,2.8324000000000003,4.0085,4.673125,-0.015000000000000124,-0.015824999999999978,0.25,-0.40000000000000036,-0.30312785550677557,0.5743259200315899,-0.1437094714943432,-0.03404539542276457,False
2022-04-22,RIDE,Lordstown Motors Corp,자동차 및 자동차 부품,2.22,2.35,2.215,2.3,2.3,3293300.0,-17.554857188427587,2.8144,3.976766666666667,4.640175,-0.015866666666666474,-0.016474999999999795,0.2382142857142857,0.2938530734632677,-0.22979603149467803,1.9500923994105488,0.06464780635660886,-0.034174337828403886,False
2022-04-25,RIDE,Lordstown Motors Corp,자동차 및 자동차 부품,2.25,2.48,2.25,2.4,2.4,5173400.0,-13.610299682717086,2.8015999999999996,3.9492333333333334,4.607475,-0.013766666666666705,-0.016350000000000087,0.21321428571428575,0.4690117252931327,-0.3100932025085906,0.15469694167439074,0.004164607547117727,-0.03681152164179066,False
2022-04-26,RIDE,Lordstown Motors Corp,자동차 및 자동차 부품,2.39,2.395,2.18,2.25,2.25,4921500.0,-15.746758419387907,2.7858000000000005,3.918433333333333,4.574425,-0.01540000000000008,-0.016525000000000123,0.2039285714285714,-0.7355516637478106,-0.2905060365640996,0.7679590464162358,0.06288048539422093,-0.03756421263856379,False
2022-04-27,RIDE,Lordstown Motors Corp,자동차 및 자동차 부품,2.24,2.38,2.18,2.19,2.19,3953900.0,-16.651978344662055,2.7682000000000007,3.8874333333333335,4.541625,-0.015499999999999847,-0.01639999999999997,0.19392857142857137,-0.30939226519337054,-0.25907229349975336,-0.41804720022404546,0.034248773579376314,-0.03403611683054695,False
2022-04-28,RIDE,Lordstown Motors Corp,자동차 및 자동차 부품,2.22,2.32,2.085,2.26,2.26,4806500.0,-14.47608398857605,2.7451999999999996,3.852966666666666,4.512525,-0.017233333333333656,-0.01454999999999984,0.19714285714285712,0.3550724637681152,-0.22397050546024513,-0.8709679806229199,0.004556544213812075,-0.04165986367623549,False
2022-04-29,RIDE,Lordstown Motors Corp,자동차 및 자동차 부품,2.18,2.38,2.18,2.18,2.18,3422300.0,-12.805203780274443,2.7198,3.8170333333333337,4.478975,-0.017966666666666242,-0.016774999999999984,0.19607142857142845,-0.40801457194899654,-0.2014565466569864,1.267712784434993,0.13230537625370584,-0.03435497878588468,False
2022-05-02,RIDE,Lordstown Motors Corp,자동차 및 자동차 부품,2.18,2.21,1.96,2.08,2.08,12604700.0,-15.844831170667572,2.6954,3.7790333333333335,4.446675,-0.019000000000000128,-0.01615000000000011,0.199642857142857,-0.5008944543828272,-0.22507518889611555,-0.7482689856829505,0.0012798011349627167,-0.04373273739556835,False
2022-05-03,RIDE,Lordstown Motors Corp,자동차 및 자동차 부품,2.07,2.148,2.02,2.045,2.045,5210200.0,-15.416277269480961,2.6729000000000003,3.7447333333333335,4.41535,-0.01715,-0.015662499999999913,0.18949999999999992,-0.18469656992084516,-0.21902315345092763,-0.40275589863861305,-0.02541894293208847,-0.04989006731065819,False
2022-05-04,RIDE,Lordstown Motors Corp,자동차 및 자동차 부품,2.06,2.1,1.89,2.09,2.09,9703800.0,-14.126874826705327,2.6547,3.7095999999999996,4.3828499999999995,-0.017566666666666952,-0.01625000000000032,0.1948571428571428,0.23093841642228707,-0.18753504852978115,-1.0267311594005077,-0.027596474110011236,-0.057965269883844935,False
2022-05-05,RIDE,Lordstown Motors Corp,자동차 및 자동차 부품,2.01,2.28,2.01,2.08,2.08,11107400.0,-9.764352590046698,2.6395,3.6702666666666666,4.35065,-0.0196666666666665,-0.01609999999999978,0.19949999999999993,-0.05012531328320697,-0.13885517197475541,1.3688657251382976,0.06241326563355792,-0.06128036592782927,False
2022-05-06,RIDE,Lordstown Motors Corp,자동차 및 자동차 부품,2.05,2.05,1.89,1.91,1.91,8761000.0,-14.914070556319603,2.6149,3.6394666666666664,4.31925,-0.01540000000000008,-0.015699999999999825,0.2016428571428571,-0.843074743181014,-0.17827937148118653,-0.6322098904391942,0.03703013911138531,-0.047498462202728305,False
2022-05-09,RIDE,Lordstown Motors Corp,자동차 및 자동차 부품,1.61,1.88,1.55,1.785,1.785,10115000.0,-16.32212985697454,2.5864,3.612366666666667,4.290775,-0.013549999999999729,-0.014237500000000125,0.2173571428571428,-0.5750903713440685,-0.22218851222676264,0.5597108457782785,0.15251021982720703,-0.04418989864069796,False
2022-05-10,RIDE,Lordstown Motors Corp,자동차 및 자동차 부품,1.76,1.78,1.55,1.67,1.67,7319100.0,-20.19924841680275,2.5683999999999996,3.5888333333333335,4.262675,-0.011766666666666703,-0.014050000000000118,0.22342857142857137,-0.5147058823529412,-0.2266192968863055,-0.5954551403695276,0.1392091005361836,-0.03792467122473877,False
2022-05-11,RIDE,Lordstown Motors Corp,자동차 및 자동차 부품,1.59,1.74,1.5,1.51,1.51,10994800.0,-24.868849258075045,2.5448,3.5650999999999997,4.237275,-0.011866666666666914,-0.012699999999999712,0.22164285714285709,-0.7218820496293907,-0.24961087185983338,-0.17706065572029117,0.08553863083962068,-0.03619262019108254,False
2022-05-12,RIDE,Lordstown Motors Corp,자동차 및 자동차 부품,1.85,2.39,1.59,2.22,2.22,97760800.0,11.085888831754897,2.5382,3.5463000000000005,4.215575,-0.009399999999999631,-0.010850000000000026,0.2748571428571428,2.5831600831600845,-0.08608894259577506,2.6258489080450205,0.1338069528849401,-0.014840749301215329,False
2022-05-13,RIDE,Lordstown Motors Corp,자동차 및 자동차 부품,2.28,2.54,2.14,2.45,2.45,33000800.0,19.297448130111693,2.5414,3.5300333333333334,4.1968250000000005,-0.008133333333333548,-0.009374999999999911,0.287,0.8013937282229965,-0.062347370957927646,0.021094678625536045,0.12426393409573618,-0.014322524732569489,False
2022-05-16,RIDE,Lordstown Motors Corp,자동차 및 자동차 부품,2.39,2.5,2.22,2.27,2.27,12021400.0,10.829001129393866,2.5432,3.5133,4.1769750000000005,-0.008366666666666633,-0.009924999999999962,0.29128571428571426,-0.6179499754781762,-0.05394725036723947,-0.4810974515948274,0.03504561280923167,-0.0198622640878711,False
2022-05-17,RIDE,Lordstown Motors Corp,자동차 및 자동차 부품,2.3,2.44,2.205,2.39,2.39,7993200.0,13.960400180727262,2.549,3.4951,4.157075000000001,-0.009100000000000108,-0.009949999999999903,0.29378571428571426,0.40846097738876774,-0.0026720187542295937,-0.28612230906308733,0.04446881932072867,-0.025953536726585135,False
2022-05-18,RIDE,Lordstown Motors Corp,자동차 및 자동차 부품,2.334,2.73,2.29,2.35,2.35,11400300.0,15.906367654812414,2.5526,3.4758999999999998,4.139125,-0.009600000000000053,-0.0089750000000004,0.3084285714285714,-0.1296896711440483,-0.03729788553366985,1.2452058833533368,0.19562409531903274,-0.017109187992840717,False
2022-05-19,RIDE,Lordstown Motors Corp,자동차 및 자동차 부품,2.31,2.47,2.28,2.35,2.35,6428000.0,15.525755514832795,2.5526,3.4572999999999996,4.121275,-0.009300000000000086,-0.008925000000000072,0.3077142857142857,0.0,-0.008153987537312947,0.2017975199055774,0.11948729070978878,-0.006575234204969923,False
2022-05-20,RIDE,Lordstown Motors Corp,자동차 및 자동차 부품,2.44,2.44,2.03,2.13,2.13,11219000.0,4.619581967267261,2.5483999999999996,3.4380999999999995,4.1019749999999995,-0.009600000000000053,-0.009650000000000158,0.3191428571428571,-0.6893464637421672,-0.021614845348694376,-0.6942918435587209,0.12334280086151948,-0.006253614908354948,False
2022-05-23,RIDE,Lordstown Motors Corp,자동차 및 자동차 부품,2.1,2.16,2.01,2.08,2.08,5218000.0,0.6421103246618598,2.547,3.419233333333333,4.082725,-0.009433333333333183,-0.009624999999999773,0.32071428571428573,-0.15590200445434244,-0.01955809067251561,-0.7733676781091975,0.09687053089933485,-0.008527810649882837,False
2022-05-24,RIDE,Lordstown Motors Corp,자동차 및 자동차 부품,2.02,2.02,1.785,1.82,1.82,5629900.0,-10.553830899390793,2.5424,3.3975666666666666,4.061975,-0.01083333333333325,-0.010374999999999801,0.32678571428571435,-0.7956284153005463,-0.09288429293843227,-0.5099066704649967,0.13378656582329992,-0.009876195784590334,False
2022-05-25,RIDE,Lordstown Motors Corp,자동차 및 자동차 부품,1.82,1.91,1.79,1.85,1.85,3172800.0,-9.417824280275411,2.5355999999999996,3.3761,4.042075,-0.010733333333333261,-0.009950000000000347,0.3160714285714286,0.09491525423728821,-0.08252425240125405,-0.2619515350880411,0.017299618664275734,-0.009539037417004773,False
2022-05-26,RIDE,Lordstown Motors Corp,자동차 및 자동차 부품,1.86,2.02,1.8,1.88,1.88,4472100.0,-9.178994450135802,2.5252,3.3548333333333336,4.023574999999999,-0.010633333333333272,-0.009250000000000203,0.3182142857142857,0.09427609427609365,-0.015570621154317784,-0.6602008033174481,0.015300267744400449,-0.012074308801004862,False
2022-05-27,RIDE,Lordstown Motors Corp,자동차 및 자동차 부품,1.93,2.08,1.93,1.99,1.99,6977600.0,-5.733143344920821,2.511,3.3362333333333334,4.004824999999999,-0.009300000000000086,-0.009374999999999911,0.3067857142857143,0.35855646100116445,0.051118438298913146,-0.6307817634792238,-0.06973491863113543,-0.010831487181610037,False
2022-05-31,RIDE,Lordstown Motors Corp,자동차 및 자동차 부품,1.99,2.15,1.92,2.07,2.07,5291300.0,-1.3282223646041147,2.4964,3.3165666666666667,3.9883249999999997,-0.00983333333333336,-0.008249999999999869,0.3064285714285715,0.2610722610722605,0.1065311628292847,0.5269978568120173,0.01044029545326064,-0.009614616949203222,False
2022-06-01,RIDE,Lordstown Motors Corp,자동차 및 자동차 부품,2.09,2.155,1.86,1.88,1.88,6013800.0,-9.42965961801776,2.4788,3.2957,3.970475,-0.010433333333333294,-0.00892499999999985,0.3103571428571429,-0.6121979286536247,0.11436574289898226,-0.2905890857195053,0.0023311218818882007,-0.009944715158217139,False
2022-06-02,RIDE,Lordstown Motors Corp,자동차 및 자동차 부품,1.89,2.09,1.86,2.01,2.01,6118500.0,-4.874144639335221,2.4604000000000004,3.2771,3.953075,-0.009300000000000086,-0.00869999999999993,0.26392857142857146,0.49255751014884935,-0.03496301231610596,-0.2953119921860163,-0.20632322813461443,-0.011244912805685632,False
2022-06-03,RIDE,Lordstown Motors Corp,자동차 및 자동차 부품,1.96,1.97,1.81,1.83,1.83,7527500.0,-11.4620276953453,2.4378,3.2549,3.9358750000000002,-0.011099999999999888,-0.008599999999999941,0.2496428571428571,-0.7210300429184539,-0.14370756739763815,0.00726585149425607,-0.2073110015011344,-0.011276775745911667,False
2022-06-06,RIDE,Lordstown Motors Corp,자동차 및 자동차 부품,1.86,1.89,1.77,1.81,1.81,7595500.0,-12.494386285168623,2.4098,3.2325,3.921075,-0.011200000000000099,-0.007400000000000073,0.2382142857142857,-0.08395802098950532,-0.10556528493416163,-0.22168271526476208,-0.18878137747755833,-0.011394045641353412,False
2022-06-07,RIDE,Lordstown Motors Corp,자동차 및 자동차 부품,1.8,1.85,1.76,1.84,1.84,4053900.0,-11.839324575869137,2.3842,3.2074333333333334,3.904125,-0.012533333333333285,-0.00847500000000001,0.2278571428571429,0.1316614420062697,-0.12533668031862577,-0.2870789086052926,-0.18884970601628728,-0.020877175253175367,False
2022-06-08,RIDE,Lordstown Motors Corp,자동차 및 자동차 부품,1.82,1.96,1.79,1.9,1.9,4970000.0,-8.37527926875744,2.36,3.1809666666666665,3.886025,-0.01323333333333343,-0.009050000000000002,0.20857142857142857,0.28767123287671154,-0.09552518717428579,0.8165554090744582,-0.2194675970362072,-0.01769807641826046,False
2022-06-09,RIDE,Lordstown Motors Corp,자동차 및 자동차 부품,1.93,1.93,1.78,1.78,1.78,5180800.0,-12.583972275285682,2.3256,3.1542333333333334,3.866175,-0.013366666666666527,-0.009924999999999962,0.20571428571428568,-0.5833333333333328,-0.13719185384095242,0.5394317002663296,-0.19535086986758204,-0.006569865760635686,False
2022-06-10,RIDE,Lordstown Motors Corp,자동차 및 자동차 부품,1.725,1.83,1.7,1.73,1.73,4236200.0,-11.431463198282799,2.2902,3.1275,3.8472750000000002,-0.013366666666666749,-0.009449999999999958,0.1857142857142857,-0.2692307692307695,-0.10718358994728115,1.0886040964126398,-0.06800115986962771,0.005648648592050466,False
2022-06-13,RIDE,Lordstown Motors Corp,자동차 및 자동차 부품,1.65,1.72,1.6,1.63,1.63,4972100.0,-11.648948212500066,2.2546,3.101033333333333,3.822975,-0.01323333333333343,-0.012150000000000105,0.18428571428571422,-0.5426356589147293,-0.13480742240873736,1.096133033437619,0.06553460524085918,0.019210676854753556,False
2022-06-14,RIDE,Lordstown Motors Corp,자동차 및 자동차 부품,1.65,1.68,1.59,1.63,1.63,4825200.0,-10.1269022430999,2.223,3.072633333333333,3.798725,-0.01419999999999999,-0.012124999999999941,0.16964285714285707,0.0,-0.07797682131584119,0.15649584828915136,0.11313478515186974,0.015938908572777716,False
2022-06-15,RIDE,Lordstown Motors Corp,자동차 및 자동차 부품,1.64,1.675,1.55,1.65,1.65,6569400.0,-8.933804913247611,2.1822,3.0457,3.774625,-0.013466666666666516,-0.012050000000000116,0.16999999999999993,0.11764705882352956,-0.07635312098825252,-0.46632936937179637,0.0985363684173158,0.01288171676964548,False
2022-06-16,RIDE,Lordstown Motors Corp,자동차 및 자동차 부품,1.53,1.6,1.485,1.54,1.54,7969700.0,-10.473181830784739,2.1454,3.0189,3.749425,-0.013400000000000079,-0.012599999999999945,0.16607142857142848,-0.6623655913978491,-0.13039895567924845,0.6055069542451451,0.18894406538607247,0.011687305055968954,False
2022-06-17,RIDE,Lordstown Motors Corp,자동차 및 자동차 부품,1.55,1.68,1.55,1.65,1.65,5455600.0,-2.697741901090933,2.1153,2.983966666666667,3.7251749999999997,-0.01746666666666652,-0.012125000000000163,0.1617857142857142,0.679911699779249,-0.10744501005224241,0.5950146378093134,0.27650095119239654,-0.0022137671880206604,False
2022-06-21,RIDE,Lordstown Motors Corp,자동차 및 자동차 부품,1.645,1.7,1.6,1.64,1.64,5069400.0,-4.455752261583967,2.0858000000000003,2.9570333333333334,3.700675,-0.013466666666666738,-0.012249999999999872,0.15249999999999989,-0.06557377049180338,-0.13077686944967554,-0.9833306313714103,0.1686203448935803,0.01240025429197669,False
2022-06-22,RIDE,Lordstown Motors Corp,자동차 및 자동차 부품,1.63,1.75,1.6,1.67,1.67,3697900.0,-1.726851205062374,2.0612,2.9291666666666667,3.6777749999999996,-0.013933333333333353,-0.011450000000000182,0.14214285714285704,0.21105527638190988,-0.07197306908999448,0.26136628426540504,0.20804572846393102,0.012090267892953437,False
2022-06-23,RIDE,Lordstown Motors Corp,자동차 및 자동차 부품,1.73,1.9,1.68,1.9,1.9,7297500.0,10.278621495982666,2.0422,2.9052333333333333,3.6552750000000005,-0.011966666666666681,-0.011249999999999538,0.14214285714285707,1.6180904522613073,0.00842214106089537,1.2378184369430871,0.31755504483029556,0.028235178205231744,False
2022-06-24,RIDE,Lordstown Motors Corp,자동차 및 자동차 부품,1.92,1.98,1.83,1.88,1.88,5980800.0,5.699691506240812,2.0244,2.8836333333333335,3.6338250000000003,-0.01079999999999992,-0.010725000000000096,0.1385714285714285,-0.14432989690721668,0.04961500863312659,-1.3392097444301623,0.22137821654998,0.02114032784104845,False
2022-06-27,RIDE,Lordstown Motors Corp,자동차 및 자동차 부품,1.9,1.925,1.755,1.79,1.79,3704600.0,0.9878890708900911,2.006,2.8617666666666666,3.6111750000000002,-0.010933333333333461,-0.01132500000000003,0.1421428571428571,-0.6331658291457278,0.010385879479110698,-0.5113933312813893,0.20068460112022088,0.021748216420996284,False
2022-06-28,RIDE,Lordstown Motors Corp,자동차 및 자동차 부품,1.8,1.88,1.705,1.77,1.77,3778200.0,2.085373668106394,1.9911999999999999,2.839833333333333,3.589125,-0.010966666666666791,-0.011025000000000063,0.14821428571428566,-0.13493975903614475,-0.008657063452490335,0.6631333584671776,0.2685569059111116,0.024868632541159733,False
2022-06-29,RIDE,Lordstown Motors Corp,자동차 및 자동차 부품,1.75,1.75,1.625,1.73,1.73,7103700.0,0.37966034086149847,1.9772,2.8179666666666665,3.565525,-0.01093333333333324,-0.011800000000000033,0.14642857142857135,-0.2731707317073175,-0.04871720377992098,-0.24521461626686114,0.19271618981530306,0.020882752325908135,False
2022-06-30,RIDE,Lordstown Motors Corp,자동차 및 자동차 부품,1.65,1.68,1.55,1.58,1.58,5522900.0,-7.091601121375635,1.96,2.7963,3.5414250000000003,-0.01083333333333325,-0.012049999999999894,0.14857142857142852,-1.0096153846153844,-0.07916592172863894,-0.6602687610810609,0.1070232997190609,0.0202408444889288,False
2022-07-01,RIDE,Lordstown Motors Corp,자동차 및 자동차 부품,1.58,1.62,1.52,1.6,1.6,2831100.0,-6.241112423174256,1.9454,2.774233333333333,3.5152249999999996,-0.01103333333333345,-0.013100000000000334,0.14642857142857135,0.13658536585365874,-0.05017905493689407,-0.29345892399396156,0.008304512547160803,0.019298112873138724,False
2022-07-05,RIDE,Lordstown Motors Corp,자동차 및 자동차 부품,1.58,1.72,1.51,1.72,1.72,3598800.0,0.5918228997386255,1.9352,2.7539666666666665,3.490175,-0.010133333333333328,-0.012524999999999897,0.15214285714285708,0.7887323943661968,0.04491866315460065,0.7194287054966962,-0.018602939448619387,0.008611406429458667,False
2022-07-06,RIDE,Lordstown Motors Corp,자동차 및 자동차 부품,1.71,1.77,1.65,1.69,1.69,2737900.0,-1.5185045013460186,1.923,2.7335,3.463325,-0.010233333333333317,-0.013424999999999798,0.15428571428571422,-0.1944444444444447,0.031029774265711744,-0.35242812363701426,-0.05495465172905979,0.015225007070087167,False
2022-07-07,RIDE,Lordstown Motors Corp,자동차 및 자동차 부품,1.69,1.82,1.67,1.8,1.8,2768600.0,3.1255819220906034,1.911,2.7142999999999997,3.439675,-0.009600000000000053,-0.011825000000000196,0.15607142857142856,0.7048054919908474,0.0729696623490916,0.012427599368879272,-0.0207577253904401,0.00439303724148184,False
2022-07-08,RIDE,Lordstown Motors Corp,자동차 및 자동차 부품,1.76,1.92,1.75,1.84,1.84,3014500.0,5.384325169360826,1.9028,2.6986999999999997,3.414525,-0.007800000000000029,-0.012575000000000003,0.1564285714285714,0.25570776255707794,0.13854633048872925,0.29840625063834864,-0.0426934899337827,0.006301478750089776,False
2022-07-11,RIDE,Lordstown Motors Corp,자동차 및 자동차 부품,1.84,1.86,1.73,1.73,1.73,2499100.0,0.17471620310132163,1.8936000000000002,2.6826333333333334,3.3889750000000003,-0.008033333333333115,-0.012774999999999759,0.1557142857142857,-0.7064220183486246,0.03952249347959541,-0.10348867150706542,-0.0925865834563812,0.013283235440909964,False
2022-07-12,RIDE,Lordstown Motors Corp,자동차 및 자동차 부품,1.79,1.86,1.68,1.83,1.83,3322700.0,6.52923430862542,1.885,2.6681666666666666,3.360975,-0.007233333333333425,-0.014000000000000234,0.16142857142857148,0.619469026548673,0.08845412183962943,1.113363517301008,0.057177284305934384,0.019541990908861773,False
2022-07-13,RIDE,Lordstown Motors Corp,자동차 및 자동차 부품,1.8,1.9,1.8,1.87,1.87,2641100.0,8.654690977625146,1.8788,2.653633333333333,3.332475,-0.0072666666666667545,-0.014249999999999874,0.15785714285714286,0.25339366515837125,0.09147829246651953,0.4925734392980671,0.07369208109398169,0.026987528020473626,False
2022-07-14,RIDE,Lordstown Motors Corp,자동차 및 자동차 부품,1.85,1.95,1.8,1.94,1.94,2887600.0,12.126415482511543,1.8760000000000003,2.637966666666667,3.3032750000000006,-0.007833333333333137,-0.014599999999999724,0.15214285714285714,0.460093896713614,0.008764252784541444,0.6169664882949664,0.029345513333401622,0.03509044606395255,False
2022-07-15,RIDE,Lordstown Motors Corp,자동차 및 자동차 부품,1.97,2.02,1.9,1.99,1.99,3074300.0,11.871976041410392,1.8749,2.621433333333333,3.2772750000000004,-0.008266666666666866,-0.013000000000000123,0.15000000000000005,0.33333333333333354,0.042883054944580744,-0.7141633273149102,0.07399168598449105,0.028226196928793145,False
2022-07-18,RIDE,Lordstown Motors Corp,자동차 및 자동차 부품,2.01,2.14,2.005,2.03,2.03,3092300.0,13.72573445239702,1.8737000000000001,2.6069,3.250625,-0.0072666666666665325,-0.013325000000000253,0.14857142857142858,0.26923076923076794,0.10733995482861615,0.7133652335136556,0.16147444061270852,0.034874665815463314,False
2022-07-19,RIDE,Lordstown Motors Corp,자동차 및 자동차 부품,2.09,2.12,2.01,2.05,2.05,2827300.0,10.90468756733567,1.8731,2.5928333333333335,3.2209749999999997,-0.007033333333333225,-0.014825000000000088,0.14392857142857146,0.1389578163771713,0.12690406735813872,-1.3402716496387792,0.018374082890854484,0.030738332842691393,False
2022-07-20,RIDE,Lordstown Motors Corp,자동차 및 자동차 부품,2.05,2.26,2.03,2.25,2.25,4688700.0,19.326526813463076,1.8799000000000001,2.5805000000000002,3.199575,-0.006166666666666654,-0.010699999999999932,0.15000000000000005,1.3333333333333341,0.24165435771818528,1.0136145982112967,0.10829045535358005,0.03483505138253145,False
2022-07-21,RIDE,Lordstown Motors Corp,자동차 및 자동차 부품,2.28,2.29,2.19,2.25,2.25,2025600.0,16.709249084608714,1.8891999999999998,2.5688333333333335,3.1815749999999996,-0.005833333333333357,-0.009000000000000119,0.14428571428571435,0.0,0.31376974233356986,-0.5425452360069151,0.11669927857316191,0.030108738356731005,False
2022-07-22,RIDE,Lordstown Motors Corp,자동차 및 자동차 부품,2.25,2.29,2.09,2.1,2.1,4495600.0,9.619139722924764,1.8977999999999997,2.5554333333333332,3.166075,-0.00670000000000015,-0.007749999999999702,0.1514285714285715,-0.9905660377358481,0.23325892779146226,-0.46991727009577355,0.10409511099446103,0.031116437859420133,False
2022-07-25,RIDE,Lordstown Motors Corp,자동차 및 자동차 부품,2.1,2.11,2.01,2.05,2.05,2408100.0,6.47031667921909,1.9086,2.5423,3.150975,-0.00656666666666661,-0.007550000000000168,0.14357142857142866,-0.3482587064676633,0.15204527773190082,-0.4254282081853752,0.022319617160027363,0.02646815147611186,False
2022-07-26,RIDE,Lordstown Motors Corp,자동차 및 자동차 부품,2.01,2.03,1.89,1.94,1.94,2345600.0,1.559342174155609,1.903,2.5282333333333336,3.135475,-0.007033333333333225,-0.007749999999999924,0.1464285714285715,-0.7512195121951207,0.11227563003542396,-0.06908749019083327,0.04255823383475458,0.0213325367086703,False
2022-07-27,RIDE,Lordstown Motors Corp,자동차 및 자동차 부품,1.98,2.09,1.92,2.07,2.07,2925200.0,5.049588372200264,1.8954,2.517233333333333,3.1213750000000005,-0.0055000000000002824,-0.007049999999999779,0.1478571428571429,0.8792270531400956,0.12473431297465597,-0.5670999842309687,0.0011634064347654318,0.019122528843411844,False
2022-07-28,RIDE,Lordstown Motors Corp,자동차 및 자동차 부품,2.07,2.24,2.07,2.21,2.21,3386500.0,9.804803035696086,1.8942,2.506166666666666,3.1085249999999998,-0.00553333333333339,-0.006425000000000347,0.14785714285714294,0.9468599033816428,0.17410232303355344,0.28301221211146044,6.383225427341757e-05,0.025492887381219555,False
2022-07-29,RIDE,Lordstown Motors Corp,자동차 및 자동차 부품,2.21,2.26,2.1,2.24,2.24,2283800.0,8.366490848575925,1.8912,2.4946333333333333,3.0941249999999996,-0.005766666666666476,-0.007200000000000095,0.15000000000000005,0.2000000000000016,0.23884675291559818,-0.5750629971702091,-0.03362004815023685,0.024216100687355926,False
2022-08-01,RIDE,Lordstown Motors Corp,자동차 및 자동차 부품,2.24,2.35,2.21,2.27,2.27,3119700.0,8.685747677049127,1.8895999999999997,2.4823000000000004,3.079325,-0.006166666666666432,-0.007399999999999851,0.1471428571428572,0.20388349514562967,0.20916207210109508,0.36345392353619665,-0.08718501913343765,0.02672951013953032,False
2022-08-02,RIDE,Lordstown Motors Corp,자동차 및 자동차 부품,2.25,2.61,2.21,2.58,2.58,5367200.0,22.16812706974931,1.8942,2.4731,3.066525,-0.0046000000000001595,-0.006399999999999961,0.16857142857142862,1.8389830508474574,0.32241845679317266,2.2180997838501786,0.03606686262028459,0.051599853695523654,False
2022-08-03,RIDE,Lordstown Motors Corp,자동차 및 자동차 부품,2.625,2.94,2.61,2.93,2.93,6400900.0,33.17847475213811,1.9102000000000001,2.4672333333333336,3.0561249999999998,-0.0029333333333332323,-0.0052000000000000934,0.18357142857142864,1.9066147859922178,0.4257413774559301,1.019368940976631,0.06480989495468922,0.06110291401472528,False
2022-08-04,RIDE,Lordstown Motors Corp,자동차 및 자동차 부품,3.23,3.73,2.85,2.98,2.98,23122100.0,32.35060095472202,1.9282,2.463433333333333,3.0464749999999996,-0.0019000000000002348,-0.004825000000000079,0.2378571428571429,0.21021021021020941,0.4169468686614212,0.2572073447254795,0.13419351438614563,0.06941495780875534,False
2022-08-05,RIDE,Lordstown Motors Corp,자동차 및 자동차 부품,2.88,2.94,2.49,2.52,2.52,11396400.0,10.713979536954454,1.9422,2.456366666666667,3.033725,-0.0035333333333331662,-0.0063749999999997975,0.2621428571428572,-1.754768392370572,0.2723754999756113,-1.6523849143189688,-0.03478863903047041,0.05608707974227683,False
2022-08-08,RIDE,Lordstown Motors Corp,자동차 및 자동차 부품,2.63,2.73,2.55,2.6,2.6,9942300.0,12.534213689216433,1.9572,2.4507,3.021375,-0.0028333333333334654,-0.006175000000000042,0.26928571428571424,0.2970822281167112,0.2836701008141498,0.3794719685285211,0.08805019083862246,0.060097551960638464,False
2022-08-09,RIDE,Lordstown Motors Corp,자동차 및 자동차 부품,2.6,2.6,2.33,2.36,2.36,7379700.0,1.7321980531412207,1.9667999999999999,2.4416333333333333,3.0078249999999995,-0.004533333333333278,-0.0067750000000001975,0.27214285714285713,-0.8818897637795284,0.12543987959180247,-0.5913409093650873,-0.026589488273976385,0.053755719614949765,False
2022-08-10,RIDE,Lordstown Motors Corp,자동차 및 자동차 부품,2.49,2.68,2.46,2.61,2.61,6015700.0,8.924233865215614,1.9792,2.4351,2.996975,-0.003266666666666751,-0.005424999999999791,0.28785714285714287,0.8684863523573201,0.18747461904589674,-0.552939451496745,-0.02733193223753566,0.05259605370013322,False
2022-08-11,RIDE,Lordstown Motors Corp,자동차 및 자동차 부품,2.65,2.78,2.585,2.62,2.62,4333700.0,8.362890229374354,1.9901999999999997,2.4303666666666666,2.984975,-0.002366666666666628,-0.006000000000000005,0.28750000000000003,0.03478260869565297,0.2607138080767183,0.0838544380196333,0.012223189770707686,0.047661999608541505,False
2022-08-12,RIDE,Lordstown Motors Corp,자동차 및 자동차 부품,2.67,2.9,2.611,2.8,2.8,7563700.0,12.474918828179993,2.0086,2.427566666666667,2.973925,-0.0013999999999998458,-0.005525000000000002,0.3009999999999999,0.5980066445182717,0.32830419028999935,-0.5500302513490785,0.003323043830443168,0.045927834917819425,False
2022-08-15,RIDE,Lordstown Motors Corp,자동차 및 자동차 부품,2.734,2.89,2.71,2.76,2.76,3310600.0,9.37314825175437,2.0236,2.4240333333333335,2.963725,-0.0017666666666666941,-0.005099999999999882,0.3024285714285714,-0.1322626358053851,0.372515395746409,-0.4033193944332097,-0.02055066361544086,0.03910503718028282,False
2022-08-16,RIDE,Lordstown Motors Corp,자동차 및 자동차 부품,2.77,2.91,2.68,2.75,2.75,4969800.0,7.6906988008210275,2.042,2.4215666666666666,2.951675,-0.0012333333333334195,-0.006025000000000169,0.3067142857142858,-0.032603632976245224,0.3073846324523847,-0.17251085762212093,0.007634273999476839,0.04131366040409167,False
2022-08-17,RIDE,Lordstown Motors Corp,자동차 및 자동차 부품,2.75,2.75,2.52,2.54,2.54,4954000.0,-0.027646491266208884,2.0566,2.4167666666666667,2.9385250000000003,-0.0023999999999999577,-0.0065749999999997755,0.31099999999999994,-0.6752411575562701,0.19152027095681948,-0.1106582136034131,-0.02048504212301413,0.04266836723045389,False
2022-08-18,RIDE,Lordstown Motors Corp,자동차 및 자동차 부품,2.57,2.575,2.45,2.45,2.45,3719000.0,-3.8633914463987007,2.0688,2.411566666666667,2.9227749999999997,-0.0025999999999999357,-0.007875000000000298,0.30849999999999994,-0.2917341977309558,0.1563963996903225,-0.4763716379506599,-0.013435659321617752,0.04198179255915841,False
2022-08-19,RIDE,Lordstown Motors Corp,자동차 및 자동차 부품,2.36,2.385,2.2,2.21,2.21,3959000.0,-12.092601703886475,2.075,2.4057,2.9044749999999997,-0.0029333333333334544,-0.009149999999999991,0.31635714285714284,-0.758636261007,0.08764498853656325,0.2706650317078677,-0.020063437309355534,0.03904357588960741,False
2022-08-22,RIDE,Lordstown Motors Corp,자동차 및 자동차 부품,2.19,2.21,2.02,2.02,2.02,3308100.0,-17.6950294564019,2.0798,2.398433333333333,2.885625,-0.0036333333333333773,-0.009424999999999795,0.3013571428571428,-0.6304811566721971,-0.08874531200055492,0.9739874494986649,-0.10892860404874936,0.045498419687312615,False
2022-08-23,RIDE,Lordstown Motors Corp,자동차 및 자동차 부품,2.06,2.16,1.98,2.02,2.02,3594400.0,-17.472088926552097,2.0856,2.3923,2.867025,-0.003066666666666551,-0.009300000000000086,0.2885,0.0,-0.2249320824285705,0.1731235085533023,-0.1693747063647014,0.04127880852799846,False
2022-08-24,RIDE,Lordstown Motors Corp,자동차 및 자동차 부품,2.05,2.14,2.02,2.1,2.1,2482200.0,-14.400341074808697,2.095,2.3870999999999998,2.849525,-0.0026000000000001577,-0.008750000000000036,0.2342142857142857,0.34156755108264747,-0.21554941522339632,0.11965173123839581,-0.17920010732806452,0.038950855355530244,False
2022-08-25,RIDE,Lordstown Motors Corp,자동차 및 자동차 부품,2.14,2.17,2.09,2.16,2.16,2517800.0,-12.970389416364526,2.1056,2.3840333333333334,2.830875,-0.0015333333333331645,-0.009325000000000028,0.20492857142857143,0.29278494248867226,-0.06929560559059318,-0.7616759527862579,-0.11557803864715661,0.035932993693731444,False
2022-08-26,RIDE,Lordstown Motors Corp,자동차 및 자동차 부품,2.14,2.2,2.035,2.06,2.06,2568700.0,-13.853399170929814,2.1138,2.381333333333333,2.812725,-0.0013500000000001844,-0.009074999999999944,0.20171428571428573,-0.4957507082152978,-0.1259265296143081,1.8005741899572072,-0.01407073711653617,0.04457213409746425,False
2022-08-29,RIDE,Lordstown Motors Corp,자동차 및 자동차 부품,2.0,2.14,2.0,2.03,2.03,2260500.0,-14.192373399656134,2.1236,2.3775333333333335,2.7950749999999998,-0.0018999999999997907,-0.008825000000000083,0.19242857142857145,-0.15590200445434427,-0.07407026109108068,0.2744162238624463,0.04776905811400194,0.043692086340102416,False
2022-08-30,RIDE,Lordstown Motors Corp,자동차 및 자동차 부품,2.05,2.1,2.02,2.09,2.09,2484200.0,-9.854688121794652,2.1324,2.3739333333333335,2.771075,-0.0018000000000000238,-0.011999999999999789,0.1752857142857143,0.34229828850855776,-0.1116551227945637,1.056562141769391,0.16273345763301167,0.04601154417834948,False
2022-08-31,RIDE,Lordstown Motors Corp,자동차 및 자동차 부품,2.07,2.171,2.07,2.14,2.14,2833300.0,-5.6401069121455265,2.1424000000000003,2.3702,2.7533749999999997,-0.0018666666666666831,-0.008850000000000247,0.1685714285714286,0.29661016949152696,-0.092953154166287,0.7948324898951018,0.2135176041955451,0.04905469570770798,False
2022-09-01,RIDE,Lordstown Motors Corp,자동차 및 자동차 부품,2.11,2.24,2.07,2.16,2.16,4244000.0,-3.5865010684138054,2.1522,2.368133333333333,2.734925,-0.0010333333333334416,-0.009224999999999817,0.16007142857142864,0.12494422132976356,-0.12674332725118043,-0.06597293871021358,0.24809312652689258,0.0526958318175994,False
2022-09-02,RIDE,Lordstown Motors Corp,자동차 및 자동차 부품,2.18,2.18,1.915,2.04,2.04,6355700.0,-7.231073948875178,2.155,2.3654,2.7176750000000003,-0.0013666666666665162,-0.008624999999999883,0.1661428571428572,-0.7222699914015481,-0.1688867097937635,-0.08544307049314537,0.2707985782368972,0.05925903553735657,False
2022-09-06,RIDE,Lordstown Motors Corp,자동차 및 자동차 부품,2.02,2.04,1.9,1.91,1.91,3995000.0,-11.688060162835079,2.1556,2.3581333333333334,2.7016250000000004,-0.0036333333333333773,-0.008024999999999949,0.15971428571428578,-0.8139534883720934,-0.22469741375060984,-0.5757752006395276,0.24199398230708244,0.048322072943080274,False
2022-09-07,RIDE,Lordstown Motors Corp,자동차 및 자동차 부품,1.91,2.0,1.89,1.99,1.99,3637800.0,-9.050915487611155,2.1596,2.3503999999999996,2.686225,-0.003866666666666907,-0.007700000000000262,0.15114285714285725,0.5293005671077505,-0.13865871913175118,-0.5006606691494907,0.21413666405379117,0.04357928868029231,False
2022-09-08,RIDE,Lordstown Motors Corp,자동차 및 자동차 부품,2.0,2.0,1.9,1.97,1.97,2568700.0,-9.501304112026732,2.1636,2.344133333333333,2.670775,-0.0031333333333332103,-0.007724999999999982,0.14935714285714294,-0.1339072214251555,-0.12738536368133685,-0.49878903318701967,0.21253542153690835,0.04815816086083952,False
2022-09-09,RIDE,Lordstown Motors Corp,자동차 및 자동차 부품,2.0,2.04,1.97,2.01,2.01,2953600.0,-7.963938450106611,2.1692,2.3389333333333333,2.655775,-0.0025999999999999357,-0.00749999999999984,0.1365000000000001,0.2930402930402915,-0.05226560982081605,-0.5507738543339127,0.15386121539106692,0.04027868255666559,False
2022-09-12,RIDE,Lordstown Motors Corp,자동차 및 자동차 부품,2.06,2.13,2.01,2.12,2.12,2789000.0,-2.6895275405630525,2.18,2.3334,2.6422250000000003,-0.002766666666666584,-0.0067749999999999755,0.13150000000000012,0.8365019011406861,0.05251889430867561,0.21410876348367847,0.09958416638999643,0.039571401044978555,False
2022-09-13,RIDE,Lordstown Motors Corp,자동차 및 자동차 부품,2.01,2.08,1.96,2.01,2.01,3451800.0,-2.360967842843309,2.1882,2.3269333333333333,2.6277250000000003,-0.0032333333333334213,-0.007249999999999979,0.13007142857142867,-0.845689181768261,-0.00788747581762875,1.372347822911923,0.18524304598704075,0.04704148490174659,False
2022-09-14,RIDE,Lordstown Motors Corp,자동차 및 자동차 부품,2.01,2.18,1.99,2.14,2.14,3762600.0,4.566357808264732,2.1966,2.3213999999999997,2.614625,-0.002766666666666806,-0.006550000000000056,0.13507142857142868,0.9624537281861466,0.03646153683262119,0.798141760039913,0.23370661947286342,0.05492977801074962,False
2022-09-15,RIDE,Lordstown Motors Corp,자동차 및 자동차 부품,2.15,2.31,2.105,2.17,2.17,3123400.0,7.641064730467284,2.2062,2.3145333333333333,2.601675,-0.0034333333333331773,-0.0064750000000000085,0.14400000000000013,0.2083333333333318,0.030429279035811156,0.7539121350403091,0.34196291146047536,0.059187394371099614,False
2022-09-16,RIDE,Lordstown Motors Corp,자동차 및 자동차 부품,2.13,2.14,2.01,2.04,2.04,5847000.0,2.3728082332211686,2.211,2.3078666666666665,2.588475,-0.0033333333333334103,-0.006600000000000161,0.14364285714285727,-0.9050223769269005,0.0011955884135538195,-0.5366494632897778,0.17501836479997643,0.05364774905324943,False
2022-09-19,RIDE,Lordstown Motors Corp,자동차 및 자동차 부품,2.04,2.04,1.88,1.9,1.9,4641200.0,-4.974710737079335,2.2122,2.3002666666666665,2.5770750000000002,-0.0038000000000000256,-0.005699999999999816,0.14507142857142868,-0.965041851304776,-0.056600114932905586,-1.30892824853,0.061922331057658826,0.03911833079794966,False
2022-09-20,RIDE,Lordstown Motors Corp,자동차 및 자동차 부품,1.91,1.975,1.87,1.87,1.87,2700600.0,-5.3794108723504985,2.215,2.2922666666666665,2.565725,-0.0040000000000000036,-0.005675000000000097,0.146857142857143,-0.20428015564202182,-0.09564143237223269,0.3688296270192265,0.012798580004075641,0.03969081816555673,False
2022-09-21,RIDE,Lordstown Motors Corp,자동차 및 자동차 부품,1.87,1.97,1.78,1.88,1.88,2487400.0,-3.2809598576240995,2.2159999999999997,2.2820666666666667,2.555125,-0.005099999999999882,-0.005300000000000082,0.1532142857142858,0.06526806526806384,-0.11216586838819435,0.8825335153974292,0.019062938968527596,0.043034907027205006,False
2022-09-22,RIDE,Lordstown Motors Corp,자동차 및 자동차 부품,1.88,1.9,1.79,1.83,1.83,2936200.0,-4.865853069204018,2.2152000000000003,2.2712666666666665,2.544025,-0.005400000000000071,-0.005549999999999944,0.1489285714285715,-0.33573141486810415,-0.14507127097375633,0.06876567390001942,0.02868712558354424,0.04284412940408375,False
2022-09-23,RIDE,Lordstown Motors Corp,자동차 및 자동차 부품,1.79,1.81,1.74,1.77,1.77,2303700.0,-6.04907031383346,2.2117999999999998,2.261066666666667,2.531425,-0.005099999999999882,-0.006299999999999972,0.1364285714285715,-0.4397905759162305,-0.12489416986766222,0.3816129088829855,0.06204826696755359,0.04100061858739127,False
2022-09-26,RIDE,Lordstown Motors Corp,자동차 및 자동차 부품,1.76,1.92,1.74,1.8,1.8,2911800.0,-3.3142363126576813,2.208,2.2519333333333336,2.518075,-0.004566666666666608,-0.0066749999999999865,0.13928571428571435,0.21538461538461548,-0.05137001959932586,0.6932369883832274,0.15269199475489323,0.046230144452935565,False
2022-09-27,RIDE,Lordstown Motors Corp,자동차 및 자동차 부품,1.85,1.9,1.78,1.82,1.82,2703600.0,-1.9875301391027222,2.2037999999999998,2.244066666666667,2.506125,-0.003933333333333344,-0.005975000000000064,0.14000000000000004,0.14285714285714293,-0.07897312133151213,0.23876793784792383,0.20550832382613712,0.04846174983332846,False
2022-09-28,RIDE,Lordstown Motors Corp,자동차 및 자동차 부품,1.84,2.04,1.815,2.02,2.02,3770600.0,6.487366389468652,2.2032,2.2386,2.495425,-0.0027333333333334764,-0.005349999999999966,0.1489285714285715,1.3429256594724213,0.026514941589743355,0.47824418892585185,0.27529641111991365,0.0495245729126601,False
2022-09-29,RIDE,Lordstown Motors Corp,자동차 및 자동차 부품,1.99,2.01,1.815,1.88,1.88,4874300.0,1.4914660474950825,2.1958,2.2302,2.484325,-0.0041999999999999815,-0.005549999999999944,0.1585714285714286,-0.8828828828828834,-0.057479570976197714,0.03398989069735814,0.3170652500507187,0.04760060657400921,False
2022-09-30,RIDE,Lordstown Motors Corp,자동차 및 자동차 부품,1.88,1.88,1.82,1.83,1.83,2275100.0,0.6411010152562069,2.1874000000000002,2.2209999999999996,2.473475,-0.0046000000000001595,-0.005425000000000013,0.1542857142857143,-0.3240740740740729,-0.14037785492010907,0.2976553789210126,0.32303286543909976,0.05506081840017613,False
2022-10-03,RIDE,Lordstown Motors Corp,자동차 및 자동차 부품,1.86,1.86,1.67,1.69,1.69,5721500.0,-8.86038966466992,2.1792000000000002,2.215133333333333,2.461375,-0.0029333333333332323,-0.006050000000000111,0.15642857142857144,-0.8949771689497724,-0.14389842543307418,-2.016352622961172,0.08098283359102153,0.053328354570265024,False
2022-10-04,RIDE,Lordstown Motors Corp,자동차 및 자동차 부품,1.75,1.81,1.73,1.74,1.74,3608400.0,-8.679378327136488,2.173,2.2088,2.4499750000000002,-0.00316666666666654,-0.005699999999999816,0.15142857142857144,0.3301886792452833,-0.18906021464313585,-0.9582289822865102,-0.0444722194322944,0.03989465892844885,False
2022-10-05,RIDE,Lordstown Motors Corp,자동차 및 자동차 부품,1.73,1.755,1.565,1.685,1.685,5211700.0,-10.902877796181299,2.1679,2.2030333333333334,2.43815,-0.002883333333333349,-0.005912500000000209,0.15035714285714288,-0.3657957244655577,-0.23006943305734226,-0.2791337047114548,-0.11826120798599182,0.0462026342136359,False
2022-10-06,RIDE,Lordstown Motors Corp,자동차 및 자동차 부품,1.67,1.85,1.65,1.8,1.8,5529500.0,-3.7305809029240744,2.1625,2.1997666666666666,2.42855,-0.0016333333333333755,-0.0047999999999999154,0.15321428571428575,0.7505827505827504,-0.11181192394951003,1.1916604330671492,0.00518949889664582,0.05740296909997166,False
2022-10-07,RIDE,Lordstown Motors Corp,자동차 및 자동차 부품,1.77,1.8,1.64,1.66,1.66,7675100.0,-8.310635524940157,2.1515,2.1963,2.4175,-0.0017333333333333645,-0.005525000000000002,0.15321428571428575,-0.9137529137529143,-0.10814842841009134,0.2224143162450838,0.11457111066629466,0.05845167334106292,False
2022-10-10,RIDE,Lordstown Motors Corp,자동차 및 자동차 부품,1.66,1.67,1.51,1.58,1.58,5337400.0,-11.372333287722237,2.1383,2.192833333333333,2.40555,-0.0017333333333333645,-0.005975000000000064,0.15714285714285717,-0.509090909090908,-0.1299206250850118,-0.2117125240068648,0.073103814164431,0.049687574936313525,False
2022-10-11,RIDE,Lordstown Motors Corp,자동차 및 자동차 부품,1.55,1.7,1.53,1.63,1.63,3521000.0,-7.433915605110597,2.1255,2.189233333333333,2.3931,-0.0018000000000000238,-0.006224999999999925,0.15571428571428572,0.3211009174311915,-0.11164684993050267,0.5873186476599424,0.05201703789746765,0.0501894553423631,False
2022-10-12,RIDE,Lordstown Motors Corp,자동차 및 자동차 부품,1.63,1.74,1.62,1.72,1.72,3423500.0,-1.3826299151192711,2.1083,2.1850333333333336,2.3819000000000004,-0.0020999999999997687,-0.005599999999999827,0.15642857142857144,0.5753424657534251,-0.046570144171822016,0.7096043793134358,0.0977912311412831,0.05829895635187096,False
2022-10-13,RIDE,Lordstown Motors Corp,자동차 및 자동차 부품,1.65,1.79,1.63,1.79,1.79,3697700.0,0.7407390615912446,2.0855,2.1813666666666665,2.3718,-0.0018333333333335755,-0.005050000000000221,0.16142857142857148,0.433628318584071,0.015816919721056668,-0.5553652127548522,0.03086422245286613,0.05359535590014463,False
2022-10-14,RIDE,Lordstown Motors Corp,자동차 및 자동차 부품,1.8,1.83,1.63,1.63,1.63,3590600.0,-5.339174032118422,2.0585,2.1779,2.3622,-0.0017333333333331424,-0.0047999999999999154,0.16285714285714287,-0.982456140350878,-0.06974313426005001,-0.0990394320543515,-0.025726950435532366,0.05324905882274543,False
2022-10-17,RIDE,Lordstown Motors Corp,자동차 및 자동차 부품,1.65,1.75,1.645,1.72,1.72,2174000.0,-2.491047327228346,2.0425,2.1757,2.3529,-0.001100000000000101,-0.004650000000000043,0.16285714285714287,0.5526315789473689,-0.04047353168217673,-0.4039430893799114,-0.0716348809518063,0.05063469635638858,False
2022-10-18,RIDE,Lordstown Motors Corp,자동차 및 자동차 부품,1.79,1.82,1.7,1.75,1.75,2737800.0,-1.7623670316309514,2.0255,2.172766666666667,2.3444,-0.0014666666666665051,-0.004250000000000087,0.15535714285714292,0.19310344827586218,-0.1226036896247881,-0.23411477574525635,-0.12251766414259976,0.05194277138964862,False
2022-10-19,RIDE,Lordstown Motors Corp,자동차 및 자동차 부품,1.74,1.74,1.66,1.71,1.71,1543200.0,-3.026019991092299,2.0125,2.1681666666666666,2.33435,-0.0023000000000001908,-0.005024999999999835,0.1471428571428572,-0.2718446601941749,-0.07895810228988036,-0.010729948975891912,-0.12571193840497477,0.053658017770392114,False
2022-10-20,RIDE,Lordstown Motors Corp,자동차 및 자동차 부품,1.71,1.79,1.69,1.71,1.71,2875400.0,-2.038540208344619,1.9945,2.1615666666666664,2.32495,-0.0033000000000000806,-0.0047000000000001485,0.1500000000000001,0.0,-0.055809954141732294,0.3108959376261361,-0.12476618421175166,0.052918731510436814,False
2022-10-21,RIDE,Lordstown Motors Corp,자동차 및 자동차 부품,1.71,1.76,1.65,1.73,1.73,2340700.0,-3.003627404849618,1.9767000000000001,2.154433333333333,2.31695,-0.003566666666666718,-0.0040000000000000036,0.14428571428571435,0.13861386138613868,0.018017976596547077,-0.7832712932745407,-0.036688946376992285,0.04874373740678642,False
2022-10-24,RIDE,Lordstown Motors Corp,자동차 및 자동차 부품,1.71,1.72,1.57,1.66,1.66,4560400.0,-7.482765096961952,1.9539000000000002,2.1471,2.3091500000000003,-0.003666666666666485,-0.0038999999999997925,0.1471428571428572,-0.4757281553398061,-0.039547511588102165,-0.9648269941530867,-0.037160232938890606,0.043258893647801534,False
2022-10-25,RIDE,Lordstown Motors Corp,자동차 및 자동차 부품,1.65,1.74,1.64,1.73,1.73,4038600.0,-4.612875932958593,1.9333,2.1390999999999996,2.30135,-0.004000000000000226,-0.0039000000000002366,0.14071428571428576,0.4974619289340104,0.022113749369009842,-0.19017601830807862,-0.03080611248150659,0.04104511663787392,False
2022-10-26,RIDE,Lordstown Motors Corp,자동차 및 자동차 부품,1.72,1.85,1.7,1.76,1.76,4021700.0,-1.3582000670575467,1.9135,2.1311,2.29455,-0.0039999999999997815,-0.0033999999999998476,0.1371428571428572,0.21875000000000008,-0.01587430424404375,0.5352817522334378,-0.07769030396962884,0.03956904232058934,False
2022-10-27,RIDE,Lordstown Motors Corp,자동차 및 자동차 부품,1.78,1.84,1.7,1.7,1.7,1827600.0,-3.4130953963432464,1.8966999999999998,2.1210333333333335,2.28675,-0.005033333333333223,-0.0039000000000000146,0.13571428571428576,-0.442105263157895,0.017814813655600486,-0.16875646137632894,-0.10563107379972976,0.03653408762709144,False
2022-10-28,RIDE,Lordstown Motors Corp,자동차 및 자동차 부품,1.705,1.745,1.69,1.73,1.73,2084400.0,-3.371799525167185,1.8823,2.1117666666666666,2.2792499999999998,-0.004633333333333489,-0.003750000000000142,0.12821428571428578,0.23398328690807807,0.07089154194124235,-0.8354647371116184,-0.15018480330721215,0.03519242279668997,False
2022-10-31,RIDE,Lordstown Motors Corp,자동차 및 자동차 부품,1.71,1.83,1.71,1.81,1.81,3115900.0,1.7668468900299938,1.8743,2.1031,2.27285,-0.0043333333333333,-0.0031999999999998696,0.12464285714285724,0.6418338108882522,0.09380103433103239,0.9830721001057318,-0.12191669956108434,0.04484750522285051,False
2022-11-01,RIDE,Lordstown Motors Corp,자동차 및 자동차 부품,1.83,1.935,1.78,1.84,1.84,2737600.0,3.6745104924463146,1.8707,2.092033333333333,2.2665,-0.00553333333333339,-0.003174999999999928,0.12714285714285725,0.2359550561797753,0.06955907650434313,0.41720567015326615,-0.1428023216439536,0.04276888048717919,False
2022-11-02,RIDE,Lordstown Motors Corp,자동차 및 자동차 부품,1.84,1.89,1.8,1.8,1.8,2501200.0,3.6455897085911904,1.8663000000000003,2.0807,2.2608,-0.005666666666666487,-0.002850000000000019,0.12214285714285722,-0.32748538011695916,0.0151938123114124,0.8276114419933572,-0.04401827487622436,0.0455282849521449,False
2022-11-03,RIDE,Lordstown Motors Corp,자동차 및 자동차 부품,1.78,1.92,1.771,1.85,1.85,3119800.0,7.470980116840287,1.8613,2.0702999999999996,2.25565,-0.0052000000000003155,-0.002574999999999994,0.11850000000000006,0.4219409282700423,0.11550788864147814,0.9295344914885679,0.029451291091127034,0.04708420472924118,False
2022-11-04,RIDE,Lordstown Motors Corp,자동차 및 자동차 부품,1.85,1.95,1.83,1.93,1.93,4477200.0,9.949377943287342,1.8566999999999998,2.0617666666666667,2.2522,-0.004266666666666419,-0.0017249999999999766,0.11850000000000005,0.6751054852320659,0.12425602480467078,0.017529120893352568,0.05955644896778874,0.0536471288052154,False
2022-11-07,RIDE,Lordstown Motors Corp,자동차 및 자동차 부품,1.93,1.97,1.83,1.85,1.85,5574700.0,3.8463793377710553,1.8525,2.0495,2.249125,-0.006133333333333324,-0.0015375000000001915,0.11992857142857147,-0.6670637284097662,0.06281551218426876,-1.153650249466479,-0.006124656298012875,0.039279715642057095,False
2022-11-08,RIDE,Lordstown Motors Corp,자동차 및 자동차 부품,2.275,2.39,1.66,1.75,1.75,42131600.0,-2.34464819208986,1.8469,2.0386333333333333,2.244875,-0.005433333333333401,-0.0021249999999999325,0.1656428571428572,-0.6037084950409662,0.03911095255235509,-0.8867562952509009,-0.06869796674622781,0.033728428630005816,False
2022-11-09,RIDE,Lordstown Motors Corp,자동차 및 자동차 부품,1.74,1.75,1.62,1.63,1.63,6100600.0,-6.652201793609214,1.8377,2.028466666666667,2.239875,-0.0050833333333331066,-0.0024999999999999467,0.1677857142857143,-0.7151979565772676,-0.011974615774592594,0.33695886265025476,-0.06683632924450505,0.03608950927978232,False
2022-11-10,RIDE,Lordstown Motors Corp,자동차 및 자동차 부품,1.72,1.78,1.6,1.71,1.71,9337800.0,-6.657822531598267,1.8291000000000002,2.0191,2.234925,-0.004683333333333595,-0.002475000000000005,0.1727857142857143,0.46300124018189376,0.011195911282247053,-2.050021637880788,-0.15731849671637985,0.02545787682394387,False
2022-11-11,RIDE,Lordstown Motors Corp,자동차 및 자동차 부품,1.71,1.92,1.68,1.85,1.85,11110100.0,-0.0310937192188665,1.8229,2.0120999999999998,2.231825,-0.0035000000000000586,-0.0015499999999999403,0.17850000000000005,0.7843137254901965,0.10119890277010438,0.33737991983993076,-0.06430371714545002,0.03117888205036687,False
2022-11-14,RIDE,Lordstown Motors Corp,자동차 및 자동차 부품,1.84,1.84,1.685,1.72,1.72,6039600.0,-5.882781652276292,1.8165,2.004566666666667,2.228175,-0.003766666666666474,-0.0018250000000001876,0.18314285714285714,-0.7098283931357261,0.0149638797651232,-0.26866618653396984,-0.06991015773301368,0.022147180366944054,False
2022-11-15,RIDE,Lordstown Motors Corp,자동차 및 자동차 부품,1.79,1.8,1.66,1.71,1.71,6538900.0,-6.814000787292295,1.8125,1.9975,2.221725,-0.0035333333333333883,-0.0032249999999998114,0.18242857142857144,-0.05481597494126864,-0.00457654701639599,-0.47608511640825923,-0.14215064835027774,0.01916643613555497,False
2022-11-16,RIDE,Lordstown Motors Corp,자동차 및 자동차 부품,1.7,1.7,1.62,1.62,1.62,3939700.0,-10.462451917445437,1.8051,1.9902333333333335,2.214075,-0.0036333333333332662,-0.0038250000000001894,0.17885714285714288,-0.5031948881789129,-0.00894009166075441,-0.09403941420049416,-0.1368137164091467,0.025181144860282265,False
2022-11-17,RIDE,Lordstown Motors Corp,자동차 및 자동차 부품,1.65,1.66,1.55,1.56,1.56,5303700.0,-12.832529266766723,1.7969,1.9839000000000002,2.207325,-0.003166666666666651,-0.003374999999999906,0.18278571428571425,-0.3282532239155924,-0.049099842433873726,-0.1698968291739325,-0.08927315155645485,0.023323636874267188,False
2022-11-18,RIDE,Lordstown Motors Corp,자동차 및 자동차 부품,1.61,1.62,1.51,1.52,1.52,3963100.0,-14.739638931023668,1.7870999999999997,1.9778333333333333,2.200975,-0.0030333333333334433,-0.003174999999999928,0.18207142857142852,-0.21969399764613598,-0.11063754304347288,-0.4615132532277143,-0.192457819651701,0.02209252264694094,False
2022-11-21,RIDE,Lordstown Motors Corp,자동차 및 자동차 부품,1.51,1.53,1.38,1.4,1.4,6094000.0,-20.43263505016011,1.7727000000000002,1.9708999999999999,2.193225,-0.003466666666666729,-0.003875000000000073,0.1817142857142857,-0.6603773584905667,-0.1746612869484973,-0.4552901267581475,-0.25477894800251627,0.026103990363508127,False
2022-11-22,RIDE,Lordstown Motors Corp,자동차 및 자동차 부품,1.4,1.4,1.3,1.33,1.33,6362000.0,-24.43917360764526,1.7590999999999999,1.9642333333333337,2.184975,-0.0033333333333330772,-0.004124999999999934,0.1824285714285714,-0.38371182458887937,-0.17867746155363445,-1.1567438438441524,-0.3965186112766241,0.02112062787318178,False
2022-11-23,RIDE,Lordstown Motors Corp,자동차 및 자동차 부품,1.34,1.39,1.31,1.34,1.34,4837900.0,-23.212000474419302,1.7431,1.9583,2.176825,-0.002966666666666895,-0.004075000000000051,0.17749999999999996,0.05633802816901415,-0.20479195441799364,-0.29446463150943025,-0.48394712006219537,0.015328690862908308,False
2022-11-25,RIDE,Lordstown Motors Corp,자동차 및 자동차 부품,1.32,1.36,1.32,1.33,1.33,1570600.0,-22.727661884869875,1.7263,1.951833333333333,2.167475,-0.0032333333333334213,-0.004674999999999985,0.17178571428571424,-0.05821205821205828,-0.2571717789497168,-0.03988559457910215,-0.4880481711673707,0.002062170902977305,False
2022-11-28,RIDE,Lordstown Motors Corp,자동차 및 자동차 부품,1.31,1.355,1.3,1.32,1.32,4413200.0,-21.086073656986404,1.7119,1.9446333333333332,2.158875,-0.0035999999999999366,-0.0042999999999999705,0.1657142857142857,-0.060344827586206955,-0.21383471460517683,0.9156974313046972,-0.3402376225408581,0.007135507500512682,False
2022-11-29,RIDE,Lordstown Motors Corp,자동차 및 자동차 부품,1.42,1.44,1.34,1.43,1.43,8145000.0,-13.283086525054365,1.7025,1.9391666666666667,2.1508249999999998,-0.0027333333333332543,-0.004025000000000167,0.12214285714285711,0.9005847953216367,-0.1063851938649909,1.0035592706783267,-0.20521508211734188,0.008706175662259953,False
2022-11-30,RIDE,Lordstown Motors Corp,자동차 및 자동차 부품,1.47,1.68,1.47,1.66,1.66,12850100.0,-1.5265657231672058,1.6983,1.9356333333333335,2.1437749999999998,-0.0017666666666665831,-0.0035250000000000004,0.1307142857142857,1.7595628415300546,0.07038343457124638,-0.11336608591584474,-0.23738114987206327,0.010737383090981292,False
2022-12-01,RIDE,Lordstown Motors Corp,자동차 및 자동차 부품,1.76,1.76,1.56,1.65,1.65,8357400.0,-1.1494056006671194,1.6937,1.9315666666666667,2.134975,-0.0020333333333334425,-0.0043999999999999595,0.13214285714285712,-0.07567567567567576,0.03190651200999141,-0.01006818882450411,-0.09167018922518586,0.016476715036304063,False
2022-12-02,RIDE,Lordstown Motors Corp,자동차 및 자동차 부품,1.63,1.74,1.6,1.72,1.72,5659000.0,4.119791330480793,1.6915,1.9285000000000003,2.126325,-0.0015333333333331645,-0.004324999999999912,0.12499999999999997,0.5600000000000006,0.01588410304640598,0.6505947768151963,-0.0692976994412383,0.01236259498550542,False
2022-12-05,RIDE,Lordstown Motors Corp,자동차 및 자동차 부품,1.695,1.74,1.54,1.58,1.58,9314900.0,-1.1907458534974769,1.6877000000000002,1.9251666666666665,2.117725,-0.0016666666666669272,-0.0042999999999999705,0.12749999999999997,-1.098039215686274,-0.011845241421490293,0.19767504382979517,-0.03598761155811224,0.01866888851559039,False
2022-12-06,RIDE,Lordstown Motors Corp,자동차 및 자동차 부품,1.58,1.59,1.5,1.53,1.53,3149000.0,-1.7182237189908856,1.6823,1.9217333333333333,2.1095249999999997,-0.0017166666666665886,-0.004100000000000215,0.12392857142857139,-0.4034582132564846,-0.03674825844400572,0.6109262018415984,0.04165605403116331,0.025426769185458466,False
2022-12-07,RIDE,Lordstown Motors Corp,자동차 및 자동차 부품,1.5,1.51,1.41,1.42,1.42,4371100.0,-7.4876775412727525,1.6743000000000001,1.9172666666666665,2.101625,-0.0022333333333334204,-0.003949999999999898,0.12607142857142856,-0.8725212464589244,-0.06312871260686367,-0.7428033658084829,-0.004684228226550172,0.02731962114273864,False
2022-12-08,RIDE,Lordstown Motors Corp,자동차 및 자동차 부품,1.43,1.48,1.38,1.39,1.39,4184900.0,-9.138623412132041,1.6617000000000002,1.9126666666666665,2.094375,-0.0022999999999999687,-0.0036249999999999893,0.12535714285714286,-0.23931623931623952,-0.05677607084976704,-0.7702772923057977,-0.047568547021683394,0.01305866769311133,False
2022-12-09,RIDE,Lordstown Motors Corp,자동차 및 자동차 부품,1.38,1.45,1.36,1.37,1.37,2639300.0,-8.790392316985118,1.6514999999999997,1.9090666666666665,2.0855249999999996,-0.0018000000000000238,-0.004425000000000123,0.1239285714285714,-0.16138328530259205,-0.052611019968085336,0.3612773433353932,0.011202209875681426,0.01968191591827525,False
2022-12-12,RIDE,Lordstown Motors Corp,자동차 및 자동차 부품,1.37,1.412,1.34,1.38,1.38,3195800.0,-8.002308928232061,1.6425,1.9063666666666665,2.076375,-0.0013499999999999623,-0.004574999999999774,0.11835714285714281,0.08449004224501935,0.0005937943701708094,-0.8930296516322448,-0.02006489904389695,0.00999697926887176,False
2022-12-13,RIDE,Lordstown Motors Corp,자동차 및 자동차 부품,1.42,1.47,1.32,1.35,1.35,4304700.0,-9.463803978458941,1.6357,1.9042333333333332,2.070275,-0.0010666666666666602,-0.003049999999999997,0.12192857142857139,-0.24604569420034997,0.010427089397922907,-0.720113761488038,0.011122963981539795,0.009165921794748354,False
2022-12-14,RIDE,Lordstown Motors Corp,자동차 및 자동차 부품,1.34,1.35,1.28,1.3,1.3,4944300.0,-11.051149706454277,1.6269,1.9028333333333334,2.0633250000000003,-0.0006999999999999229,-0.003474999999999895,0.12121428571428569,-0.4124926340601065,-0.023060815047014276,-0.039033033578556475,0.02936807811945935,0.010086105942359919,False
2022-12-15,RIDE,Lordstown Motors Corp,자동차 및 자동차 부품,1.28,1.315,1.24,1.27,1.27,4929100.0,-9.857512703350856,1.6186,1.8964999999999999,2.056925,-0.003166666666666762,-0.0032000000000000917,0.12371428571428568,-0.24249422632794485,-0.03622382705529189,1.131332131113411,0.11302648709749599,0.00012266076281585824,False
2022-12-16,RIDE,Lordstown Motors Corp,자동차 및 자동차 부품,1.29,1.34,1.28,1.3,1.3,5171100.0,-5.9368733763945585,1.6086,1.8888333333333334,2.051975,-0.0038333333333332442,-0.002475000000000005,0.12478571428571426,0.24041213508872378,-0.014741186864225408,0.8405724476241687,0.10766041683460112,0.00558584588947341,False
2022-12-19,RIDE,Lordstown Motors Corp,자동차 및 자동차 부품,1.31,1.32,1.17,1.18,1.18,4160000.0,-12.942897485058868,1.5989999999999998,1.8815666666666668,2.0469749999999998,-0.0036333333333332662,-0.0025000000000001688,0.12692857142857142,-0.9454136184580764,-0.1465982164199192,-0.47277866371933314,0.0022077072347682753,0.0056413044753100385,False
2022-12-20,RIDE,Lordstown Motors Corp,자동차 및 자동차 부품,1.16,1.19,1.15,1.19,1.19,4252700.0,-11.761148764556573,1.5912,1.8735666666666668,2.042425,-0.0040000000000000036,-0.002274999999999805,0.11192857142857142,0.08934269304403328,-0.2658996555974921,0.029659331806694368,0.012423808500663925,0.007746515414441917,False
2022-12-21,RIDE,Lordstown Motors Corp,자동차 및 자동차 부품,1.2,1.2,1.12,1.16,1.16,3685500.0,-14.84626406747248,1.5818,1.865633333333333,2.037375,-0.003966666666666896,-0.0025250000000001105,0.10335714285714284,-0.2902557014512788,-0.28122680029574953,-1.1298005290370225,-0.0675570729430874,-0.00808686066816048,False
2022-12-22,RIDE,Lordstown Motors Corp,자동차 및 자동차 부품,1.14,1.16,1.1,1.12,1.12,5159300.0,-16.10258679768214,1.5697999999999999,1.857433333333333,2.031225,-0.0040999999999999925,-0.003074999999999939,0.09764285714285713,-0.4096561814191642,-0.3504879561114041,0.3691177484040073,-0.08766257497245802,-0.006971392478170948,False
2022-12-23,RIDE,Lordstown Motors Corp,자동차 및 자동차 부품,1.11,1.15,1.1,1.14,1.14,3116700.0,-14.689301149983114,1.5567999999999997,1.8508333333333333,2.0252250000000003,-0.0032999999999998586,-0.0029999999999998916,0.0869285714285714,0.2300739523418219,-0.255622729823683,-0.09393095002603316,-0.10849157453358863,-0.002968986521286363,False
2022-12-27,RIDE,Lordstown Motors Corp,자동차 및 자동차 부품,1.12,1.12,1.023,1.05,1.05,4247400.0,-20.431824664440946,1.5452000000000001,1.8439666666666665,2.0197249999999998,-0.0034333333333333993,-0.0027500000000002522,0.08885714285714283,-1.012861736334404,-0.29915155290067724,-0.7757971418478697,-0.2075432419399792,-0.0029851829462108448,False
2022-12-28,RIDE,Lordstown Motors Corp,자동차 및 자동차 부품,1.03,1.05,1.01,1.05,1.05,3408900.0,-18.472647290655942,1.5318,1.8388333333333333,2.014725,-0.002566666666666606,-0.0024999999999999467,0.0831428571428571,0.0,-0.23682860672503978,0.676805448577651,-0.10614261234096964,0.00492623118074014,False
2022-12-29,RIDE,Lordstown Motors Corp,자동차 및 자동차 부품,1.05,1.15,1.04,1.11,1.11,7275400.0,-13.792811684183315,1.5190000000000001,1.8338999999999999,2.009325,-0.002466666666666728,-0.0026999999999999247,0.08385714285714281,0.7155025553662702,-0.16862726424771765,-0.22166187897756628,-0.06695579710323883,0.005194828888143305,False
2022-12-30,RIDE,Lordstown Motors Corp,자동차 및 자동차 부품,1.09,1.2,1.08,1.14,1.14,4850900.0,-9.783141668169392,1.5076000000000003,1.8289666666666664,2.0030249999999996,-0.002466666666666728,-0.003150000000000208,0.08599999999999995,0.3488372093023235,-0.13218294320450938,0.48688824555840293,-0.05798358980159527,0.012842089213982314,False
2023-01-03,RIDE,Lordstown Motors Corp,자동차 및 자동차 부품,1.14,1.21,1.082,1.13,1.13,3545100.0,-8.449804099861568,1.496,1.823233333333333,1.995175,-0.002866666666666684,-0.003924999999999845,0.08999999999999996,-0.11111111111111127,-0.14615445415851872,0.09979455607132845,0.01293242503437424,0.017712598010985993,False
2023-01-04,RIDE,Lordstown Motors Corp,자동차 및 자동차 부품,1.13,1.17,1.08,1.15,1.15,4700300.0,-6.121118952812621,1.4844,1.8171,1.986925,-0.003066666666666551,-0.004124999999999934,0.08571428571428566,0.2333333333333337,-0.11191309504896989,-0.1842345895071585,0.0512095087472942,0.012971048368858158,False
2023-01-05,RIDE,Lordstown Motors Corp,자동차 및 자동차 부품,1.11,1.11,1.04,1.04,1.04,3578900.0,-12.516949733620397,1.472,1.8114999999999997,1.978325,-0.0028000000000001357,-0.0043000000000000815,0.08857142857142851,-1.2419354838709673,-0.17115901289260282,-0.5657769087385891,0.0135849462358633,0.011136462882064263,False
2023-01-06,RIDE,Lordstown Motors Corp,자동차 및 자동차 부품,1.05,1.05,0.87,0.89,0.89,23414300.0,-25.219878334751165,1.4551999999999998,1.8040333333333334,1.968125,-0.003733333333333144,-0.005099999999999993,0.09607142857142852,-1.5613382899628263,-0.2653621602950943,-2.8976422691767914,-0.27419893949915114,-0.00621240563120757,False
2023-01-09,RIDE,Lordstown Motors Corp,자동차 및 자동차 부품,0.9,0.989,0.9,0.938,0.938,18013200.0,-19.68453339708419,1.43876,1.7980866666666668,1.958015,-0.0029733333333332723,-0.005054999999999921,0.09814285714285709,0.489082969432314,-0.24759995784198074,0.5354101822024797,-0.29599624417212894,-0.00269144342648608,False
2023-01-10,RIDE,Lordstown Motors Corp,자동차 및 자동차 부품,0.94,1.05,0.916,1.04,1.04,7497500.0,-10.329975191796937,1.4255600000000002,1.7929533333333332,1.947165,-0.002566666666666828,-0.005425000000000013,0.09699999999999993,1.051546391752579,-0.10495995711264824,0.6249299579799064,-0.21758848547932613,0.0029526410618117096,False
2023-01-11,RIDE,Lordstown Motors Corp,자동차 및 자동차 부품,1.04,1.09,1.03,1.08,1.08,3771900.0,-6.902408032382212,1.41256,1.7878866666666666,1.936965,-0.0025333333333332764,-0.005099999999999993,0.09842857142857135,0.4063860667634259,-0.08231400184697733,-0.37743776699409015,-0.24666684967938216,0.0023502486725530598,False
2023-01-12,RIDE,Lordstown Motors Corp,자동차 및 자동차 부품,1.11,1.11,1.01,1.1,1.1,4380900.0,-4.526176204547894,1.3983599999999998,1.7825533333333332,1.926915,-0.002666666666666706,-0.005025000000000057,0.0998571428571428,0.20028612303290444,-0.0472753000981071,-0.012657897583768979,-0.1668709474327212,-0.0031778400385017885,False
2023-01-13,RIDE,Lordstown Motors Corp,자동차 및 자동차 부품,1.07,1.15,1.03,1.15,1.15,4951000.0,0.07031904562768698,1.3845600000000002,1.7783533333333337,1.915165,-0.0020999999999997687,-0.005874999999999964,0.10414285714285709,0.48010973936899715,0.016279408529618716,0.21280699763278105,-0.1780360010592373,-0.0053553380560587786,False
2023-01-17,RIDE,Lordstown Motors Corp,자동차 및 자동차 부품,1.13,1.19,1.1,1.18,1.18,2559300.0,3.4356041742859444,1.3721599999999998,1.774686666666667,1.9035650000000002,-0.0018333333333333535,-0.005799999999999916,0.10699999999999996,0.2803738317757013,0.0198722570606101,0.41971524612946276,-0.1413469870481305,-0.009814597057946624,False
2023-01-18,RIDE,Lordstown Motors Corp,자동차 및 자동차 부품,1.18,1.24,1.14,1.14,1.14,3733700.0,2.355824533001716,1.3579599999999998,1.7714200000000002,1.892215,-0.0016333333333333755,-0.005675000000000097,0.10578571428571425,-0.3781228899392307,0.06521074608883676,0.621358249775077,-0.04155017336077715,-0.012979762282363572,False
2023-01-19,RIDE,Lordstown Motors Corp,자동차 및 자동차 부품,1.12,1.2,1.1,1.17,1.17,3014900.0,6.0263114590846545,1.3427600000000002,1.7683533333333337,1.882015,-0.0015333333333332755,-0.005099999999999993,0.11007142857142851,0.2725502920181704,0.08467862409013464,0.7693051550049116,-0.034943051473115674,-0.008894366904258504,False
2023-01-20,RIDE,Lordstown Motors Corp,자동차 및 자동차 부품,1.2,1.3,1.16,1.3,1.3,5098000.0,15.296746490002588,1.3317599999999998,1.7660199999999997,1.8700649999999999,-0.0011666666666669823,-0.005975000000000064,0.11221428571428568,1.1584977721196703,0.11632113957252035,-0.062262180365082465,-0.023557358715081116,-0.006200585644213744,False
2023-01-23,RIDE,Lordstown Motors Corp,자동차 및 자동차 부품,1.29,1.32,1.23,1.3,1.3,5298300.0,13.457082182294045,1.3227599999999997,1.76442,1.859665,-0.0007999999999998009,-0.005199999999999982,0.11007142857142856,0.0,0.09140419605092583,-0.7642570873383083,-0.11292488249341763,-0.015332345921436768,False
2023-01-24,RIDE,Lordstown Motors Corp,자동차 및 자동차 부품,1.3,1.31,1.21,1.24,1.24,2540900.0,8.000572468622424,1.3149600000000001,1.7616866666666666,1.8500900000000002,-0.0013666666666667382,-0.0047874999999998336,0.10807142857142857,-0.5551883674818247,0.0596843920244463,-0.5060353411477263,-0.156198446580493,-0.022672679114483698,False
2023-01-25,RIDE,Lordstown Motors Corp,자동차 및 자동차 부품,1.2,1.27,1.17,1.22,1.22,2536800.0,6.143038029412118,1.3051599999999999,1.7588866666666665,1.840615,-0.0014000000000000679,-0.004737500000000172,0.10878571428571429,-0.1838476690741958,0.02988574899533705,-0.17150098202422417,-0.15528890318885483,-0.017260481452169126,False
2023-01-26,RIDE,Lordstown Motors Corp,자동차 및 자동차 부품,1.25,1.27,1.17,1.2,1.2,4376000.0,2.882846346700396,1.29216,1.7557533333333333,1.832115,-0.0015666666666666051,-0.004249999999999976,0.1080714285714286,-0.1850627891606082,0.10537665576036269,-0.9348746125031924,-0.18165302488632648,-0.025235420763959775,False
2023-01-27,RIDE,Lordstown Motors Corp,자동차 및 자동차 부품,1.2,1.35,1.18,1.29,1.29,7904600.0,9.572967317384485,1.28356,1.7516866666666666,1.824315,-0.0020333333333333314,-0.0039000000000000146,0.10735714285714289,0.8383233532934137,0.2767810588500942,0.6548255274307415,0.07209467487135444,-0.029122040160708747,False
2023-01-30,RIDE,Lordstown Motors Corp,자동차 및 자동차 부품,1.29,1.3,1.225,1.23,1.23,2848200.0,5.525026720769777,1.27396,1.7473533333333333,1.8166149999999999,-0.00216666666666665,-0.00385000000000002,0.10564285714285716,-0.5679513184584183,0.20127860971504183,0.39469331450552303,0.062043470035857536,-0.017562686434470842,False
2023-01-31,RIDE,Lordstown Motors Corp,자동차 및 자동차 부품,1.23,1.32,1.224,1.31,1.31,4006600.0,10.3020769178902,1.26776,1.7441533333333332,1.809615,-0.0016000000000000458,-0.0034999999999999476,0.10292857142857147,0.7772380291464265,0.1816851552431738,-0.27250962625169084,-0.002059357409256549,-0.015970128400939518,False
2023-02-01,RIDE,Lordstown Motors Corp,자동차 및 자동차 부품,1.3,1.35,1.24,1.32,1.32,3364100.0,9.52523092971893,1.26296,1.7411533333333333,1.803665,-0.0014999999999999458,-0.00297499999999995,0.10650000000000004,0.09389671361502352,0.15936448716114507,-0.6116315302394683,-0.018787483355354986,-0.02446856099231716,False
2023-02-02,RIDE,Lordstown Motors Corp,자동차 및 자동차 부품,1.34,1.49,1.34,1.44,1.44,4695500.0,16.831851608151773,1.26136,1.7392199999999998,1.798715,-0.0009666666666667822,-0.002475000000000005,0.11150000000000003,1.076233183856501,0.22193213436283052,0.09231180628282876,-0.011289647364883717,-0.022218384841985895,False
2023-02-03,RIDE,Lordstown Motors Corp,자동차 및 자동차 부품,1.39,1.55,1.38,1.47,1.47,4615800.0,18.85568113553573,1.2627599999999999,1.7384866666666667,1.793865,-0.00036666666666651526,-0.0024250000000000105,0.11507142857142862,0.2607076350093111,0.2062605554799958,0.961781560682577,0.042208535710101705,-0.011404716030228306,False
2023-02-06,RIDE,Lordstown Motors Corp,자동차 및 자동차 부품,1.47,1.47,1.4,1.42,1.42,3396500.0,13.307047810749161,1.2645600000000001,1.7372866666666664,1.789315,-0.000600000000000156,-0.002275000000000027,0.1136428571428572,-0.4399748585795099,0.15480707759748075,-0.0342950811189523,0.009779226620929202,-0.009676957077728244,False
2023-02-07,RIDE,Lordstown Motors Corp,자동차 및 자동차 부품,1.43,1.43,1.31,1.38,1.38,2974400.0,7.12725851083662,1.2653599999999998,1.73502,1.785065,-0.0011333333333332085,-0.0021250000000000435,0.11507142857142862,-0.34761018001241484,0.15698655687796756,-1.1922724265660967,-0.11976582168915463,-0.022421631291480195,False
2023-02-08,RIDE,Lordstown Motors Corp,자동차 및 자동차 부품,1.36,1.43,1.32,1.33,1.33,2337500.0,3.4392888845141023,1.26536,1.7326200000000003,1.780215,-0.0011999999999998678,-0.0024249999999998995,0.11578571428571434,-0.4318322023442302,0.10667352156636753,0.29712895698017067,-0.15349269297663612,-0.018091250754032295,False
2023-02-09,RIDE,Lordstown Motors Corp,자동차 및 자동차 부품,1.38,1.38,1.255,1.27,1.27,2789500.0,-0.9671786443153696,1.26436,1.7290866666666667,1.774565,-0.0017666666666668052,-0.0028250000000000774,0.11471428571428575,-0.5230386052303864,-0.013436219672922236,0.044071189082208306,-0.14589745230182966,-0.01788029348927677,False
2023-02-10,RIDE,Lordstown Motors Corp,자동차 및 자동차 부품,1.26,1.29,1.23,1.26,1.26,1711100.0,-2.4569143460664633,1.26096,1.7252200000000002,1.769615,-0.0019333333333332314,-0.002475000000000005,0.11257142857142861,-0.08883248730964471,-0.01978139733789686,-0.23410102644659744,-0.108029162238136,-0.021430342003176412,False
2023-02-13,RIDE,Lordstown Motors Corp,자동차 및 자동차 부품,1.23,1.3,1.22,1.26,1.26,1585100.0,-3.8196119684304586,1.25296,1.7220866666666665,1.764965,-0.0015666666666668272,-0.0023250000000000215,0.11114285714285718,0.0,0.019874914625090615,-0.7468822255874922,-0.1252325111266907,-0.025719632363712587,False
2023-02-14,RIDE,Lordstown Motors Corp,자동차 및 자동차 부품,1.26,1.31,1.23,1.27,1.27,1468700.0,-3.2030695682494836,1.2453599999999998,1.7183533333333336,1.760015,-0.001866666666666461,-0.002474999999999894,0.10971428571428575,0.09114583333333338,0.03951730765419985,0.10977047042435811,-0.10514169309464912,-0.032410252676223585,False
2023-02-15,RIDE,Lordstown Motors Corp,자동차 및 자동차 부품,1.25,1.39,1.241,1.38,1.38,2284500.0,4.19104186450292,1.2385599999999999,1.7150866666666664,1.756015,-0.0016333333333335975,-0.0020000000000000018,0.11321428571428573,0.9716088328075698,0.12213670922335541,0.7865905331205296,0.017820103021331024,-0.030450138717407173,False
2023-02-16,RIDE,Lordstown Motors Corp,자동차 및 자동차 부품,1.37,1.37,1.28,1.3,1.3,2338200.0,-0.7522044520780646,1.2329599999999998,1.71082,1.752115,-0.0021333333333332094,-0.0019500000000000073,0.10821428571428571,-0.7392739273927379,0.009451189174344597,0.17002176464809626,-0.01680873717742935,-0.033429770208386306,False
2023-02-17,RIDE,Lordstown Motors Corp,자동차 및 자동차 부품,1.3,1.31,1.26,1.3,1.3,1454700.0,-0.3438632834140809,1.22836,1.70622,1.7483899999999999,-0.0022999999999999687,-0.0018625000000001002,0.10642857142857143,0.0,0.050019140492803045,0.18258191538610277,-0.03195955140024508,-0.02745146859037955,False
2023-02-21,RIDE,Lordstown Motors Corp,자동차 및 자동차 부품,1.3,1.32,1.2,1.21,1.21,3268100.0,-5.038864078441218,1.22416,1.7007533333333333,1.74399,-0.0027333333333333654,-0.0021999999999999797,0.10814285714285714,-0.8322324966974909,-0.06494303992461962,0.4501337767777488,0.01965783453042918,-0.02920634496861893,False
2023-02-22,RIDE,Lordstown Motors Corp,자동차 및 자동차 부품,1.22,1.25,1.18,1.23,1.23,1990600.0,-3.309503678515424,1.22096,1.6952866666666666,1.7397399999999998,-0.0027333333333333654,-0.0021250000000000435,0.10528571428571429,0.18995929443690654,-0.05808142700877084,0.29719188024936666,0.08457379242248882,-0.01828992143603129,False
2023-02-23,RIDE,Lordstown Motors Corp,자동차 및 자동차 부품,1.101,1.16,1.05,1.09,1.09,5665100.0,-14.337740652601239,1.21536,1.6875533333333335,1.7356399999999998,-0.003866666666666574,-0.0020499999999999963,0.106,-1.3207547169811311,-0.2292948484971731,-1.6910863494203634,-0.042811790127739204,-0.03632126108690902,False
2023-02-24,RIDE,Lordstown Motors Corp,자동차 및 자동차 부품,1.07,1.07,1.02,1.06,1.06,2241500.0,-15.427755272451115,1.20896,1.6796200000000001,1.732015,-0.003966666666666674,-0.0018124999999998836,0.09885714285714285,-0.3034682080924858,-0.2695931230044443,0.4234113336505076,-0.08126680634431559,-0.029881550622526204,False
2023-02-27,RIDE,Lordstown Motors Corp,자동차 및 자동차 부품,1.09,1.11,1.06,1.08,1.08,2345000.0,-13.469675459519681,1.2035600000000002,1.67282,1.7290649999999999,-0.0034000000000000696,-0.001475000000000115,0.09742857142857142,0.20527859237536678,-0.22350359079338172,-0.0032063000437334566,-0.07904617912465708,-0.02677014415551261,False
2023-02-28,RIDE,Lordstown Motors Corp,자동차 및 자동차 부품,1.08,1.085,1.02,1.04,1.04,6290700.0,-15.827435978162253,1.19836,1.6660866666666665,1.726715,-0.00336666666666674,-0.001174999999999926,0.0935,-0.4278074866310164,-0.22923196983756752,-0.20498116921459528,-0.00852537502812128,-0.02530049722904074,False
2023-03-01,RIDE,Lordstown Motors Corp,자동차 및 자동차 부품,1.03,1.048,0.96,0.989,0.989,5216800.0,-18.64638437336088,1.19274,1.6597466666666667,1.7205599999999999,-0.003169999999999895,-0.0030775000000000663,0.09192857142857144,-0.5547785547785552,-0.23801385215430507,-0.19984049558903844,-0.044023193068779075,-0.026172183931695445,False
2023-03-02,RIDE,Lordstown Motors Corp,자동차 및 자동차 부품,0.99,1.09,0.961,1.06,1.06,4296300.0,-12.693020790085441,1.18794,1.6530133333333332,1.7136099999999999,-0.00336666666666674,-0.003475000000000006,0.09221428571428573,0.7699457784663057,-0.1456578247473985,0.18419762561320574,-0.03401416188799354,-0.021163533199400945,False
2023-03-03,RIDE,Lordstown Motors Corp,자동차 및 자동차 부품,1.06,1.14,1.06,1.12,1.12,3430500.0,-8.198394980964775,1.18674,1.6457466666666667,1.70786,-0.0036333333333332662,-0.002874999999999961,0.09364285714285714,0.6407322654462249,-0.09354605669340778,-0.5602239029150173,-0.057308653064309246,-0.026785107299577463,False
2023-03-06,RIDE,Lordstown Motors Corp,자동차 및 자동차 부품,1.1,1.13,1.01,1.02,1.02,4741800.0,-14.994709583304244,1.18334,1.6376133333333334,1.70101,-0.004066666666666663,-0.0034250000000000114,0.0965,-1.0362694300518143,-0.16756530169710881,-1.0892302618987595,-0.08176208422939976,-0.03021288906443446,False
2023-03-07,RIDE,Lordstown Motors Corp,자동차 및 자동차 부품,1.01,1.03,0.965,0.98,0.98,3779000.0,-15.639996024004654,1.17974,1.6290133333333334,1.6941599999999999,-0.0042999999999999705,-0.0034250000000000114,0.09542857142857142,-0.419161676646707,-0.20401583812425456,0.7550386711420705,-0.035671498463848886,-0.027602324080395306,False
2023-03-08,RIDE,Lordstown Motors Corp,자동차 및 자동차 부품,0.98,0.997,0.9,0.909,0.909,6827700.0,-20.44679158045173,1.17552,1.6178733333333333,1.6869549999999998,-0.005570000000000075,-0.003602500000000064,0.09171428571428572,-0.7741433021806848,-0.3287124191948442,-0.882850609778321,-0.15491729438519536,-0.04827532670458531,False
2023-03-09,RIDE,Lordstown Motors Corp,자동차 및 자동차 부품,0.92,0.92,0.842,0.843,0.843,8798000.0,-23.392303951121217,1.16958,1.60396,1.68052,-0.006956666666666611,-0.0032174999999998732,0.09014285714285716,-0.7321711568938198,-0.3282050784449214,0.5949942354106088,-0.12456211790215874,-0.051104491408358786,False
2023-03-10,RIDE,Lordstown Motors Corp,자동차 및 자동차 부품,0.87,0.875,0.811,0.835,0.835,4400100.0,-21.68089362500606,1.16528,1.5896599999999999,1.6742949999999999,-0.007150000000000101,-0.0031125000000000735,0.09114285714285716,-0.08777429467084645,-0.3344746709214105,0.8777128489124308,-0.07490990836456388,-0.04696778804711244,False
2023-03-13,RIDE,Lordstown Motors Corp,자동차 및 자동차 부품,0.83,0.84,0.763,0.777,0.777,5989400.0,-25.575156396211472,1.15982,1.5780399999999999,1.66908,-0.005809999999999982,-0.002607499999999985,0.08807142857142858,-0.6585563665855629,-0.3220692330562728,-0.5607948651706662,-0.14711909707516496,-0.03969052105279042,False
2023-03-14,RIDE,Lordstown Motors Corp,자동차 및 자동차 부품,0.793,0.824,0.772,0.788,0.788,4720100.0,-24.298283500895014,1.1533799999999998,1.56596,1.6637699999999997,-0.006039999999999934,-0.002655000000000074,0.08678571428571427,0.12674897119341577,-0.32658425614509357,-0.8886175347930763,-0.23181976957819658,-0.04814445107493441,False
2023-03-15,RIDE,Lordstown Motors Corp,자동차 및 자동차 부품,0.79,0.7799,0.7188,0.7188,0.7188,3417649.0,-28.278341459830834,1.1449559999999999,1.5550186666666668,1.6579639999999998,-0.005470666666666624,-0.002902999999999989,0.07887142857142858,-0.8773772867234201,-0.2949144396981142,0.025398224546458348,-0.10921372858056648,-0.04403285684885744,False
