Date,up,down,sum,ma150_changes
2018-03-12,0,0,0,
2018-03-13,633,1243,-610,
2018-03-14,624,1236,-612,
2018-03-15,636,1215,-579,
2018-03-16,1293,570,723,
2018-03-19,352,1540,-1188,
2018-03-20,872,1008,-136,
2018-03-21,1045,834,211,
2018-03-22,254,1651,-1397,
2018-03-23,281,1623,-1342,
2018-03-26,1615,291,1324,
2018-03-27,497,1402,-905,
2018-03-28,971,906,65,
2018-03-29,1560,342,1218,
2018-04-02,261,1647,-1386,
2018-04-03,1545,349,1196,
2018-04-04,1407,475,932,
2018-04-05,1448,431,1017,
2018-04-06,319,1581,-1262,
2018-04-09,901,949,-48,
2018-04-10,1528,367,1161,
2018-04-11,879,981,-102,
2018-04-12,1061,820,241,
2018-04-13,741,1127,-386,
2018-04-16,1442,445,997,
2018-04-17,1417,460,957,
2018-04-18,1081,796,285,
2018-04-19,574,1290,-716,
2018-04-20,495,1370,-875,
2018-04-23,898,970,-72,
2018-04-24,683,1186,-503,
2018-04-25,885,1001,-116,
2018-04-26,1281,617,664,
2018-04-27,1094,795,299,
2018-04-30,576,1313,-737,
2018-05-01,998,878,120,
2018-05-02,834,1031,-197,
2018-05-03,796,1093,-297,
2018-05-04,1461,442,1019,
2018-05-07,1188,690,498,
2018-05-08,995,896,99,
2018-05-09,1234,656,578,
2018-05-10,1382,498,884,
2018-05-11,994,879,115,
2018-05-14,781,1106,-325,
2018-05-15,723,1173,-450,
2018-05-16,1260,627,633,
2018-05-17,1039,841,198,
2018-05-18,900,972,-72,
2018-05-21,1420,479,941,
2018-05-22,696,1196,-500,
2018-05-23,959,913,46,
2018-05-24,868,1014,-146,
2018-05-25,831,1044,-213,
2018-05-29,730,1169,-439,
2018-05-30,1610,293,1317,
2018-05-31,547,1348,-801,
2018-06-01,1336,559,777,
2018-06-04,1255,635,620,
2018-06-05,1072,816,256,
2018-06-06,1264,624,640,
2018-06-07,971,917,54,
2018-06-08,1111,774,337,
2018-06-11,1033,853,180,
2018-06-12,945,942,3,
2018-06-13,581,1309,-728,
2018-06-14,1032,869,163,
2018-06-15,831,1059,-228,
2018-06-18,1018,866,152,
2018-06-19,789,1084,-295,
2018-06-20,1175,712,463,
2018-06-21,572,1328,-756,
2018-06-22,1244,659,585,
2018-06-25,409,1515,-1106,
2018-06-26,1161,737,424,
2018-06-27,444,1456,-1012,
2018-06-28,1083,814,269,
2018-06-29,1088,802,286,
2018-07-02,977,930,47,
2018-07-03,1155,723,432,
2018-07-05,1429,485,944,
2018-07-06,1418,471,947,
2018-07-09,1266,638,628,
2018-07-10,975,913,62,
2018-07-11,496,1397,-901,
2018-07-12,1170,724,446,
2018-07-13,971,917,54,
2018-07-16,655,1229,-574,
2018-07-17,1185,701,484,
2018-07-18,1069,829,240,
2018-07-19,1110,793,317,
2018-07-20,800,1084,-284,
2018-07-23,841,1039,-198,
2018-07-24,906,992,-86,
2018-07-25,1206,695,511,
2018-07-26,1140,742,398,
2018-07-27,551,1355,-804,
2018-07-30,837,1052,-215,
2018-07-31,1382,530,852,
2018-08-01,752,1148,-396,
2018-08-02,1116,777,339,
2018-08-03,1149,766,383,
2018-08-06,1173,726,447,
2018-08-07,1059,836,223,
2018-08-08,832,1038,-206,
2018-08-09,937,944,-7,
2018-08-10,562,1341,-779,
2018-08-13,591,1323,-732,
2018-08-14,1412,494,918,
2018-08-15,516,1397,-881,
2018-08-16,1465,441,1024,
2018-08-17,1353,536,817,
2018-08-20,1312,585,727,
2018-08-21,1246,658,588,
2018-08-22,909,965,-56,
2018-08-23,564,1336,-772,
2018-08-24,1320,554,766,
2018-08-27,1203,689,514,
2018-08-28,826,1058,-232,
2018-08-29,1152,716,436,
2018-08-30,546,1335,-789,
2018-08-31,1008,873,135,
2018-09-04,670,1242,-572,
2018-09-05,922,977,-55,
2018-09-06,794,1109,-315,
2018-09-07,650,1244,-594,
2018-09-10,1139,746,393,
2018-09-11,976,928,48,
2018-09-12,1071,818,253,
2018-09-13,1049,847,202,
2018-09-14,982,913,69,
2018-09-17,726,1181,-455,
2018-09-18,1061,845,216,
2018-09-19,906,1010,-104,
2018-09-20,1424,495,929,
2018-09-21,885,1005,-120,
2018-09-24,517,1403,-886,
2018-09-25,898,999,-101,
2018-09-26,612,1295,-683,
2018-09-27,966,937,29,
2018-09-28,1095,815,280,
2018-10-01,814,1109,-295,
2018-10-02,782,1131,-349,
2018-10-03,1039,889,150,
2018-10-04,387,1562,-1175,
2018-10-05,585,1364,-779,
2018-10-08,977,942,35,
2018-10-09,789,1128,-339,
2018-10-10,168,1788,-1620,
2018-10-11,292,1660,-1368,6.473333333333334
2018-10-12,1105,826,279,8.333333333333334
2018-10-15,1199,735,464,15.493333333333334
2018-10-16,1762,191,1571,30.046666666666667
2018-10-17,663,1258,-595,29.94
2018-10-18,319,1612,-1293,16.5
2018-10-19,859,1056,-197,23.106666666666666
2018-10-22,728,1214,-486,20.773333333333333
2018-10-23,592,1357,-765,14.266666666666667
2018-10-24,365,1584,-1219,15.453333333333333
2018-10-25,1468,470,998,31.053333333333335
2018-10-26,486,1458,-972,15.746666666666666
2018-10-29,788,1148,-360,19.38
2018-10-30,1465,480,985,25.513333333333332
2018-10-31,1145,797,348,19.713333333333335
2018-11-01,1553,404,1149,36.61333333333334
2018-11-02,895,1038,-143,27.686666666666667
2018-11-05,1238,710,528,24.993333333333332
2018-11-06,1273,670,603,22.233333333333334
2018-11-07,1603,358,1245,38.946666666666665
2018-11-08,891,1057,-166,38.16
2018-11-09,550,1394,-844,24.793333333333333
2018-11-12,443,1497,-1054,18.446666666666665
2018-11-13,923,1019,-96,16.2
2018-11-14,682,1264,-582,14.893333333333333
2018-11-15,1240,698,542,11.86
2018-11-16,1060,881,179,6.673333333333333
2018-11-19,520,1430,-910,-1.2933333333333332
2018-11-20,283,1684,-1401,-5.86
2018-11-21,1417,527,890,5.906666666666666
2018-11-23,868,1051,-183,5.166666666666667
2018-11-26,1383,559,824,14.013333333333334
2018-11-27,740,1216,-476,11.613333333333333
2018-11-28,1699,251,1448,16.84
2018-11-29,893,1048,-155,13.813333333333333
2018-11-30,1148,793,355,21.093333333333334
2018-12-03,1513,448,1065,27.393333333333334
2018-12-04,265,1713,-1448,19.053333333333335
2018-12-06,792,1173,-381,18.493333333333332
2018-12-07,481,1463,-982,5.153333333333333
2018-12-10,610,1347,-737,-3.08
2018-12-11,802,1140,-338,-5.993333333333333
2018-12-12,1328,630,698,-5.193333333333333
2018-12-13,630,1312,-682,-15.633333333333333
2018-12-14,331,1613,-1282,-24.946666666666665
2018-12-17,236,1737,-1501,-32.78666666666667
2018-12-18,955,1012,-57,-30.166666666666668
2018-12-19,409,1558,-1149,-42.04666666666667
2018-12-20,353,1613,-1260,-51.766666666666666
2018-12-21,357,1616,-1259,-59.68
2018-12-24,380,1566,-1186,-73.86
2018-12-26,1804,170,1634,-59.63333333333333
2018-12-27,1163,778,385,-57.373333333333335
2018-12-28,1086,864,222,-54.92
2018-12-31,1414,555,859,-47.77333333333333
2019-01-02,1288,680,608,-40.79333333333334
2019-01-03,667,1283,-616,-53.68
2019-01-04,1814,158,1656,-37.3
2019-01-07,1598,382,1216,-34.373333333333335
2019-01-08,1611,358,1253,-30.153333333333332
2019-01-09,1431,517,914,-25.766666666666666
2019-01-10,1243,704,539,-26.44
2019-01-11,1060,887,173,-25.64666666666667
2019-01-14,635,1317,-682,-32.44
2019-01-15,1267,684,583,-29.753333333333334
2019-01-16,1307,629,678,-25.253333333333334
2019-01-17,1433,505,928,-14.213333333333333
2019-01-18,1486,473,1013,-8.546666666666667
2019-01-22,392,1565,-1173,-14.846666666666666
2019-01-23,968,971,-3,-15.88
2019-01-24,1273,667,606,-9.873333333333333
2019-01-25,1526,416,1110,-5.56
2019-01-28,827,1118,-291,-2.46
2019-01-29,1133,793,340,-4.093333333333334
2019-01-30,1548,423,1125,10.78
2019-01-31,1399,567,832,13.5
2019-02-01,1105,838,267,22.026666666666667
2019-02-04,1335,597,738,25.153333333333332
2019-02-05,1246,688,558,26.966666666666665
2019-02-06,799,1135,-336,24.413333333333334
2019-02-07,612,1337,-725,16.7
2019-02-08,893,1050,-157,9.36
2019-02-11,1261,678,583,6.933333333333334
2019-02-12,1481,470,1011,9.486666666666666
2019-02-13,1205,740,465,12.173333333333334
2019-02-14,950,991,-41,17.906666666666666
2019-02-15,1565,383,1182,22.813333333333333
2019-02-19,1248,698,550,26.12
2019-02-20,1204,732,472,33.093333333333334
2019-02-21,774,1160,-386,27.293333333333333
2019-02-22,1487,468,1019,32.486666666666665
2019-02-25,916,1030,-114,29.613333333333333
2019-02-26,742,1189,-447,28.526666666666667
2019-02-27,996,934,62,30.26
2019-02-28,797,1137,-340,28.566666666666666
2019-03-01,1210,732,478,28.346666666666668
2019-03-04,794,1140,-346,23.386666666666667
2019-03-05,803,1119,-316,26.64
2019-03-06,391,1566,-1175,20.24
2019-03-07,569,1388,-819,9.1
2019-03-08,820,1104,-284,9.846666666666666
2019-03-11,1681,289,1392,16.866666666666667
2019-03-12,1115,814,301,16.32
2019-03-13,1362,583,779,18.533333333333335
2019-03-14,783,1156,-373,14.56
2019-03-15,1128,802,326,18.106666666666666
2019-03-18,1350,597,753,23.173333333333332
2019-03-19,767,1167,-400,25.7
2019-03-20,781,1155,-374,28.086666666666666
2019-03-21,1435,512,923,28.12
2019-03-22,282,1692,-1410,24.593333333333334
2019-03-25,1051,868,183,18.986666666666668
2019-03-26,1471,461,1010,20.273333333333333
2019-03-27,887,1054,-167,14.313333333333333
2019-03-28,1317,634,683,14.946666666666667
2019-03-29,1199,738,461,18.393333333333334
2019-04-01,1527,434,1093,30.826666666666668
2019-04-02,825,1128,-303,23.7
2019-04-03,1140,780,360,22.673333333333332
2019-04-04,1260,677,583,28.106666666666666
2019-04-05,1421,514,907,31.246666666666666
2019-04-08,1085,860,225,38.00666666666667
2019-04-09,445,1515,-1070,29.973333333333333
2019-04-10,1486,463,1023,40.60666666666667
2019-04-11,1065,872,193,42.26
2019-04-12,1261,688,573,48.18
2019-04-15,854,1089,-235,50.57333333333333
2019-04-16,1060,897,163,49.04
2019-04-17,781,1155,-374,46.22666666666667
2019-04-18,988,952,36,44.78
2019-04-22,756,1215,-459,40.373333333333335
2019-04-23,1521,443,1078,47.1
2019-04-24,968,978,-10,50.06666666666667
2019-04-25,690,1266,-576,44.78666666666667
2019-04-26,1433,517,916,51.586666666666666
2019-04-29,1150,812,338,47.64666666666667
2019-04-30,1062,891,171,49.586666666666666
2019-05-01,645,1315,-670,51.026666666666664
2019-05-02,931,1018,-87,51.12
2019-05-03,1627,330,1297,64.32
2019-05-06,760,1161,-401,61.45333333333333
2019-05-07,285,1677,-1392,50.306666666666665
2019-05-08,838,1100,-262,50.526666666666664
2019-05-09,823,1132,-309,50.79333333333334
2019-05-10,1276,694,582,53.67333333333333
2019-05-13,263,1722,-1459,51.78
2019-05-14,1459,505,954,63.333333333333336
2019-05-15,1248,706,542,66.71333333333334
2019-05-16,1343,620,723,73.79333333333334
2019-05-17,453,1500,-1047,77.61333333333333
2019-05-20,683,1258,-575,82.9
2019-05-21,1578,375,1203,89.06
2019-05-22,590,1365,-775,80.8
2019-05-23,366,1598,-1232,62.11333333333334
2019-05-24,1337,615,722,70.89333333333333
2019-05-28,561,1400,-839,73.92
2019-05-29,547,1425,-878,69.38
2019-05-30,970,997,-27,72.44
2019-05-31,517,1459,-942,71.26
2019-06-03,1360,625,735,84.28666666666666
2019-06-04,1645,344,1301,86.30666666666667
2019-06-05,1021,952,69,93.24666666666667
2019-06-06,1147,807,340,97.91333333333333
2019-06-07,1453,521,932,97.56
2019-06-10,1214,755,459,98.3
2019-06-11,1071,895,176,91.81333333333333
2019-06-12,930,1036,-106,92.06
2019-06-13,1382,585,797,93.85333333333334
2019-06-14,695,1255,-560,86.1
2019-06-17,1001,966,35,78.03333333333333
2019-06-18,1441,548,893,85.09333333333333
2019-06-19,1206,750,456,93.76
2019-06-20,1430,548,882,106.66666666666667
2019-06-21,701,1274,-573,103.48666666666666
2019-06-24,761,1213,-452,104.35333333333334
2019-06-25,610,1350,-740,95.80666666666667
2019-06-26,1071,910,161,95.68666666666667
2019-06-27,1501,480,1021,108.56
2019-06-28,1574,411,1163,125.65333333333334
2019-07-01,1166,804,362,122.13333333333334
2019-07-02,1003,975,28,123.54
2019-07-03,1469,490,979,124.57333333333334
2019-07-05,1004,955,49,128.07333333333332
2019-07-08,631,1322,-691,113.81333333333333
2019-07-09,981,976,5,114.88
2019-07-10,1194,774,420,115.31333333333333
2019-07-11,962,989,-27,108.03333333333333
2019-07-12,1281,681,600,121.68666666666667
2019-07-15,889,1068,-179,123.03333333333333
2019-07-16,995,967,28,129.76666666666668
2019-07-17,593,1377,-784,129.45333333333335
2019-07-18,1059,905,154,132.73333333333332
2019-07-19,763,1199,-436,125.17333333333333
2019-07-22,916,1053,-137,128.80666666666667
2019-07-23,1371,597,774,142.51333333333332
2019-07-24,1460,529,931,158.72666666666666
2019-07-25,493,1487,-994,152.48
2019-07-26,1389,580,809,165.53333333333333
2019-07-29,921,1052,-131,173.06
2019-07-30,1215,751,464,184.54666666666665
2019-07-31,625,1365,-740,187.52
2019-08-01,600,1399,-799,171.3
2019-08-02,661,1334,-673,164.24666666666667
2019-08-05,172,1845,-1673,151.61333333333334
2019-08-06,1414,590,824,151.38
2019-08-07,1003,980,23,147.48
2019-08-08,1700,293,1407,160.96666666666667
2019-08-09,503,1472,-969,143.46666666666667
2019-08-12,491,1505,-1014,128.6
2019-08-13,1448,550,898,126.23333333333333
2019-08-14,120,1907,-1787,108.22666666666667
2019-08-15,969,1014,-45,104.33333333333333
2019-08-16,1747,246,1501,113.18666666666667
2019-08-19,1598,405,1193,125.68666666666667
2019-08-20,662,1327,-665,117.36666666666666
2019-08-21,1443,542,901,118.85333333333334
2019-08-22,838,1133,-295,110.7
2019-08-23,203,1798,-1595,93.31333333333333
2019-08-26,1419,577,842,106.74666666666667
2019-08-27,567,1434,-867,100.98666666666666
2019-08-28,1496,494,1002,103.62666666666667
2019-08-29,1663,336,1327,105.07333333333334
2019-08-30,1147,812,335,109.24666666666667
2019-09-03,687,1321,-634,102.75333333333333
2019-09-04,1656,334,1322,104.06666666666666
2019-09-05,1449,555,894,104.48
2019-09-06,1068,901,167,103.81333333333333
2019-09-09,1309,679,630,103.09333333333333
2019-09-10,1264,713,551,103.04666666666667
2019-09-11,1503,484,1019,112.08
2019-09-12,984,1015,-31,116.70666666666666
2019-09-13,1008,993,15,117.85333333333334
2019-09-16,1040,938,102,114.64666666666666
2019-09-17,978,1013,-35,107.67333333333333
2019-09-18,833,1144,-311,102.5
2019-09-19,957,1028,-71,102.3
2019-09-20,946,1031,-85,93.85333333333334
2019-09-23,1032,938,94,90.81333333333333
2019-09-24,566,1427,-861,81.92666666666666
2019-09-25,1327,646,681,89.04
2019-09-26,835,1155,-320,80.11333333333333
2019-09-27,800,1183,-383,78.32
2019-09-30,1188,799,389,83.89333333333333
2019-10-01,375,1625,-1250,75.14666666666666
2019-10-02,383,1604,-1221,69.27333333333333
2019-10-03,1247,726,521,69.56
2019-10-04,1563,421,1142,79.48
2019-10-07,660,1323,-663,77.16666666666667
2019-10-08,406,1594,-1188,77.08
2019-10-09,1358,626,732,87.42
2019-10-10,1267,722,545,92.94666666666667
2019-10-11,1530,485,1045,90.63333333333334
2019-10-14,768,1203,-435,85.72666666666667
2019-10-15,1374,628,746,85.50666666666666
2019-10-16,984,999,-15,87.89333333333333
2019-10-17,1373,619,754,90.74666666666667
2019-10-18,980,993,-13,85.64
2019-10-21,1429,559,870,94.10666666666667
2019-10-22,1127,862,265,98.36666666666666
2019-10-23,1222,759,463,95.3
2019-10-24,858,1109,-251,103.02666666666667
2019-10-25,1150,829,321,103.94666666666667
2019-10-28,1163,834,329,99.40666666666667
2019-10-29,1138,848,290,102.45333333333333
2019-10-30,1040,948,92,98.51333333333334
2019-10-31,728,1274,-546,91.8
2019-11-01,1518,484,1034,91.40666666666667
2019-11-04,1251,738,513,96.84666666666666
2019-11-05,1021,971,50,94.78
2019-11-06,941,1053,-112,90.14666666666666
2019-11-07,1006,983,23,84.25333333333333
2019-11-08,1025,961,64,83.18
2019-11-11,877,1104,-227,88.8
2019-11-12,886,1098,-212,80.56666666666666
2019-11-13,829,1164,-335,77.04666666666667
2019-11-14,1044,950,94,73.85333333333334
2019-11-15,1279,714,565,79.18666666666667
2019-11-18,852,1133,-281,76.22666666666667
2019-11-19,1005,976,29,78.91333333333333
2019-11-20,811,1185,-374,76.18
2019-11-21,728,1262,-534,75.68
2019-11-22,1206,766,440,71.42666666666666
2019-11-25,1524,476,1048,78.48
2019-11-26,1094,896,198,83.64
2019-11-27,1311,668,643,81.82
2019-11-29,634,1351,-717,74.78666666666666
2019-12-02,490,1509,-1019,66.85333333333334
2019-12-03,728,1268,-540,67.72
2019-12-04,1424,581,843,73.92
2019-12-05,1168,819,349,67.6
2019-12-06,1547,466,1081,77.48
2019-12-09,948,1043,-95,86.12666666666667
2019-12-10,944,1049,-105,87.17333333333333
2019-12-11,1211,778,433,92.12
2019-12-12,1301,711,590,92.17333333333333
2019-12-13,874,1113,-239,100.30666666666667
2019-12-16,1407,601,806,99.32
2019-12-17,1227,775,452,98.72
2019-12-18,1208,799,409,96.62666666666667
2019-12-19,1164,832,332,105.82
2019-12-20,1229,780,449,112.64666666666666
2019-12-23,1021,974,47,104.94
2019-12-24,1118,864,254,111.8
2019-12-26,1242,749,493,123.3
2019-12-27,840,1140,-300,116.48666666666666
2019-12-30,772,1236,-464,118.98666666666666
2019-12-31,1313,671,642,129.12
2020-01-02,1129,885,244,130.92666666666668
2020-01-03,822,1185,-363,134.78666666666666
2020-01-06,1046,938,108,130.60666666666665
2020-01-07,855,1159,-304,119.90666666666667
2020-01-08,1168,839,329,121.64
2020-01-09,1122,882,240,120.97333333333333
2020-01-10,866,1143,-277,112.91333333333333
2020-01-13,1461,540,921,115.99333333333334
2020-01-14,1083,923,160,115.88666666666667
2020-01-15,1162,843,319,118.72
2020-01-16,1532,461,1071,120.54666666666667
2020-01-17,968,1031,-63,123.86
2020-01-21,761,1259,-498,120.30666666666667
2020-01-22,998,1011,-13,114.26666666666667
2020-01-23,1024,960,64,111.65333333333334
2020-01-24,501,1517,-1016,99.0
2020-01-27,339,1696,-1357,93.77333333333333
2020-01-28,1494,523,971,103.26
2020-01-29,911,1098,-187,106.94666666666667
2020-01-30,1004,982,22,106.02
2020-01-31,273,1760,-1487,89.3
2020-02-03,1346,666,680,86.08
2020-02-04,1524,503,1021,90.47333333333333
2020-02-05,1635,392,1243,98.57333333333334
2020-02-06,905,1110,-205,90.68
2020-02-07,612,1404,-792,85.07333333333334
2020-02-10,1215,802,413,92.43333333333334
2020-02-11,1438,578,860,98.13333333333334
2020-02-12,1351,668,683,99.88666666666667
2020-02-13,928,1086,-158,99.01333333333334
2020-02-14,1009,1004,5,95.04666666666667
2020-02-18,806,1198,-392,93.62666666666667
2020-02-19,1220,782,438,96.36
2020-02-20,1130,879,251,103.26
2020-02-21,596,1426,-830,96.7
2020-02-24,188,1874,-1686,88.36666666666666
2020-02-25,165,1893,-1728,77.76
2020-02-26,591,1443,-852,66.92
2020-02-27,153,1909,-1756,49.00666666666667
2020-02-28,498,1568,-1070,48.5
2020-03-02,1722,333,1389,52.36666666666667
2020-03-03,543,1503,-960,46.84
2020-03-04,1779,266,1513,53.833333333333336
2020-03-05,187,1870,-1683,47.54666666666667
2020-03-06,396,1662,-1266,44.43333333333333
2020-03-09,45,2030,-1985,35.68666666666667
2020-03-10,1617,431,1186,54.74666666666667
2020-03-11,69,2005,-1936,36.346666666666664
2020-03-12,45,2038,-1993,22.906666666666666
2020-03-13,1835,231,1604,24.22
2020-03-16,86,1994,-1908,17.96
2020-03-17,1369,691,678,29.24
2020-03-18,136,1940,-1804,11.226666666666667
2020-03-19,1544,519,1025,29.973333333333333
2020-03-20,791,1268,-477,27.093333333333334
2020-03-23,489,1576,-1087,9.84
2020-03-24,1930,136,1794,13.846666666666666
2020-03-25,1616,445,1171,26.086666666666666
2020-03-26,1795,264,1531,30.286666666666665
2020-03-27,410,1655,-1245,23.953333333333333
2020-03-30,1267,789,478,37.77333333333333
2020-03-31,876,1168,-292,30.213333333333335
2020-04-01,149,1924,-1775,24.16
2020-04-02,1272,766,506,20.85333333333333
2020-04-03,387,1657,-1270,3.54
2020-04-06,1938,131,1807,13.353333333333333
2020-04-07,1419,635,784,22.80666666666667
2020-04-08,1859,206,1653,25.013333333333332
2020-04-09,1759,305,1454,28.746666666666666
2020-04-13,478,1581,-1103,20.28
2020-04-14,1524,527,997,22.726666666666667
2020-04-15,252,1813,-1561,8.646666666666667
2020-04-16,713,1335,-622,-2.2933333333333334
2020-04-17,1806,247,1559,8.306666666666667
2020-04-20,391,1668,-1277,-0.30666666666666664
2020-04-21,362,1680,-1318,-9.773333333333333
2020-04-22,1455,591,864,-3.78
2020-04-23,1201,849,352,0.64
2020-04-24,1275,765,510,4.513333333333334
2020-04-27,1692,370,1322,13.893333333333333
2020-04-28,1531,522,1009,19.993333333333332
2020-04-29,1840,228,1612,36.48
2020-04-30,392,1653,-1261,23.533333333333335
2020-05-01,248,1818,-1570,15.2
2020-05-04,922,1120,-198,16.433333333333334
2020-05-05,1201,846,355,16.206666666666667
2020-05-06,584,1447,-863,18.786666666666665
2020-05-07,1540,486,1054,33.95333333333333
2020-05-08,1775,279,1496,40.45333333333333
2020-05-11,593,1442,-849,27.18
2020-05-12,389,1662,-1273,23.113333333333333
2020-05-13,205,1861,-1656,19.993333333333332
2020-05-14,1188,868,320,17.246666666666666
2020-05-15,1210,815,395,16.246666666666666
2020-05-18,1885,173,1712,20.69333333333333
2020-05-19,669,1377,-708,18.873333333333335
2020-05-20,1710,344,1366,23.006666666666668
2020-05-21,977,1067,-90,22.506666666666668
2020-05-22,1112,924,188,18.733333333333334
2020-05-26,1781,276,1505,28.85333333333333
2020-05-27,1719,329,1390,32.32
2020-05-28,765,1283,-518,27.1
2020-05-29,894,1166,-272,22.2
2020-06-01,1592,480,1112,31.286666666666665
2020-06-02,1565,489,1076,36.32
2020-06-03,1700,362,1338,43.04666666666667
2020-06-04,1134,922,212,42.526666666666664
2020-06-05,1808,264,1544,52.20666666666666
2020-06-08,1688,380,1308,64.56666666666666
2020-06-09,342,1717,-1375,48.50666666666667
2020-06-10,457,1609,-1152,37.406666666666666
2020-06-11,30,2067,-2037,23.493333333333332
2020-06-12,1773,303,1470,34.04
2020-06-15,1387,660,727,38.733333333333334
2020-06-16,1738,327,1411,47.71333333333333
2020-06-17,519,1535,-1016,42.45333333333333
2020-06-18,831,1205,-374,41.373333333333335
2020-06-19,652,1384,-732,38.72666666666667
2020-06-22,1110,931,179,39.29333333333334
2020-06-23,1145,894,251,37.2
2020-06-24,171,1898,-1727,27.56
2020-06-25,1428,621,807,32.74666666666667
2020-06-26,332,1744,-1412,25.826666666666668
2020-06-29,1679,381,1298,38.04
2020-06-30,1497,575,922,41.25333333333333
2020-07-01,904,1153,-249,32.60666666666667
2020-07-02,1265,784,481,34.49333333333333
2020-07-06,1530,544,986,36.78
2020-07-07,429,1646,-1217,33.446666666666665
2020-07-08,1234,812,422,43.053333333333335
2020-07-09,384,1688,-1304,37.96
2020-07-10,1627,445,1182,40.22
2020-07-13,782,1287,-505,34.526666666666664
2020-07-14,1471,601,870,33.12
2020-07-15,1793,286,1507,43.8
2020-07-16,809,1239,-430,41.63333333333333
2020-07-17,1090,962,128,39.6
2020-07-20,782,1267,-485,32.43333333333333
2020-07-21,1631,441,1190,41.96
2020-07-22,1249,801,448,39.57333333333333
2020-07-23,906,1144,-238,34.973333333333336
2020-07-24,586,1457,-871,26.44
2020-07-27,1290,772,518,27.68
2020-07-28,846,1197,-351,22.346666666666668
2020-07-29,1732,346,1386,31.273333333333333
2020-07-30,614,1457,-843,23.96
2020-07-31,794,1268,-474,17.513333333333332
2020-08-03,1361,716,645,23.813333333333333
2020-08-04,1380,693,687,31.486666666666668
2020-08-05,1519,535,984,33.766666666666666
2020-08-06,1000,1052,-52,31.793333333333333
2020-08-07,1356,713,643,38.5
2020-08-10,1540,545,995,44.413333333333334
2020-08-11,1049,1020,29,46.63333333333333
2020-08-12,1265,811,454,47.46666666666667
2020-08-13,697,1368,-671,41.39333333333333
2020-08-14,1004,1044,-40,42.973333333333336
2020-08-17,1006,1056,-50,36.5
2020-08-18,633,1437,-804,30.073333333333334
2020-08-19,782,1281,-499,24.62
2020-08-20,719,1351,-632,13.266666666666667
2020-08-21,639,1429,-790,8.42
2020-08-24,1559,516,1043,18.69333333333333
2020-08-25,951,1114,-163,17.69333333333333
2020-08-26,739,1334,-595,13.3
2020-08-27,1183,874,309,22.133333333333333
2020-08-28,1528,540,988,37.766666666666666
2020-08-31,538,1545,-1007,24.58
2020-09-01,1357,721,636,30.066666666666666
2020-09-02,1497,573,924,36.08
2020-09-03,360,1731,-1371,36.85333333333333
2020-09-04,862,1218,-356,29.946666666666665
2020-09-08,388,1698,-1310,14.406666666666666
2020-09-09,1536,555,981,12.66
2020-09-10,498,1580,-1082,6.8133333333333335
2020-09-11,1054,1019,35,12.326666666666666
2020-09-14,1667,417,1250,17.906666666666666
2020-09-15,1067,1004,63,12.593333333333334
2020-09-16,1296,771,525,11.54
2020-09-17,777,1297,-520,9.126666666666667
2020-09-18,608,1472,-864,3.3333333333333335
2020-09-21,231,1879,-1648,-5.04
2020-09-22,1143,941,202,-6.613333333333333
2020-09-23,194,1930,-1736,-19.86
2020-09-24,1104,972,132,-13.446666666666667
2020-09-25,1461,607,854,3.486666666666667
2020-09-28,1822,282,1540,25.273333333333333
2020-09-29,656,1424,-768,25.833333333333332
2020-09-30,1216,872,344,39.833333333333336
2020-10-01,1410,687,723,51.78666666666667
2020-10-02,1400,684,716,47.3
2020-10-05,1674,436,1238,61.95333333333333
2020-10-06,738,1356,-618,47.74666666666667
2020-10-07,1628,475,1153,66.65333333333334
2020-10-08,1673,423,1250,83.42666666666666
2020-10-09,1078,1019,59,97.05333333333333
2020-10-12,1334,755,579,93.00666666666666
2020-10-13,554,1551,-997,99.26666666666667
2020-10-14,798,1296,-498,109.23333333333333
2020-10-15,1209,885,324,100.7
2020-10-16,872,1225,-353,111.06666666666666
2020-10-19,469,1637,-1168,98.76
2020-10-20,1505,587,918,116.90666666666667
2020-10-21,792,1311,-519,106.61333333333333
2020-10-22,1453,658,795,115.09333333333333
2020-10-23,1283,806,477,125.52
2020-10-26,214,1926,-1712,102.14666666666666
2020-10-27,553,1546,-993,87.72
2020-10-28,159,1978,-1819,65.38666666666667
2020-10-29,1486,623,863,79.44
2020-10-30,734,1377,-643,71.96666666666667
2020-11-02,1749,375,1374,83.07333333333334
2020-11-03,1830,308,1522,105.05333333333333
2020-11-04,1020,1105,-85,101.11333333333333
2020-11-05,1809,317,1492,119.52666666666667
2020-11-06,844,1269,-425,104.64666666666666
2020-11-09,1655,488,1167,107.2
2020-11-10,1513,603,910,102.24666666666667
2020-11-11,1012,1102,-90,91.95333333333333
2020-11-12,406,1717,-1311,90.56666666666666
2020-11-13,1813,312,1501,93.92666666666666
2020-11-16,1806,335,1471,114.14
2020-11-17,1203,918,285,120.18666666666667
2020-11-18,751,1353,-602,105.78
2020-11-19,1316,790,526,117.8
2020-11-20,921,1185,-264,124.82666666666667
2020-11-23,1675,463,1212,127.14666666666666
2020-11-24,1744,406,1338,133.72
2020-11-25,833,1288,-455,127.28666666666666
2020-11-27,1102,1022,80,119.00666666666666
2020-11-30,526,1615,-1089,105.02
2020-12-01,1570,574,996,100.91333333333333
2020-12-02,1274,862,412,112.06666666666666
2020-12-03,1376,762,614,126.62666666666667
2020-12-04,1755,382,1373,137.1
2020-12-07,792,1335,-543,131.11333333333334
2020-12-08,1363,769,594,140.82666666666665
2020-12-09,1044,1091,-47,133.48666666666668
2020-12-10,1161,977,184,124.74
2020-12-11,789,1345,-556,126.69333333333333
2020-12-14,668,1469,-801,129.84
2020-12-15,1778,364,1414,150.30666666666667
2020-12-16,886,1248,-362,145.76
2020-12-17,1440,700,740,148.06
2020-12-18,821,1336,-515,133.21333333333334
2020-12-21,671,1491,-820,132.46666666666667
2020-12-22,878,1258,-380,120.82666666666667
2020-12-23,1508,639,869,127.22
2020-12-24,1208,919,289,127.89333333333333
2020-12-28,1134,1022,112,118.60666666666667
2020-12-29,680,1464,-784,104.11333333333333
2020-12-30,1480,670,810,112.96666666666667
2020-12-31,1317,832,485,118.01333333333334
2021-01-04,585,1591,-1006,103.89333333333333
2021-01-05,1621,541,1080,103.92
2021-01-06,1617,556,1061,102.07333333333334
2021-01-07,1375,788,587,104.57333333333334
2021-01-08,1005,1129,-124,93.45333333333333
2021-01-11,905,1244,-339,82.47333333333333
2021-01-12,1544,609,935,97.87333333333333
2021-01-13,932,1225,-293,103.6
2021-01-14,1464,696,768,122.3
2021-01-15,616,1551,-935,106.26666666666667
2021-01-19,1327,836,491,104.69333333333333
2021-01-20,1374,782,592,99.23333333333333
2021-01-21,785,1372,-587,102.09333333333333
2021-01-22,1075,1087,-12,104.50666666666666
2021-01-25,887,1278,-391,106.78
2021-01-26,873,1284,-411,102.84666666666666
2021-01-27,394,1789,-1395,91.87333333333333
2021-01-28,1452,722,730,108.25333333333333
2021-01-29,408,1757,-1349,93.88
2021-02-01,1807,383,1424,112.78666666666666
2021-02-02,1674,509,1165,111.9
2021-02-03,1319,849,470,108.88666666666667
2021-02-04,1617,549,1068,117.66666666666667
2021-02-05,1521,658,863,120.21333333333334
2021-02-08,1695,484,1211,121.71333333333334
2021-02-09,1205,974,231,131.36666666666667
2021-02-10,1160,1017,143,129.50666666666666
2021-02-11,1053,1131,-78,137.68
2021-02-12,1291,887,404,132.49333333333334
2021-02-16,1085,1108,-23,135.70666666666668
2021-02-17,856,1321,-465,126.80666666666667
2021-02-18,567,1620,-1053,109.74
2021-02-19,1507,677,830,118.14
2021-02-22,1125,1071,54,117.64666666666666
2021-02-23,947,1229,-282,119.0
2021-02-24,1693,508,1185,118.96666666666667
2021-02-25,259,1953,-1694,104.68666666666667
2021-02-26,792,1401,-609,102.21333333333334
2021-03-01,1896,306,1590,118.62
2021-03-02,916,1281,-365,112.73333333333333
2021-03-03,1058,1142,-84,114.51333333333334
2021-03-04,466,1732,-1266,96.83333333333333
2021-03-05,1734,447,1287,111.03333333333333
2021-03-08,1394,801,593,118.14666666666666
2021-03-09,1282,917,365,116.28
2021-03-10,1716,488,1228,119.88666666666667
2021-03-11,1564,633,931,119.53333333333333
2021-03-12,1343,850,493,123.16666666666667
2021-03-15,1399,806,593,122.83333333333333
2021-03-16,591,1613,-1022,109.38666666666667
2021-03-17,1345,832,513,112.61333333333333
2021-03-18,476,1743,-1267,101.14
2021-03-19,1135,1055,80,106.14666666666666
2021-03-22,867,1334,-467,103.3
2021-03-23,382,1831,-1449,93.97333333333333
2021-03-24,924,1271,-347,97.02
2021-03-25,1613,579,1034,107.24
2021-03-26,1789,432,1357,120.5
2021-03-29,667,1548,-881,119.89333333333333
2021-03-30,1436,779,657,117.32
2021-03-31,1147,1067,80,118.94
2021-04-01,1765,455,1310,131.64
2021-04-05,1380,840,540,133.18
2021-04-06,1294,920,374,129.08666666666667
2021-04-07,867,1338,-471,132.66
2021-04-08,1370,838,532,131.96666666666667
2021-04-09,1241,974,267,127.58666666666667
2021-04-12,1184,1021,163,137.81333333333333
2021-04-13,995,1228,-233,138.63333333333333
2021-04-14,1366,847,519,150.82666666666665
2021-04-15,1452,762,690,148.88666666666666
2021-04-16,1343,882,461,159.17333333333335
2021-04-19,729,1472,-743,153.98666666666668
2021-04-20,554,1667,-1113,138.23333333333332
2021-04-21,1871,370,1501,147.82
2021-04-22,749,1468,-719,139.52666666666667
2021-04-23,1790,439,1351,152.0
2021-04-26,1397,817,580,161.62666666666667
2021-04-27,1165,1042,123,173.43333333333334
2021-04-28,1293,917,376,174.59333333333333
2021-04-29,1271,966,305,188.2
2021-04-30,677,1561,-884,181.42666666666668
2021-05-03,1605,643,962,182.14666666666668
2021-05-04,918,1321,-403,169.19333333333333
2021-05-05,1291,956,335,176.54666666666665
2021-05-06,1351,882,469,177.38
2021-05-07,1721,529,1192,180.50666666666666
2021-05-10,767,1477,-710,171.0
2021-05-11,600,1653,-1053,155.72666666666666
2021-05-12,255,2009,-1754,148.15333333333334
2021-05-13,1586,665,921,146.60666666666665
2021-05-14,1932,322,1610,149.00666666666666
2021-05-17,1230,1006,224,150.10666666666665
2021-05-18,888,1357,-469,143.12
2021-05-19,693,1549,-856,144.06
2021-05-20,1466,778,688,151.96666666666667
2021-05-21,1284,947,337,152.05333333333334
2021-05-24,1554,701,853,160.09333333333333
2021-05-25,686,1555,-869,162.08666666666667
2021-05-26,1701,542,1159,163.69333333333333
2021-05-27,1479,759,720,171.95333333333335
2021-05-28,1276,963,313,168.74
2021-06-01,1694,577,1117,173.00666666666666
2021-06-02,1155,1099,56,184.79333333333332
2021-06-03,915,1336,-421,188.60666666666665
2021-06-04,1437,813,624,204.89333333333335
2021-06-07,1266,981,285,201.04
2021-06-08,1477,771,706,210.03333333333333
2021-06-09,928,1322,-394,198.24666666666667
2021-06-10,1105,1150,-45,187.8
2021-06-11,1512,734,778,193.55333333333334
2021-06-14,825,1430,-605,179.57333333333332
2021-06-15,1103,1151,-48,182.08666666666667
2021-06-16,791,1465,-674,169.81333333333333
2021-06-17,598,1666,-1068,156.62666666666667
2021-06-18,400,1878,-1478,147.37333333333333
2021-06-21,1874,386,1488,166.03333333333333
2021-06-22,1149,1095,54,156.38666666666666
2021-06-23,1143,1086,57,146.96
2021-06-24,1673,591,1082,152.27333333333334
2021-06-25,1280,978,302,158.3
2021-06-28,805,1488,-683,150.24
2021-06-29,944,1318,-374,149.50666666666666
2021-06-30,1307,964,343,143.71333333333334
2021-07-01,1568,687,881,140.66666666666666
2021-07-02,1061,1191,-130,142.83333333333334
2021-07-06,641,1640,-999,135.64
2021-07-07,1066,1199,-133,142.01333333333332
2021-07-08,441,1828,-1387,126.12666666666667
2021-07-09,1958,322,1636,134.28666666666666
2021-07-12,1341,915,426,133.03333333333333
2021-07-13,476,1789,-1313,115.12666666666667
2021-07-14,827,1441,-614,114.65333333333334
2021-07-15,870,1401,-531,107.15333333333334
2021-07-16,577,1703,-1126,99.96
2021-07-19,296,2018,-1722,87.25333333333333
2021-07-20,2027,270,1757,102.67333333333333
2021-07-21,1833,471,1362,117.09333333333333
2021-07-22,649,1622,-973,101.18
2021-07-23,1489,794,695,108.22666666666667
2021-07-26,1418,882,536,106.86666666666666
2021-07-27,814,1475,-661,105.89333333333333
2021-07-28,1555,729,826,116.86666666666666
2021-07-29,1670,618,1052,126.41333333333333
2021-07-30,816,1484,-668,116.16666666666667
2021-08-02,991,1306,-315,112.14
2021-08-03,1492,808,684,115.95333333333333
2021-08-04,613,1685,-1072,114.03333333333333
2021-08-05,1633,654,979,115.16
2021-08-06,1445,853,592,115.87333333333333
2021-08-09,884,1399,-515,119.14666666666666
2021-08-10,1437,848,589,115.87333333333333
2021-08-11,1623,661,962,115.21333333333334
2021-08-12,902,1389,-487,108.05333333333333
2021-08-13,1000,1305,-305,106.84666666666666
2021-08-16,794,1508,-714,104.34666666666666
2021-08-17,584,1718,-1134,90.55333333333333
2021-08-18,578,1694,-1116,85.06666666666666
2021-08-19,601,1711,-1110,72.54666666666667
2021-08-20,1765,528,1237,87.02666666666667
2021-08-23,1687,619,1068,90.87333333333333
2021-08-24,1669,630,1039,93.85333333333334
2021-08-25,1381,902,479,100.96
2021-08-26,515,1788,-1273,92.55333333333333
2021-08-27,1996,314,1682,106.37333333333333
2021-08-30,915,1386,-471,105.97333333333333
2021-08-31,1289,1018,271,117.08
2021-09-01,1374,927,447,115.19333333333333
2021-09-02,1480,806,674,128.68
2021-09-03,840,1447,-607,115.14
2021-09-07,656,1659,-1003,100.68666666666667
2021-09-08,845,1479,-634,93.32666666666667
2021-09-09,1037,1250,-213,84.78666666666666
2021-09-10,691,1602,-911,72.96
2021-09-13,1541,771,770,70.02
2021-09-14,548,1774,-1226,60.306666666666665
2021-09-15,1690,628,1062,66.43333333333334
2021-09-16,882,1428,-546,63.31333333333333
2021-09-17,782,1539,-757,55.57333333333333
2021-09-20,293,2039,-1746,44.086666666666666
2021-09-21,1206,1103,103,47.873333333333335
2021-09-22,1880,449,1431,64.43333333333334
2021-09-23,1692,618,1074,66.06
2021-09-24,987,1325,-338,63.446666666666665
2021-09-27,1484,840,644,69.62
2021-09-28,386,1957,-1571,51.24666666666667
2021-09-29,1247,1078,169,63.666666666666664
2021-09-30,704,1639,-935,61.49333333333333
2021-10-01,1785,549,1236,59.13333333333333
2021-10-04,878,1449,-571,57.76
2021-10-05,1489,839,650,62.653333333333336
2021-10-06,956,1347,-391,68.48666666666666
2021-10-07,1771,555,1216,68.01333333333334
2021-10-08,1004,1301,-297,62.08
2021-10-11,897,1396,-499,56.32
2021-10-12,1345,964,381,50.67333333333333
2021-10-13,1413,895,518,47.92
2021-10-14,1804,519,1285,53.2
2021-10-15,1188,1138,50,49.58
2021-10-18,1139,1179,-40,56.126666666666665
2021-10-19,1389,930,459,55.766666666666666
2021-10-20,1638,677,961,70.62
2021-10-21,1057,1279,-222,68.60666666666667
2021-10-22,1204,1125,79,72.24666666666667
2021-10-25,1453,905,548,85.56
2021-10-26,907,1418,-511,84.46666666666667
2021-10-27,508,1838,-1330,68.70666666666666
2021-10-28,1716,630,1086,66.9
2021-10-29,991,1344,-353,70.42
2021-11-01,1843,521,1322,74.85333333333334
2021-11-02,1040,1316,-276,72.48
2021-11-03,1622,727,895,69.71333333333334
2021-11-04,967,1360,-393,63.49333333333333
2021-11-05,1658,705,953,67.35333333333334
2021-11-08,1337,1012,325,72.66
2021-11-09,1142,1189,-47,68.8
2021-11-10,768,1594,-826,61.513333333333335
2021-11-11,1482,866,616,64.53333333333333
2021-11-12,1250,1110,140,67.02
2021-11-15,1073,1279,-206,62.18666666666667
2021-11-16,1037,1309,-272,55.77333333333333
2021-11-17,665,1697,-1032,45.82
2021-11-18,775,1582,-807,45.39333333333333
2021-11-19,674,1706,-1032,45.93333333333333
2021-11-22,1144,1224,-80,35.39333333333333
2021-11-23,1192,1194,-2,40.17333333333333
2021-11-24,1256,1094,162,32.24666666666667
2021-11-26,271,2106,-1835,16.14666666666667
2021-11-29,1199,1169,30,15.526666666666667
2021-11-30,363,2022,-1659,1.96
2021-12-01,508,1865,-1357,-9.12
2021-12-02,1897,480,1417,6.22
2021-12-03,585,1785,-1200,-8.193333333333333
2021-12-06,1910,476,1434,4.053333333333334
2021-12-07,1981,403,1578,12.34
2021-12-08,1574,798,776,14.386666666666667
2021-12-09,475,1895,-1420,-3.026666666666667
2021-12-10,1184,1194,-10,1.64
2021-12-13,606,1777,-1171,0.8533333333333334
2021-12-14,680,1703,-1023,5.726666666666667
2021-12-15,1641,732,909,5.6466666666666665
2021-12-16,959,1420,-461,-8.16
2021-12-17,1015,1359,-344,-11.946666666666667
2021-12-20,361,2012,-1651,-19.826666666666668
2021-12-21,2070,331,1739,-2.526666666666667
2021-12-22,1794,574,1220,1.02
2021-12-23,1767,611,1156,6.48
2021-12-27,1780,600,1180,8.66
2021-12-28,1110,1257,-147,13.473333333333333
2021-12-29,1306,1065,241,7.3533333333333335
2021-12-30,1184,1192,-8,2.5
2021-12-31,1416,966,450,3.4133333333333336
2022-01-03,1473,941,532,-0.4866666666666667
2022-01-04,1414,990,424,1.9666666666666666
2022-01-05,402,2007,-1605,-5.926666666666667
2022-01-06,1348,1043,305,-8.053333333333333
2022-01-07,1212,1147,65,-9.52
2022-01-10,881,1493,-612,-18.30666666666667
2022-01-11,1783,604,1179,-7.82
2022-01-12,1222,1147,75,-7.02
2022-01-13,1042,1348,-306,-14.246666666666666
2022-01-14,1004,1379,-375,-12.713333333333333
2022-01-18,339,2070,-1731,-23.933333333333334
2022-01-19,639,1773,-1134,-27.0
2022-01-20,488,1900,-1412,-29.293333333333333
2022-01-21,372,2038,-1666,-30.546666666666667
2022-01-24,1241,1183,58,-40.08
2022-01-25,995,1410,-415,-43.20666666666666
2022-01-26,743,1676,-933,-49.806666666666665
2022-01-27,712,1692,-980,-63.553333333333335
2022-01-28,1767,625,1142,-57.95333333333333
2022-01-31,2056,349,1707,-42.02
2022-02-01,1807,615,1192,-31.58
2022-02-02,1159,1236,-77,-34.38
2022-02-03,377,2036,-1659,-51.31333333333333
2022-02-04,1182,1201,-19,-50.57333333333333
2022-02-07,1352,1035,317,-41.8
2022-02-08,1648,754,894,-34.95333333333333
2022-02-09,1830,559,1271,-17.233333333333334
2022-02-10,537,1878,-1341,-37.08
2022-02-11,722,1677,-955,-46.28666666666667
2022-02-14,658,1764,-1106,-44.906666666666666
2022-02-15,1920,490,1430,-31.28
2022-02-16,1529,867,662,-23.326666666666668
2022-02-17,528,1881,-1353,-24.84
2022-02-18,784,1596,-812,-18.773333333333333
2022-02-22,458,1949,-1491,-40.42666666666667
2022-02-23,548,1842,-1294,-58.13333333333333
2022-02-24,1488,933,555,-47.946666666666665
2022-02-25,2044,354,1690,-41.31333333333333
2022-02-28,1138,1272,-134,-45.78
2022-03-01,795,1639,-844,-47.0
2022-03-02,1949,473,1476,-42.666666666666664
2022-03-03,980,1404,-424,-52.50666666666667
2022-03-04,766,1629,-863,-53.806666666666665
2022-03-07,480,1953,-1473,-61.526666666666664
2022-03-08,1296,1099,197,-64.77333333333333
2022-03-09,1876,541,1335,-48.72666666666667
2022-03-10,1013,1399,-386,-57.82666666666667
2022-03-11,586,1815,-1229,-69.96666666666667
2022-03-14,671,1753,-1082,-73.74666666666667
2022-03-15,1723,683,1040,-70.74
2022-03-16,1983,439,1544,-66.86
2022-03-17,1923,494,1429,-54.086666666666666
2022-03-18,1585,810,775,-46.88666666666666
2022-03-21,967,1449,-482,-45.34
2022-03-22,1560,838,722,-32.96666666666667
2022-03-23,708,1690,-982,-32.07333333333333
2022-03-24,1643,768,875,-18.84
2022-03-25,1368,1037,331,-24.88
2022-03-28,1076,1322,-246,-33.64
2022-03-29,2022,404,1618,-29.78
2022-03-30,884,1529,-645,-37.27333333333333
2022-03-31,823,1618,-795,-34.086666666666666
2022-04-01,1732,680,1052,-38.28666666666667
2022-04-04,1275,1144,131,-34.27333333333333
2022-04-05,404,2022,-1618,-46.86666666666667
2022-04-06,690,1738,-1048,-56.833333333333336
2022-04-07,1051,1354,-303,-63.346666666666664
2022-04-08,1121,1274,-153,-60.32
2022-04-11,743,1674,-931,-59.84
2022-04-12,1199,1183,16,-55.50666666666667
2022-04-13,1913,517,1396,-44.78
2022-04-14,844,1585,-741,-43.64666666666667
2022-04-18,900,1507,-607,-52.82666666666667
2022-04-19,1819,595,1224,-36.49333333333333
2022-04-20,1613,792,821,-38.1
2022-04-21,368,2048,-1680,-45.66
2022-04-22,245,2180,-1935,-53.513333333333335
2022-04-25,1158,1258,-100,-42.54
2022-04-26,290,2127,-1837,-55.473333333333336
2022-04-27,1171,1221,-50,-65.34666666666666
2022-04-28,1992,427,1565,-62.07333333333333
2022-04-29,275,2163,-1888,-72.40666666666667
2022-05-02,1148,1255,-107,-77.41333333333333
2022-05-03,1653,742,911,-60.86666666666667
2022-05-04,2109,308,1801,-49.986666666666665
2022-05-05,187,2248,-2061,-57.49333333333333
2022-05-06,734,1675,-941,-72.00666666666666
2022-05-09,277,2174,-1897,-80.84666666666666
2022-05-10,985,1428,-443,-88.13333333333334
2022-05-11,660,1765,-1105,-92.89333333333333
2022-05-12,1273,1158,115,-100.23333333333333
2022-05-13,2049,373,1676,-87.08
2022-05-16,1182,1218,-36,-83.99333333333334
2022-05-17,2057,365,1692,-75.25333333333333
2022-05-18,233,2182,-1949,-91.7
2022-05-19,1181,1219,-38,-100.52
2022-05-20,1126,1266,-140,-101.78666666666666
2022-05-23,1803,590,1213,-93.43333333333334
2022-05-24,955,1443,-488,-99.74666666666667
2022-05-25,1913,489,1424,-96.66
2022-05-26,2068,358,1710,-83.78
2022-05-27,2149,281,1868,-71.85333333333334
2022-05-31,709,1708,-999,-82.16666666666667
2022-06-01,952,1475,-523,-82.24666666666667
2022-06-02,1991,429,1562,-62.96666666666667
2022-06-03,534,1880,-1346,-79.18
2022-06-06,1439,951,488,-73.57333333333334
2022-06-07,1767,646,1121,-74.91333333333333
2022-06-08,534,1865,-1331,-81.94666666666667
2022-06-09,287,2142,-1855,-100.28
2022-06-10,304,2115,-1811,-109.73333333333333
2022-06-13,69,2381,-2312,-131.5
2022-06-14,865,1558,-693,-138.28666666666666
2022-06-15,1766,642,1124,-130.48
2022-06-16,146,2304,-2158,-139.36
2022-06-17,1470,942,528,-139.94666666666666
2022-06-21,1806,614,1192,-132.93333333333334
2022-06-22,1058,1358,-300,-133.56
2022-06-23,1441,976,465,-128.64666666666668
2022-06-24,2089,325,1764,-110.00666666666666
2022-06-27,1324,1087,237,-103.04666666666667
2022-06-28,657,1753,-1096,-103.47333333333333
2022-06-29,725,1678,-953,-109.29333333333334
2022-06-30,928,1491,-563,-113.03333333333333
2022-07-01,1862,527,1335,-105.21333333333334
2022-07-05,1075,1345,-270,-94.78
2022-07-06,860,1544,-684,-99.54
2022-07-07,1951,471,1480,-78.61333333333333
2022-07-08,991,1386,-395,-72.2
2022-07-11,595,1806,-1211,-89.72
2022-07-12,1049,1326,-277,-83.56666666666666
2022-07-13,1026,1354,-328,-95.31333333333333
2022-07-14,475,1921,-1446,-115.47333333333333
2022-07-15,2081,308,1773,-108.82666666666667
2022-07-18,1254,1144,110,-98.62666666666667
2022-07-19,2180,236,1944,-85.6
2022-07-20,1648,765,883,-71.90666666666667
2022-07-21,1453,929,524,-61.593333333333334
2022-07-22,810,1596,-786,-72.89333333333333
2022-07-25,1515,879,636,-65.58
2022-07-26,887,1497,-610,-67.35333333333334
2022-07-27,2111,310,1801,-44.34
2022-07-28,1883,541,1342,-46.986666666666665
2022-07-29,1734,676,1058,-48.06666666666667
2022-08-01,1241,1171,70,-55.306666666666665
2022-08-02,909,1500,-591,-67.11333333333333
2022-08-03,1695,720,975,-59.63333333333333
2022-08-04,1115,1290,-175,-62.406666666666666
2022-08-05,1250,1147,103,-61.666666666666664
2022-08-08,1711,694,1017,-57.88666666666666
2022-08-09,901,1485,-584,-65.32666666666667
2022-08-10,2118,305,1813,-56.06666666666667
2022-08-11,1515,876,639,-41.10666666666667
2022-08-12,1991,399,1592,-32.526666666666664
2022-08-15,1178,1224,-46,-33.266666666666666
2022-08-16,1308,1084,224,-27.69333333333333
2022-08-17,453,1976,-1523,-45.70666666666666
2022-08-18,1441,934,507,-42.82666666666667
2022-08-19,262,2160,-1898,-53.44
2022-08-22,344,2067,-1723,-62.42666666666667
2022-08-23,1272,1121,151,-49.88
2022-08-24,1543,856,687,-37.74
2022-08-25,1960,450,1510,-18.26
2022-08-26,201,2227,-2026,-20.66
2022-08-29,770,1624,-854,-26.74
2022-08-30,411,1998,-1587,-34.553333333333335
2022-08-31,708,1703,-995,-34.96666666666667
2022-09-01,673,1741,-1068,-35.553333333333335
2022-09-02,911,1478,-567,-46.946666666666665
2022-09-06,768,1646,-878,-64.18
2022-09-07,1981,426,1555,-61.76
2022-09-08,1423,955,468,-58.126666666666665
2022-09-09,2100,343,1757,-35.35333333333333
2022-09-12,1900,506,1394,-25.933333333333334
2022-09-13,154,2295,-2141,-42.32
2022-09-14,1162,1233,-71,-48.75333333333333
2022-09-15,664,1747,-1083,-64.44666666666667
2022-09-16,579,1841,-1262,-63.92
2022-09-19,1547,849,698,-52.9
2022-09-20,308,2116,-1808,-57.58
2022-09-21,491,1926,-1435,-76.68
2022-09-22,391,2050,-1659,-92.15333333333334
2022-09-23,238,2215,-1977,-96.31333333333333
2022-09-26,336,2104,-1768,-102.68666666666667
2022-09-27,1152,1268,-116,-93.52
2022-09-28,2250,202,2048,-71.24
2022-09-29,306,2141,-1835,-87.17333333333333
2022-09-30,928,1463,-535,-102.00666666666666
2022-10-03,2180,265,1915,-88.34666666666666
2022-10-04,2292,146,2146,-68.41333333333333
2022-10-05,712,1701,-989,-84.84666666666666
2022-10-06,706,1694,-988,-88.60666666666667
2022-10-07,297,2136,-1839,-95.11333333333333
2022-10-10,810,1594,-784,-90.52
2022-10-11,1108,1309,-201,-93.17333333333333
2022-10-12,948,1456,-508,-105.46
2022-10-13,1880,559,1321,-94.08
2022-10-14,288,2134,-1846,-98.19333333333333
2022-10-17,2151,282,1869,-78.52
2022-10-18,1899,519,1380,-76.25333333333333
2022-10-19,540,1891,-1351,-95.55333333333333
2022-10-20,770,1639,-869,-110.87333333333333
2022-10-21,1933,499,1434,-106.48
2022-10-24,1429,971,458,-100.21333333333334
2022-10-25,2131,306,1825,-92.86
2022-10-26,1465,959,506,-82.94
2022-10-27,1346,1048,298,-86.78666666666666
2022-10-28,1930,488,1442,-79.38
2022-10-31,1103,1298,-195,-79.04
2022-11-01,1548,890,658,-85.44
2022-11-02,373,2060,-1687,-92.38666666666667
2022-11-03,1026,1403,-377,-89.6
2022-11-04,1867,569,1298,-87.96
2022-11-07,1542,870,672,-84.35333333333334
2022-11-08,1388,1021,367,-71.12
2022-11-09,347,2093,-1746,-75.77333333333333
2022-11-10,2251,215,2036,-60.18
2022-11-11,1579,836,743,-54.20666666666666
2022-11-14,657,1787,-1130,-55.53333333333333
2022-11-15,1862,571,1291,-47.03333333333333
2022-11-16,714,1720,-1006,-63.04666666666667
2022-11-17,858,1549,-691,-62.71333333333333
2022-11-18,1497,921,576,-54.82666666666667
2022-11-21,1085,1326,-241,-64.59333333333333
2022-11-22,1931,509,1422,-60.586666666666666
2022-11-23,1432,969,463,-46.3
2022-11-25,1548,832,716,-28.626666666666665
2022-11-28,415,2028,-1613,-38.71333333333333
2022-11-29,1538,889,649,-22.14
2022-11-30,2169,271,1898,-9.153333333333334
2022-12-01,1228,1197,31,-19.38
2022-12-02,1287,1125,162,-5.713333333333333
2022-12-05,295,2148,-1853,-17.35333333333333
2022-12-06,666,1752,-1086,-30.666666666666668
2022-12-07,1088,1327,-239,-44.266666666666666
2022-12-08,1422,985,437,-27.613333333333333
2022-12-09,675,1745,-1070,-28.473333333333333
2022-12-12,1702,725,977,-9.313333333333333
2022-12-13,1674,740,934,-0.13333333333333333
2022-12-14,883,1517,-634,3.006666666666667
2022-12-15,375,2068,-1693,-9.046666666666667
2022-12-16,596,1803,-1207,-28.266666666666666
2022-12-19,625,1812,-1187,-35.94
2022-12-20,1362,1061,301,-45.21333333333333
2022-12-21,1972,469,1503,-22.2
2022-12-22,528,1908,-1380,-31.14666666666667
2022-12-23,1749,678,1071,-23.073333333333334
2022-12-27,1144,1306,-162,-32.24
2022-12-28,468,1990,-1522,-39.13333333333333
2022-12-29,2161,291,1870,-36.16
2022-12-30,1028,1386,-358,-49.946666666666665
2023-01-03,1393,1058,335,-60.166666666666664
2023-01-04,1975,482,1493,-43.553333333333335
2023-01-05,838,1613,-775,-45.233333333333334
2023-01-06,2168,289,1879,-43.12
2023-01-09,1485,952,533,-30.593333333333334
2023-01-10,1791,635,1156,-26.14
2023-01-11,1932,508,1424,-24.12
2023-01-12,1848,598,1250,-6.913333333333333
2023-01-13,1433,989,444,8.413333333333334
2023-01-17,1192,1247,-55,20.12
2023-01-18,634,1803,-1169,27.74
2023-01-19,877,1544,-667,27.913333333333334
2023-01-20,2052,409,1643,31.373333333333335
2023-01-23,1740,675,1065,52.86
2023-01-24,1126,1291,-165,48.24
2023-01-25,1315,1091,224,41.78666666666667
2023-01-26,1694,727,967,50.233333333333334
2023-01-27,1416,1003,413,49.88666666666666
2023-01-30,610,1809,-1199,30.133333333333333
2023-01-31,2184,275,1909,41.28
2023-02-01,1788,641,1147,56.233333333333334
2023-02-02,1707,744,963,69.00666666666666
2023-02-03,679,1770,-1091,65.48666666666666
2023-02-06,566,1883,-1317,47.806666666666665
2023-02-07,1665,778,887,55.52
2023-02-08,637,1780,-1143,52.46
2023-02-09,554,1880,-1326,33.75333333333333
2023-02-10,1335,1095,240,37.986666666666665
2023-02-13,1865,573,1292,54.67333333333333
2023-02-14,1061,1346,-285,54.62
2023-02-15,1488,957,531,60.346666666666664
2023-02-16,597,1839,-1242,61.70666666666666
2023-02-17,1035,1373,-338,47.63333333333333
2023-02-21,255,2215,-1960,33.833333333333336
2023-02-22,1223,1202,21,21.013333333333332
2023-02-23,1586,840,746,20.1
2023-02-24,646,1785,-1139,9.013333333333334
2023-02-27,1419,1003,416,17.026666666666667
2023-02-28,1061,1340,-279,10.926666666666666
2023-03-01,1137,1279,-142,14.046666666666667
2023-03-02,1429,1011,418,4.826666666666667
2023-03-03,2031,409,1622,6.693333333333333
2023-03-06,742,1690,-948,-6.68
2023-03-07,461,1974,-1513,-17.233333333333334
2023-03-08,1293,1125,168,-12.173333333333334
2023-03-09,310,2154,-1844,-30.966666666666665
2023-03-10,308,2140,-1832,-42.013333333333335
