Date,up,down,sum,ma150_changes
2018-03-19,0,0,0,
2018-03-20,290,192,98,
2018-03-21,212,275,-63,
2018-03-22,41,447,-406,
2018-03-23,32,456,-424,
2018-03-26,473,15,458,
2018-03-27,97,389,-292,
2018-03-28,204,283,-79,
2018-03-29,429,58,371,
2018-04-02,13,473,-460,
2018-04-03,445,41,404,
2018-04-04,425,62,363,
2018-04-05,375,111,264,
2018-04-06,13,476,-463,
2018-04-09,293,192,101,
2018-04-10,415,74,341,
2018-04-11,129,354,-225,
2018-04-12,345,142,203,
2018-04-13,190,294,-104,
2018-04-16,434,53,381,
2018-04-17,403,84,319,
2018-04-18,286,201,85,
2018-04-19,136,350,-214,
2018-04-20,90,397,-307,
2018-04-23,272,213,59,
2018-04-24,119,369,-250,
2018-04-25,283,200,83,
2018-04-26,355,131,224,
2018-04-27,298,190,108,
2018-04-30,83,403,-320,
2018-05-01,261,225,36,
2018-05-02,134,351,-217,
2018-05-03,225,259,-34,
2018-05-04,432,56,376,
2018-05-07,288,199,89,
2018-05-08,248,235,13,
2018-05-09,369,120,249,
2018-05-10,416,72,344,
2018-05-11,291,197,94,
2018-05-14,215,268,-53,
2018-05-15,141,342,-201,
2018-05-16,313,173,140,
2018-05-17,254,229,25,
2018-05-18,230,254,-24,
2018-05-21,385,104,281,
2018-05-22,168,315,-147,
2018-05-23,276,212,64,
2018-05-24,223,260,-37,
2018-05-25,225,262,-37,
2018-05-29,111,376,-265,
2018-05-30,448,41,407,
2018-05-31,86,399,-313,
2018-06-01,387,98,289,
2018-06-04,354,134,220,
2018-06-05,251,234,17,
2018-06-06,373,115,258,
2018-06-07,259,228,31,
2018-06-08,350,134,216,
2018-06-11,263,221,42,
2018-06-12,310,172,138,
2018-06-13,138,346,-208,
2018-06-14,300,185,115,
2018-06-15,261,227,34,
2018-06-18,223,261,-38,
2018-06-19,168,314,-146,
2018-06-20,278,209,69,
2018-06-21,142,346,-204,
2018-06-22,296,192,104,
2018-06-25,103,386,-283,
2018-06-26,233,252,-19,
2018-06-27,94,395,-301,
2018-06-28,350,139,211,
2018-06-29,274,214,60,
2018-07-02,282,206,76,
2018-07-03,214,273,-59,
2018-07-05,406,83,323,
2018-07-06,423,63,360,
2018-07-09,378,110,268,
2018-07-10,304,183,121,
2018-07-11,136,349,-213,
2018-07-12,354,133,221,
2018-07-13,283,198,85,
2018-07-16,139,345,-206,
2018-07-17,347,140,207,
2018-07-18,268,219,49,
2018-07-19,246,238,8,
2018-07-20,178,305,-127,
2018-07-23,254,231,23,
2018-07-24,231,254,-23,
2018-07-25,379,109,270,
2018-07-26,313,174,139,
2018-07-27,137,351,-214,
2018-07-30,164,322,-158,
2018-07-31,369,120,249,
2018-08-01,170,316,-146,
2018-08-02,318,169,149,
2018-08-03,338,148,190,
2018-08-06,324,163,161,
2018-08-07,318,168,150,
2018-08-08,210,274,-64,
2018-08-09,217,272,-55,
2018-08-10,110,376,-266,
2018-08-13,143,342,-199,
2018-08-14,402,85,317,
2018-08-15,166,323,-157,
2018-08-16,413,75,338,
2018-08-17,372,108,264,
2018-08-20,323,162,161,
2018-08-21,303,185,118,
2018-08-22,191,295,-104,
2018-08-23,181,306,-125,
2018-08-24,389,97,292,
2018-08-27,347,136,211,
2018-08-28,240,245,-5,
2018-08-29,321,162,159,
2018-08-30,96,390,-294,
2018-08-31,277,208,69,
2018-09-04,233,253,-20,
2018-09-05,262,223,39,
2018-09-06,256,230,26,
2018-09-07,179,308,-129,
2018-09-10,329,160,169,
2018-09-11,266,223,43,
2018-09-12,271,216,55,
2018-09-13,361,127,234,
2018-09-14,281,207,74,
2018-09-17,188,299,-111,
2018-09-18,337,150,187,
2018-09-19,239,249,-10,
2018-09-20,399,89,310,
2018-09-21,265,220,45,
2018-09-24,123,365,-242,
2018-09-25,192,294,-102,
2018-09-26,137,350,-213,
2018-09-27,249,240,9,
2018-09-28,293,191,102,
2018-10-01,241,249,-8,
2018-10-02,240,244,-4,
2018-10-03,241,246,-5,
2018-10-04,151,337,-186,
2018-10-05,159,329,-170,
2018-10-08,273,213,60,
2018-10-09,191,295,-104,
2018-10-10,13,476,-463,
2018-10-11,36,452,-416,
2018-10-12,364,120,244,
2018-10-15,226,261,-35,
2018-10-16,467,21,446,
2018-10-17,210,274,-64,
2018-10-18,92,394,-302,24.48
2018-10-19,226,263,-37,24.233333333333334
2018-10-22,164,323,-159,22.52
2018-10-23,148,340,-192,21.66
2018-10-24,88,401,-313,22.28
2018-10-25,388,101,287,27.02
2018-10-26,82,405,-323,21.813333333333333
2018-10-29,248,240,8,23.813333333333333
2018-10-30,430,59,371,26.813333333333333
2018-10-31,318,170,148,25.326666666666668
2018-11-01,370,118,252,30.073333333333334
2018-11-02,183,302,-119,26.586666666666666
2018-11-05,353,132,221,25.64
2018-11-06,376,111,265,25.64666666666667
2018-11-07,449,40,409,31.46
2018-11-08,259,227,32,31.0
2018-11-09,145,342,-197,27.413333333333334
2018-11-12,83,405,-322,26.766666666666666
2018-11-13,251,234,17,25.526666666666667
2018-11-14,159,327,-168,25.1
2018-11-15,373,117,256,24.266666666666666
2018-11-16,322,162,160,23.206666666666667
2018-11-19,135,350,-215,21.206666666666667
2018-11-20,79,409,-330,20.433333333333334
2018-11-21,329,158,171,23.62
2018-11-23,213,275,-62,22.813333333333333
2018-11-26,419,69,350,26.813333333333333
2018-11-27,251,237,14,26.35333333333333
2018-11-28,436,53,383,27.413333333333334
2018-11-29,195,291,-96,26.053333333333335
2018-11-30,347,139,208,29.573333333333334
2018-12-03,368,121,247,30.98
2018-12-04,34,455,-421,29.62
2018-12-06,211,275,-64,29.42
2018-12-07,47,442,-395,24.28
2018-12-10,234,252,-18,23.566666666666666
2018-12-11,231,257,-26,23.30666666666667
2018-12-12,354,135,219,23.106666666666666
2018-12-13,187,301,-114,20.053333333333335
2018-12-14,58,430,-372,16.946666666666665
2018-12-17,35,455,-420,14.5
2018-12-18,247,238,9,15.9
2018-12-19,59,431,-372,12.486666666666666
2018-12-20,64,425,-361,9.913333333333334
2018-12-21,48,440,-392,7.46
2018-12-24,9,480,-471,2.4466666666666668
2018-12-26,488,3,485,6.66
2018-12-27,406,79,327,8.413333333333334
2018-12-28,173,313,-140,7.726666666666667
2018-12-31,417,72,345,10.273333333333333
2019-01-02,211,274,-63,11.62
2019-01-03,82,408,-326,6.733333333333333
2019-01-04,476,13,463,11.906666666666666
2019-01-07,376,114,262,11.726666666666667
2019-01-08,397,93,304,12.286666666666667
2019-01-09,337,150,187,13.42
2019-01-10,379,108,271,13.506666666666666
2019-01-11,269,215,54,13.66
2019-01-14,147,341,-194,10.926666666666666
2019-01-15,372,117,255,12.346666666666666
2019-01-16,294,193,101,12.1
2019-01-17,415,76,339,15.746666666666666
2019-01-18,445,46,399,17.64
2019-01-22,80,409,-329,15.22
2019-01-23,254,236,18,15.593333333333334
2019-01-24,315,175,140,17.5
2019-01-25,390,100,290,18.973333333333333
2019-01-28,177,311,-134,19.44
2019-01-29,265,223,42,19.026666666666667
2019-01-30,401,89,312,22.993333333333332
2019-01-31,339,149,190,24.386666666666667
2019-02-01,283,204,79,26.92
2019-02-04,356,130,226,27.02
2019-02-05,336,147,189,27.88
2019-02-06,212,275,-63,26.953333333333333
2019-02-07,175,314,-139,26.42
2019-02-08,280,209,71,24.74
2019-02-11,313,173,140,23.273333333333333
2019-02-12,404,86,318,23.606666666666666
2019-02-13,327,163,164,23.893333333333334
2019-02-14,193,293,-100,24.64666666666667
2019-02-15,429,61,368,25.626666666666665
2019-02-19,279,207,72,25.54
2019-02-20,311,174,137,27.826666666666668
2019-02-21,192,295,-103,25.76
2019-02-22,381,107,274,27.26
2019-02-25,231,255,-24,27.046666666666667
2019-02-26,181,302,-121,27.086666666666666
2019-02-27,264,217,47,27.246666666666666
2019-02-28,234,253,-19,27.273333333333333
2019-03-01,351,137,214,26.9
2019-03-04,159,328,-169,24.846666666666668
2019-03-05,175,314,-139,25.346666666666668
2019-03-06,96,391,-295,24.433333333333334
2019-03-07,103,386,-283,20.886666666666667
2019-03-08,205,283,-78,21.34
2019-03-11,457,32,425,23.18
2019-03-12,328,156,172,23.06
2019-03-13,401,89,312,24.066666666666666
2019-03-14,231,255,-24,22.906666666666666
2019-03-15,326,160,166,24.44
2019-03-18,313,177,136,25.713333333333335
2019-03-19,198,293,-95,26.85333333333333
2019-03-20,154,336,-182,26.966666666666665
2019-03-21,445,49,396,27.493333333333332
2019-03-22,72,421,-349,26.213333333333335
2019-03-25,254,232,22,24.106666666666666
2019-03-26,413,78,335,24.58
2019-03-27,154,336,-182,22.293333333333333
2019-03-28,364,125,239,23.1
2019-03-29,389,100,289,25.72
2019-04-01,378,112,266,28.326666666666668
2019-04-02,233,258,-25,26.213333333333335
2019-04-03,311,178,133,25.69333333333333
2019-04-04,276,217,59,26.12
2019-04-05,389,102,287,26.973333333333333
2019-04-08,271,221,50,29.266666666666666
2019-04-09,107,385,-278,26.953333333333333
2019-04-10,361,129,232,28.633333333333333
2019-04-11,309,178,131,29.246666666666666
2019-04-12,375,117,258,30.793333333333333
2019-04-15,201,290,-89,31.06
2019-04-16,265,227,38,30.186666666666667
2019-04-17,173,317,-144,28.94
2019-04-18,296,196,100,29.24
2019-04-22,196,296,-100,27.013333333333332
2019-04-23,409,83,326,28.69333333333333
2019-04-24,255,234,21,29.573333333333334
2019-04-25,202,292,-90,27.726666666666667
2019-04-26,373,117,256,29.5
2019-04-29,237,256,-19,27.30666666666667
2019-04-30,319,173,146,27.98
2019-05-01,85,408,-323,27.44
2019-05-02,285,207,78,28.64
2019-05-03,420,72,348,32.38
2019-05-06,143,345,-202,30.973333333333333
2019-05-07,38,455,-417,27.513333333333332
2019-05-08,211,280,-69,27.106666666666666
2019-05-09,215,272,-57,26.753333333333334
2019-05-10,354,137,217,28.233333333333334
2019-05-13,52,441,-389,26.88
2019-05-14,391,101,290,29.946666666666665
2019-05-15,330,160,170,30.68
2019-05-16,397,95,302,33.38666666666666
2019-05-17,127,363,-236,34.9
2019-05-20,167,322,-155,36.64
2019-05-21,431,60,371,37.486666666666665
2019-05-22,197,291,-94,37.093333333333334
2019-05-23,105,388,-283,32.233333333333334
2019-05-24,295,195,100,33.32666666666667
2019-05-28,76,415,-339,33.08
2019-05-29,136,358,-222,31.846666666666668
2019-05-30,299,192,107,33.62
2019-05-31,125,367,-242,33.28666666666667
2019-06-03,343,150,193,36.66
2019-06-04,440,53,387,37.32666666666667
2019-06-05,358,133,225,40.98
2019-06-06,353,139,214,42.35333333333333
2019-06-07,375,117,258,41.6
2019-06-10,320,173,147,41.593333333333334
2019-06-11,219,273,-54,39.553333333333335
2019-06-12,261,234,27,40.526666666666664
2019-06-13,352,138,214,40.48
2019-06-14,209,282,-73,38.22666666666667
2019-06-17,227,266,-39,35.24
2019-06-18,370,124,246,36.666666666666664
2019-06-19,340,153,187,39.22666666666667
2019-06-20,412,81,331,43.58
2019-06-21,185,310,-125,42.63333333333333
2019-06-24,193,301,-108,43.03333333333333
2019-06-25,112,380,-268,39.54
2019-06-26,209,286,-77,37.96
2019-06-27,378,111,267,41.17333333333333
2019-06-28,404,84,320,45.50666666666667
2019-07-01,363,129,234,45.92666666666667
2019-07-02,282,211,71,46.81333333333333
2019-07-03,424,70,354,46.84
2019-07-05,196,290,-94,46.12
2019-07-08,127,365,-238,41.98
2019-07-09,266,224,42,42.9
2019-07-10,275,216,59,41.906666666666666
2019-07-11,293,199,94,40.88666666666666
2019-07-12,357,136,221,45.166666666666664
2019-07-15,259,232,27,45.77333333333333
2019-07-16,199,294,-95,47.77333333333333
2019-07-17,146,347,-201,46.553333333333335
2019-07-18,339,155,184,47.95333333333333
2019-07-19,142,352,-210,45.093333333333334
2019-07-22,254,236,18,45.973333333333336
2019-07-23,372,121,251,50.126666666666665
2019-07-24,340,150,190,54.193333333333335
2019-07-25,154,339,-185,52.9
2019-07-26,357,131,226,56.88666666666666
2019-07-29,214,276,-62,58.88
2019-07-30,248,242,6,61.53333333333333
2019-07-31,87,408,-321,62.53333333333333
2019-08-01,146,349,-203,57.946666666666665
2019-08-02,135,358,-223,54.28
2019-08-05,10,485,-475,52.04666666666667
2019-08-06,415,80,335,51.98
2019-08-07,292,203,89,52.99333333333333
2019-08-08,478,17,461,58.24
2019-08-09,138,347,-209,53.76
2019-08-12,65,428,-363,49.593333333333334
2019-08-13,434,60,374,50.06
2019-08-14,3,492,-489,45.553333333333335
2019-08-15,284,206,78,44.266666666666666
2019-08-16,473,22,451,46.913333333333334
2019-08-19,460,34,426,51.04666666666667
2019-08-20,84,411,-327,47.166666666666664
2019-08-21,425,68,357,48.873333333333335
2019-08-22,226,264,-38,46.36
2019-08-23,9,486,-477,40.52
2019-08-26,435,59,376,45.22
2019-08-27,164,331,-167,43.986666666666665
2019-08-28,398,93,305,45.086666666666666
2019-08-29,453,42,411,45.89333333333333
2019-08-30,297,193,104,47.48
2019-09-03,159,335,-176,46.026666666666664
2019-09-04,438,53,385,46.513333333333335
2019-09-05,384,111,273,47.06666666666667
2019-09-06,292,198,94,47.166666666666664
2019-09-09,266,228,38,45.913333333333334
2019-09-10,286,207,79,45.18
2019-09-11,354,140,214,47.026666666666664
2019-09-12,290,203,87,48.53333333333333
2019-09-13,260,231,29,48.25333333333333
2019-09-16,223,267,-44,47.026666666666664
2019-09-17,297,194,103,45.593333333333334
2019-09-18,240,254,-14,44.406666666666666
2019-09-19,222,269,-47,44.76
2019-09-20,163,327,-164,41.21333333333333
2019-09-23,249,241,8,40.78666666666667
2019-09-24,126,367,-241,38.266666666666666
2019-09-25,346,145,201,40.29333333333334
2019-09-26,222,269,-47,38.153333333333336
2019-09-27,176,316,-140,37.38
2019-09-30,343,146,197,39.5
2019-10-01,56,439,-383,36.63333333333333
2019-10-02,29,464,-435,33.86
2019-10-03,385,109,276,34.27333333333333
2019-10-04,446,49,397,38.04666666666667
2019-10-07,115,377,-262,37.22666666666667
2019-10-08,38,456,-418,36.406666666666666
2019-10-09,433,61,372,40.77333333333333
2019-10-10,383,109,274,43.12
2019-10-11,402,92,310,42.35333333333333
2019-10-14,198,293,-95,40.57333333333333
2019-10-15,387,106,281,40.36666666666667
2019-10-16,217,277,-60,40.126666666666665
2019-10-17,332,160,172,40.166666666666664
2019-10-18,244,246,-2,39.24666666666667
2019-10-21,364,128,236,41.45333333333333
2019-10-22,230,263,-33,42.446666666666665
2019-10-23,310,182,128,40.66
2019-10-24,251,240,11,43.06
2019-10-25,299,193,106,43.62
2019-10-28,304,190,114,42.14666666666667
2019-10-29,272,220,52,43.70666666666666
2019-10-30,274,219,55,42.48
2019-10-31,150,344,-194,39.26
2019-11-01,358,136,222,38.96666666666667
2019-11-04,291,202,89,39.72666666666667
2019-11-05,238,255,-17,38.72666666666667
2019-11-06,269,226,43,38.62
2019-11-07,265,228,37,36.95333333333333
2019-11-08,294,197,97,37.266666666666666
2019-11-11,202,291,-89,38.526666666666664
2019-11-12,253,235,18,37.1
2019-11-13,260,231,29,36.42
2019-11-14,294,199,95,35.333333333333336
2019-11-15,386,107,279,37.78666666666667
2019-11-18,250,233,17,37.64666666666667
2019-11-19,282,211,71,39.08
2019-11-20,185,310,-125,37.58
2019-11-21,181,313,-132,37.36666666666667
2019-11-22,307,183,124,36.02
2019-11-25,380,114,266,37.653333333333336
2019-11-26,312,182,130,39.12
2019-11-27,354,139,215,38.846666666666664
2019-11-29,83,409,-326,36.8
2019-12-02,90,402,-312,33.74666666666667
2019-12-03,142,352,-210,34.5
2019-12-04,381,113,268,35.766666666666666
2019-12-05,294,195,99,34.10666666666667
2019-12-06,403,91,312,37.53333333333333
2019-12-09,195,295,-100,39.64666666666667
2019-12-10,210,282,-72,39.626666666666665
2019-12-11,301,192,109,40.733333333333334
2019-12-12,364,131,233,40.84
2019-12-13,217,277,-60,43.03333333333333
2019-12-16,377,114,263,42.85333333333333
2019-12-17,258,229,29,41.913333333333334
2019-12-18,242,250,-8,39.846666666666664
2019-12-19,331,161,170,42.553333333333335
2019-12-20,378,115,263,45.34
2019-12-23,212,277,-65,42.43333333333333
2019-12-24,258,234,24,43.22
2019-12-26,331,158,173,46.26
2019-12-27,235,251,-16,45.486666666666665
2019-12-30,110,380,-270,45.946666666666665
2019-12-31,378,112,266,49.2
2020-01-02,305,188,117,49.266666666666666
2020-01-03,139,355,-216,49.44
2020-01-06,260,232,28,48.34
2020-01-07,195,297,-102,45.08
2020-01-08,346,148,198,44.9
2020-01-09,369,124,245,45.10666666666667
2020-01-10,189,305,-116,42.61333333333334
2020-01-13,383,111,272,43.446666666666665
2020-01-14,263,230,33,44.026666666666664
2020-01-15,301,191,110,44.58
2020-01-16,433,61,372,45.63333333333333
2020-01-17,308,179,129,46.98
2020-01-21,217,277,-60,46.84
2020-01-22,241,250,-9,45.14
2020-01-23,303,189,114,44.653333333333336
2020-01-24,88,404,-316,40.34
2020-01-27,60,432,-372,38.693333333333335
2020-01-28,407,83,324,41.57333333333333
2020-01-29,195,293,-98,42.70666666666666
2020-01-30,296,195,101,43.89333333333333
2020-01-31,33,462,-429,39.25333333333333
2020-02-03,371,121,250,38.78666666666667
2020-02-04,412,82,330,39.42666666666667
2020-02-05,390,102,288,40.873333333333335
2020-02-06,234,257,-23,38.36
2020-02-07,140,354,-214,37.56
2020-02-10,364,130,234,40.70666666666666
2020-02-11,361,132,229,41.95333333333333
2020-02-12,347,142,205,42.92666666666667
2020-02-13,261,233,28,42.486666666666665
2020-02-14,271,221,50,41.346666666666664
2020-02-18,185,306,-121,40.36
2020-02-19,306,188,118,41.78
2020-02-20,244,246,-2,43.10666666666667
2020-02-21,129,366,-237,40.3
2020-02-24,16,479,-463,38.61333333333334
2020-02-25,10,485,-475,35.32666666666667
2020-02-26,131,364,-233,32.1
2020-02-27,17,478,-461,27.76
2020-02-28,120,374,-254,27.3
2020-03-02,465,30,435,28.69333333333333
2020-03-03,50,445,-395,26.473333333333333
2020-03-04,473,21,452,29.446666666666665
2020-03-05,26,469,-443,28.633333333333333
2020-03-06,82,413,-331,27.78
2020-03-09,10,485,-475,26.1
2020-03-10,468,26,442,32.21333333333333
2020-03-11,11,483,-472,26.833333333333332
2020-03-12,2,493,-491,22.966666666666665
2020-03-13,476,19,457,22.94
2020-03-16,10,485,-475,21.166666666666668
2020-03-17,393,100,293,25.54
2020-03-18,51,444,-393,20.426666666666666
2020-03-19,276,219,57,24.066666666666666
2020-03-20,89,407,-318,21.426666666666666
2020-03-23,107,388,-281,16.546666666666667
2020-03-24,484,12,472,16.85333333333333
2020-03-25,358,139,219,20.493333333333332
2020-03-26,463,34,429,20.973333333333333
2020-03-27,73,422,-349,18.9
2020-03-30,399,97,302,24.093333333333334
2020-03-31,117,377,-260,19.85333333333333
2020-04-01,26,471,-445,18.0
2020-04-02,339,158,181,17.173333333333332
2020-04-03,119,377,-258,12.713333333333333
2020-04-06,485,12,473,15.173333333333334
2020-04-07,294,203,91,16.953333333333333
2020-04-08,472,25,447,17.366666666666667
2020-04-09,376,119,257,17.26
2020-04-13,100,396,-296,14.66
2020-04-14,428,67,361,16.813333333333333
2020-04-15,44,453,-409,13.56
2020-04-16,245,252,-7,12.086666666666666
2020-04-17,464,33,431,14.38
2020-04-20,77,419,-342,11.906666666666666
2020-04-21,25,471,-446,9.226666666666667
2020-04-22,419,75,344,10.833333333333334
2020-04-23,261,234,27,11.106666666666667
2020-04-24,411,84,327,13.6
2020-04-27,437,60,377,17.206666666666667
2020-04-28,311,186,125,17.986666666666668
2020-04-29,392,104,288,21.513333333333332
2020-04-30,72,424,-352,17.826666666666668
2020-05-01,31,465,-434,15.246666666666666
2020-05-04,254,242,12,16.26
2020-05-05,344,152,192,16.226666666666667
2020-05-06,139,355,-216,17.34
2020-05-07,376,120,256,21.946666666666665
2020-05-08,440,57,383,22.66
2020-05-11,171,326,-155,18.98
2020-05-12,41,455,-414,17.966666666666665
2020-05-13,52,444,-392,18.14
2020-05-14,385,111,274,17.486666666666668
2020-05-15,285,211,74,16.153333333333332
2020-05-18,457,40,417,16.866666666666667
2020-05-19,109,387,-278,15.646666666666667
2020-05-20,413,84,329,15.966666666666667
2020-05-21,144,350,-206,14.993333333333334
2020-05-22,272,225,47,14.16
2020-05-26,394,103,291,16.113333333333333
2020-05-27,418,78,340,16.80666666666667
2020-05-28,218,278,-60,16.626666666666665
2020-05-29,261,236,25,15.94
2020-06-01,342,153,189,17.126666666666665
2020-06-02,381,116,265,18.186666666666667
2020-06-03,402,94,308,19.48
2020-06-04,229,268,-39,18.873333333333335
2020-06-05,447,49,398,21.16
2020-06-08,379,116,263,24.206666666666667
2020-06-09,65,432,-367,20.28
2020-06-10,123,373,-250,18.02
2020-06-11,2,495,-493,14.846666666666666
2020-06-12,400,97,303,16.58
2020-06-15,393,103,290,18.266666666666666
2020-06-16,458,39,419,20.413333333333334
2020-06-17,164,330,-166,19.9
2020-06-18,231,261,-30,19.58
2020-06-19,152,340,-188,18.133333333333333
2020-06-22,265,230,35,17.733333333333334
2020-06-23,252,245,7,15.92
2020-06-24,20,476,-456,12.766666666666667
2020-06-25,379,115,264,14.053333333333333
2020-06-26,58,439,-381,12.346666666666666
2020-06-29,438,58,380,15.76
2020-06-30,437,57,380,17.466666666666665
2020-07-01,220,277,-57,15.313333333333333
2020-07-02,345,149,196,15.753333333333334
2020-07-06,400,93,307,16.366666666666667
2020-07-07,82,413,-331,16.333333333333332
2020-07-08,294,199,95,19.046666666666667
2020-07-09,125,372,-247,18.8
2020-07-10,378,118,260,18.746666666666666
2020-07-13,208,288,-80,17.553333333333335
2020-07-14,435,60,375,17.973333333333333
2020-07-15,410,85,325,20.80666666666667
2020-07-16,231,263,-32,21.073333333333334
2020-07-17,305,192,113,21.1
2020-07-20,189,306,-117,18.766666666666666
2020-07-21,352,143,209,20.56
2020-07-22,369,125,244,20.433333333333334
2020-07-23,206,290,-84,19.68
2020-07-24,110,384,-274,17.906666666666666
2020-07-27,301,193,108,17.493333333333332
2020-07-28,154,342,-188,14.486666666666666
2020-07-29,423,74,349,17.246666666666666
2020-07-30,142,354,-212,15.673333333333334
2020-07-31,227,267,-40,14.253333333333334
2020-08-03,293,201,92,14.973333333333333
2020-08-04,301,194,107,17.486666666666668
2020-08-05,317,178,139,16.64
2020-08-06,244,253,-9,15.8
2020-08-07,347,148,199,18.566666666666666
2020-08-10,322,173,149,19.373333333333335
2020-08-11,210,285,-75,19.553333333333335
2020-08-12,349,148,201,19.573333333333334
2020-08-13,183,314,-131,17.066666666666666
2020-08-14,254,237,17,17.953333333333333
2020-08-17,254,241,13,16.226666666666667
2020-08-18,167,328,-161,14.933333333333334
2020-08-19,158,335,-177,13.02
2020-08-20,152,337,-185,9.306666666666667
2020-08-21,214,281,-67,8.0
2020-08-24,395,101,294,10.36
2020-08-25,245,247,-2,10.406666666666666
2020-08-26,229,266,-37,9.4
2020-08-27,305,190,115,12.273333333333333
2020-08-28,363,132,231,16.293333333333333
2020-08-31,147,349,-202,12.786666666666667
2020-09-01,301,196,105,14.14
2020-09-02,453,43,410,16.2
2020-09-03,46,451,-405,16.36
2020-09-04,182,311,-129,13.833333333333334
2020-09-08,45,452,-407,8.92
2020-09-09,403,91,312,9.08
2020-09-10,54,441,-387,6.653333333333333
2020-09-11,311,185,126,8.92
2020-09-14,446,49,397,10.006666666666666
2020-09-15,295,199,96,9.12
2020-09-16,293,201,92,8.366666666666667
2020-09-17,174,321,-147,7.2
2020-09-18,96,400,-304,4.84
2020-09-21,80,417,-337,3.4
2020-09-22,331,162,169,3.74
2020-09-23,24,473,-449,0.76
2020-09-24,304,191,113,3.0933333333333333
2020-09-25,436,58,378,8.7
2020-09-28,463,32,431,14.74
2020-09-29,141,356,-215,14.86
2020-09-30,368,127,241,19.54
2020-10-01,284,209,75,21.733333333333334
2020-10-02,305,189,116,19.606666666666666
2020-10-05,453,44,409,24.966666666666665
2020-10-06,100,393,-293,20.0
2020-10-07,445,52,393,25.573333333333334
2020-10-08,410,86,324,29.94
2020-10-09,291,205,86,33.68
2020-10-12,374,120,254,32.42666666666667
2020-10-13,144,352,-208,34.18666666666667
2020-10-14,190,306,-116,36.68666666666667
2020-10-15,309,184,125,34.473333333333336
2020-10-16,267,223,44,37.93333333333333
2020-10-19,49,445,-396,33.34
2020-10-20,347,149,198,37.28
2020-10-21,168,325,-157,35.85333333333333
2020-10-22,364,132,232,39.52
2020-10-23,349,143,206,42.766666666666666
2020-10-26,41,455,-414,36.86
2020-10-27,125,370,-245,33.766666666666666
2020-10-28,20,477,-457,27.86
2020-10-29,348,148,200,31.52
2020-10-30,195,301,-106,28.8
2020-11-02,437,59,378,33.053333333333335
2020-11-03,443,52,391,38.626666666666665
2020-11-04,249,247,2,37.43333333333333
2020-11-05,409,87,322,41.3
2020-11-06,222,272,-50,37.81333333333333
2020-11-09,347,150,197,38.52
2020-11-10,313,181,132,36.42
2020-11-11,246,247,-1,34.7
2020-11-12,61,436,-375,34.17333333333333
2020-11-13,459,38,421,34.57333333333333
2020-11-16,412,85,327,39.48
2020-11-17,175,321,-146,38.553333333333335
2020-11-18,101,391,-290,33.74666666666667
2020-11-19,305,185,120,36.82666666666667
2020-11-20,165,330,-165,38.7
2020-11-23,358,139,219,37.86666666666667
2020-11-24,394,101,293,39.64
2020-11-25,154,342,-188,36.20666666666666
2020-11-27,245,248,-3,33.67333333333333
2020-11-30,145,350,-205,31.473333333333333
2020-12-01,373,121,252,31.233333333333334
2020-12-02,262,235,27,33.76
2020-12-03,282,212,70,37.12
2020-12-04,408,87,321,39.18
2020-12-07,173,321,-148,36.913333333333334
2020-12-08,295,199,96,38.99333333333333
2020-12-09,204,290,-86,36.71333333333333
2020-12-10,194,301,-107,33.446666666666665
2020-12-11,199,294,-95,33.846666666666664
2020-12-14,144,351,-207,35.22666666666667
2020-12-15,444,53,391,40.446666666666665
2020-12-16,212,284,-72,38.14
2020-12-17,363,128,235,39.21333333333333
2020-12-18,215,282,-67,35.986666666666665
2020-12-21,130,366,-236,36.266666666666666
2020-12-22,180,315,-135,33.17333333333333
2020-12-23,297,198,99,35.20666666666666
2020-12-24,318,176,142,35.84
2020-12-28,283,211,72,34.38
2020-12-29,116,379,-263,30.36
2020-12-30,358,135,223,32.24666666666667
2020-12-31,406,90,316,34.18666666666667
2021-01-04,74,422,-348,30.606666666666666
2021-01-05,365,132,233,30.393333333333334
2021-01-06,395,101,294,30.3
2021-01-07,344,153,191,31.833333333333332
2021-01-08,259,235,24,29.34
2021-01-11,219,274,-55,27.22
2021-01-12,303,189,114,30.426666666666666
2021-01-13,202,293,-91,31.486666666666668
2021-01-14,262,234,28,34.96
2021-01-15,189,308,-119,32.14666666666667
2021-01-19,295,200,95,30.846666666666668
2021-01-20,330,166,164,29.14666666666667
2021-01-21,159,335,-176,29.08
2021-01-22,178,318,-140,28.346666666666668
2021-01-25,240,256,-16,29.493333333333332
2021-01-26,167,329,-162,28.18
2021-01-27,69,427,-358,25.746666666666666
2021-01-28,362,134,228,30.30666666666667
2021-01-29,59,437,-378,26.026666666666667
2021-02-01,397,100,297,30.546666666666667
2021-02-02,399,98,301,30.02
2021-02-03,250,246,4,27.513333333333332
2021-02-04,379,117,262,29.64
2021-02-05,320,177,143,29.286666666666665
2021-02-08,362,133,229,28.766666666666666
2021-02-09,234,261,-27,30.793333333333333
2021-02-10,286,209,77,30.673333333333332
2021-02-11,234,262,-28,32.13333333333333
2021-02-12,320,172,148,31.386666666666667
2021-02-16,220,273,-53,31.566666666666666
2021-02-17,247,249,-2,29.053333333333335
2021-02-18,193,303,-110,26.153333333333332
2021-02-19,287,208,79,26.893333333333334
2021-02-22,245,249,-4,26.113333333333333
2021-02-23,264,230,34,27.12
2021-02-24,378,119,259,27.453333333333333
2021-02-25,45,450,-405,23.126666666666665
2021-02-26,165,330,-165,22.586666666666666
2021-03-01,457,39,418,27.2
2021-03-02,192,302,-110,25.746666666666666
2021-03-03,202,291,-89,26.406666666666666
2021-03-04,99,398,-299,22.086666666666666
2021-03-05,456,41,415,26.266666666666666
2021-03-08,329,168,161,27.606666666666666
2021-03-09,255,242,13,27.08
2021-03-10,373,123,250,28.033333333333335
2021-03-11,302,194,108,27.826666666666668
2021-03-12,335,160,175,29.053333333333335
2021-03-15,366,129,237,29.30666666666667
2021-03-16,151,341,-190,27.046666666666667
2021-03-17,301,192,109,28.273333333333333
2021-03-18,176,321,-145,25.966666666666665
2021-03-19,232,263,-31,26.633333333333333
2021-03-22,286,208,78,27.04
2021-03-23,123,374,-251,25.28
2021-03-24,255,239,16,26.46
2021-03-25,398,98,300,29.64
2021-03-26,450,47,403,33.56
2021-03-29,197,300,-103,33.32
2021-03-30,241,256,-15,31.26
2021-03-31,209,287,-78,30.753333333333334
2021-04-01,378,115,263,32.75333333333333
2021-04-05,402,94,308,34.04
2021-04-06,267,227,40,32.766666666666666
2021-04-07,181,315,-134,33.22
2021-04-08,252,244,8,32.57333333333333
2021-04-09,354,140,214,31.266666666666666
2021-04-12,308,188,120,34.766666666666666
2021-04-13,236,259,-23,35.473333333333336
2021-04-14,251,243,8,38.24
2021-04-15,385,109,276,38.0
2021-04-16,354,142,212,41.99333333333333
2021-04-19,163,331,-168,40.03333333333333
2021-04-20,186,306,-120,36.586666666666666
2021-04-21,409,86,323,38.1
2021-04-22,142,354,-212,36.07333333333333
2021-04-23,400,96,304,39.08
2021-04-26,260,233,27,41.28666666666667
2021-04-27,275,219,56,43.906666666666666
2021-04-28,229,267,-38,42.526666666666664
2021-04-29,382,113,269,47.31333333333333
2021-04-30,134,363,-229,45.03333333333333
2021-05-03,328,166,162,43.593333333333334
2021-05-04,239,258,-19,40.593333333333334
2021-05-05,270,227,43,42.31333333333333
2021-05-06,365,129,236,42.28
2021-05-07,394,98,296,43.75333333333333
2021-05-10,214,278,-64,42.553333333333335
2021-05-11,91,406,-315,37.72666666666667
2021-05-12,31,466,-435,36.78
2021-05-13,440,57,383,36.71333333333333
2021-05-14,426,71,355,36.92
2021-05-17,196,300,-104,35.653333333333336
2021-05-18,105,391,-286,32.053333333333335
2021-05-19,144,351,-207,32.06
2021-05-20,352,146,206,34.20666666666666
2021-05-21,274,220,54,33.733333333333334
2021-05-24,369,127,242,35.053333333333335
2021-05-25,165,332,-167,36.58
2021-05-26,318,177,141,36.2
2021-05-27,318,179,139,38.17333333333333
2021-05-28,287,205,82,37.17333333333333
2021-06-01,280,218,62,36.21333333333333
2021-06-02,253,242,11,39.04666666666667
2021-06-03,234,261,-27,40.5
2021-06-04,347,150,197,44.86
2021-06-07,164,330,-166,42.42
2021-06-08,279,217,62,43.54
2021-06-09,168,327,-159,39.96
2021-06-10,287,209,78,37.873333333333335
2021-06-11,345,149,196,39.166666666666664
2021-06-14,185,311,-126,36.18
2021-06-15,268,225,43,36.8
2021-06-16,101,397,-296,33.513333333333335
2021-06-17,187,309,-122,31.82
2021-06-18,53,445,-392,29.213333333333335
2021-06-21,475,23,452,34.72666666666667
2021-06-22,263,231,32,32.13333333333333
2021-06-23,202,293,-91,29.346666666666668
2021-06-24,365,131,234,31.88
2021-06-25,393,104,289,35.74
2021-06-28,208,290,-82,34.39333333333333
2021-06-29,223,272,-49,35.166666666666664
2021-06-30,284,210,74,34.2
2021-07-01,397,100,297,34.22666666666667
2021-07-02,308,186,122,36.29333333333334
2021-07-06,159,339,-180,35.11333333333334
2021-07-07,334,164,170,37.61333333333334
2021-07-08,69,426,-357,33.553333333333335
2021-07-09,456,41,415,36.14
2021-07-12,298,196,102,36.35333333333333
2021-07-13,74,421,-347,31.9
2021-07-14,242,254,-12,32.806666666666665
2021-07-15,243,255,-12,32.086666666666666
2021-07-16,163,335,-172,31.513333333333332
2021-07-19,63,435,-372,29.746666666666666
2021-07-20,443,54,389,32.973333333333336
2021-07-21,364,133,231,35.89333333333333
2021-07-22,198,297,-99,32.626666666666665
2021-07-23,405,91,314,35.2
2021-07-26,271,225,46,33.94
2021-07-27,248,249,-1,34.38
2021-07-28,229,268,-39,35.693333333333335
2021-07-29,383,113,270,38.39333333333333
2021-07-30,210,288,-78,37.21333333333333
2021-08-02,212,284,-72,35.78666666666667
2021-08-03,385,113,272,37.12
2021-08-04,121,376,-255,37.17333333333333
2021-08-05,343,153,190,36.95333333333333
2021-08-06,310,186,124,35.67333333333333
2021-08-09,181,312,-131,37.12
2021-08-10,316,178,138,36.486666666666665
2021-08-11,372,122,250,36.193333333333335
2021-08-12,237,258,-21,34.78
2021-08-13,270,227,43,34.906666666666666
2021-08-16,289,205,84,35.833333333333336
2021-08-17,151,346,-195,33.77333333333333
2021-08-18,57,440,-383,31.826666666666668
2021-08-19,228,269,-41,31.366666666666667
2021-08-20,407,90,317,34.27333333333333
2021-08-23,342,153,189,34.9
2021-08-24,308,189,119,34.6
2021-08-25,354,140,214,37.2
2021-08-26,104,393,-289,36.20666666666666
2021-08-27,431,65,366,38.75333333333333
2021-08-30,251,245,6,39.873333333333335
2021-08-31,257,240,17,42.373333333333335
2021-09-01,245,251,-6,40.81333333333333
2021-09-02,376,120,256,45.04
2021-09-03,156,337,-181,41.85333333333333
2021-09-07,89,407,-318,37.72666666666667
2021-09-08,252,245,7,37.74666666666667
2021-09-09,181,315,-134,35.10666666666667
2021-09-10,132,364,-232,32.60666666666667
2021-09-13,298,198,100,31.746666666666666
2021-09-14,126,370,-244,30.3
2021-09-15,393,104,289,31.713333333333335
2021-09-16,189,307,-118,31.113333333333333
2021-09-17,106,391,-285,28.226666666666667
2021-09-20,51,447,-396,25.94
2021-09-21,172,322,-150,24.953333333333333
2021-09-22,412,85,327,27.866666666666667
2021-09-23,424,74,350,29.673333333333332
2021-09-24,269,229,40,29.966666666666665
2021-09-27,262,236,26,29.913333333333334
2021-09-28,54,439,-385,25.62
2021-09-29,294,202,92,28.933333333333334
2021-09-30,47,447,-400,27.366666666666667
2021-10-01,390,104,286,26.486666666666668
2021-10-04,152,343,-191,25.946666666666665
2021-10-05,368,129,239,28.133333333333333
2021-10-06,278,218,60,30.526666666666667
2021-10-07,385,113,272,29.573333333333334
2021-10-08,185,309,-124,27.673333333333332
2021-10-11,129,367,-238,26.0
2021-10-12,239,254,-15,24.233333333333334
2021-10-13,282,211,71,23.986666666666668
2021-10-14,472,26,446,25.793333333333333
2021-10-15,321,174,147,25.19333333333333
2021-10-18,232,263,-31,26.253333333333334
2021-10-19,370,126,244,27.153333333333332
2021-10-20,388,110,278,29.973333333333333
2021-10-21,282,214,68,30.633333333333333
2021-10-22,330,164,166,31.22
2021-10-25,269,227,42,33.17333333333333
2021-10-26,223,271,-48,32.74666666666667
2021-10-27,79,418,-339,28.486666666666668
2021-10-28,401,94,307,27.846666666666668
2021-10-29,213,282,-69,28.073333333333334
2021-11-01,326,171,155,29.206666666666667
2021-11-02,284,211,73,30.213333333333335
2021-11-03,335,162,173,29.613333333333333
2021-11-04,210,287,-77,27.046666666666667
2021-11-05,322,175,147,27.76
2021-11-08,274,221,53,29.006666666666668
2021-11-09,248,246,2,28.966666666666665
2021-11-10,190,307,-117,26.76
2021-11-11,282,215,67,26.406666666666666
2021-11-12,320,177,143,27.513333333333332
2021-11-15,276,221,55,27.826666666666668
2021-11-16,251,245,6,26.026666666666667
2021-11-17,163,333,-170,23.48
2021-11-18,164,333,-169,23.473333333333333
2021-11-19,171,325,-154,23.246666666666666
2021-11-22,278,219,59,21.486666666666668
2021-11-23,315,183,132,23.78
2021-11-24,242,252,-10,21.686666666666667
2021-11-26,33,464,-431,18.633333333333333
2021-11-29,339,156,183,19.48
2021-11-30,6,492,-486,16.493333333333332
2021-12-01,97,400,-303,12.68
2021-12-02,453,45,408,16.926666666666666
2021-12-03,195,301,-106,15.14
2021-12-06,419,79,340,17.533333333333335
2021-12-07,432,63,369,19.706666666666667
2021-12-08,307,190,117,18.913333333333334
2021-12-09,115,381,-266,15.166666666666666
2021-12-10,358,139,219,17.053333333333335
2021-12-13,179,318,-139,18.226666666666667
2021-12-14,153,343,-190,19.86
2021-12-15,398,98,300,19.30666666666667
2021-12-16,266,229,37,17.186666666666667
2021-12-17,128,369,-241,16.273333333333333
2021-12-20,74,421,-347,15.866666666666667
2021-12-21,420,78,342,19.526666666666667
2021-12-22,395,101,294,20.113333333333333
2021-12-23,391,106,285,21.653333333333332
2021-12-27,449,46,403,22.726666666666667
2021-12-28,306,189,117,24.62
2021-12-29,335,159,176,24.85333333333333
2021-12-30,175,320,-145,22.96
2021-12-31,279,217,62,22.826666666666668
2022-01-03,246,252,-6,22.373333333333335
2022-01-04,331,165,166,23.406666666666666
2022-01-05,97,399,-302,21.573333333333334
2022-01-06,273,224,49,20.586666666666666
2022-01-07,235,261,-26,21.52
2022-01-10,185,310,-125,20.273333333333333
2022-01-11,373,125,248,22.986666666666668
2022-01-12,293,204,89,23.06
2022-01-13,218,280,-62,21.34
2022-01-14,213,283,-70,21.713333333333335
2022-01-18,55,441,-386,18.85333333333333
2022-01-19,114,382,-268,19.04
2022-01-20,81,413,-332,17.64
2022-01-21,95,401,-306,18.213333333333335
2022-01-24,314,183,131,16.073333333333334
2022-01-25,121,378,-257,14.146666666666667
2022-01-26,148,350,-202,13.406666666666666
2022-01-27,184,314,-130,10.98
2022-01-28,432,67,365,11.486666666666666
2022-01-31,420,77,343,14.32
2022-02-01,339,160,179,15.84
2022-02-02,372,126,246,16.986666666666668
2022-02-03,92,406,-314,12.913333333333334
2022-02-04,212,286,-74,11.606666666666667
2022-02-07,251,245,6,12.846666666666666
2022-02-08,376,121,255,13.413333333333334
2022-02-09,421,75,346,18.1
2022-02-10,63,436,-373,12.846666666666666
2022-02-11,103,396,-293,10.213333333333333
2022-02-14,107,389,-282,10.646666666666667
2022-02-15,394,105,289,12.653333333333334
2022-02-16,299,199,100,13.4
2022-02-17,71,426,-355,12.18
2022-02-18,172,326,-154,13.633333333333333
2022-02-22,116,380,-264,9.28
2022-02-23,61,436,-375,5.24
2022-02-24,319,179,140,6.833333333333333
2022-02-25,484,15,469,7.866666666666666
2022-02-28,141,358,-217,6.113333333333333
2022-03-01,99,399,-300,4.12
2022-03-02,461,38,423,7.2
2022-03-03,247,249,-2,5.386666666666667
2022-03-04,196,301,-105,5.206666666666667
2022-03-07,71,428,-357,3.3066666666666666
2022-03-08,194,303,-109,0.7666666666666667
2022-03-09,414,85,329,4.66
2022-03-10,189,309,-120,2.5933333333333333
2022-03-11,92,402,-310,-0.3
2022-03-14,215,282,-67,0.12666666666666668
2022-03-15,440,57,383,1.76
2022-03-16,412,87,325,2.26
2022-03-17,416,81,335,4.633333333333334
2022-03-18,347,152,195,5.6466666666666665
2022-03-21,188,306,-118,4.3
2022-03-22,352,144,208,6.986666666666666
2022-03-23,94,403,-309,7.48
2022-03-24,439,60,379,10.28
2022-03-25,378,121,257,9.88
2022-03-28,305,191,114,9.38
2022-03-29,429,70,359,10.98
2022-03-30,181,316,-135,8.653333333333334
2022-03-31,71,426,-355,8.213333333333333
2022-04-01,336,163,173,6.926666666666667
2022-04-04,246,250,-4,6.86
2022-04-05,145,353,-208,5.36
2022-04-06,222,277,-55,5.033333333333333
2022-04-07,274,222,52,3.6733333333333333
2022-04-08,269,228,41,5.153333333333333
2022-04-11,112,385,-273,5.453333333333333
2022-04-12,203,295,-92,4.793333333333333
2022-04-13,400,98,302,7.7
2022-04-14,174,323,-149,8.253333333333334
2022-04-18,196,301,-105,6.886666666666667
2022-04-19,442,57,385,11.08
2022-04-20,378,117,261,10.893333333333333
2022-04-21,88,407,-319,9.553333333333333
2022-04-22,12,487,-475,8.286666666666667
2022-04-25,285,212,73,11.413333333333334
2022-04-26,30,469,-439,9.486666666666666
2022-04-27,268,227,41,7.58
2022-04-28,434,63,371,7.72
2022-04-29,15,484,-469,4.326666666666667
2022-05-02,268,228,40,4.42
2022-05-03,362,136,226,8.493333333333334
2022-05-04,475,24,451,10.886666666666667
2022-05-05,18,480,-462,10.473333333333333
2022-05-06,153,344,-191,7.293333333333333
2022-05-09,72,427,-355,6.2
2022-05-10,211,288,-77,4.093333333333334
2022-05-11,126,370,-244,2.066666666666667
2022-05-12,289,209,80,0.7866666666666666
2022-05-13,458,41,417,4.3933333333333335
2022-05-16,196,303,-107,5.266666666666667
2022-05-17,450,49,401,8.04
2022-05-18,8,491,-483,4.346666666666667
2022-05-19,223,276,-53,1.02
2022-05-20,287,207,80,0.5733333333333334
2022-05-23,419,80,339,3.04
2022-05-24,209,290,-81,0.8733333333333333
2022-05-25,373,124,249,0.68
2022-05-26,445,54,391,2.8333333333333335
2022-05-27,476,22,454,4.753333333333333
2022-05-31,96,398,-302,2.46
2022-06-01,98,399,-301,0.7733333333333333
2022-06-02,426,71,355,5.4
2022-06-03,69,429,-360,0.9533333333333334
2022-06-06,308,190,118,2.2
2022-06-07,419,79,340,3.433333333333333
2022-06-08,49,449,-400,0.28
2022-06-09,20,479,-459,-3.933333333333333
2022-06-10,35,463,-428,-6.273333333333333
2022-06-13,4,495,-491,-10.526666666666667
2022-06-14,171,326,-155,-11.913333333333334
2022-06-15,390,107,283,-10.04
2022-06-16,14,485,-471,-12.4
2022-06-17,287,210,77,-12.333333333333334
2022-06-21,438,61,377,-10.773333333333333
2022-06-22,251,246,5,-11.106666666666667
2022-06-23,327,171,156,-10.106666666666667
2022-06-24,479,19,460,-5.906666666666666
2022-06-27,237,258,-21,-4.92
2022-06-28,67,431,-364,-6.32
2022-06-29,202,296,-94,-7.34
2022-06-30,161,338,-177,-9.4
2022-07-01,426,72,354,-6.973333333333334
2022-07-05,209,290,-81,-4.64
2022-07-06,273,223,50,-5.526666666666666
2022-07-07,392,106,286,-0.38
2022-07-08,162,333,-171,0.5
2022-07-11,131,364,-233,-3.7733333333333334
2022-07-12,165,332,-167,-4.18
2022-07-13,152,346,-194,-7.74
2022-07-14,148,350,-202,-11.546666666666667
2022-07-15,465,32,433,-9.44
2022-07-18,166,332,-166,-8.773333333333333
2022-07-19,490,9,481,-7.026666666666666
2022-07-20,338,158,180,-4.9
2022-07-21,361,135,226,-2.1266666666666665
2022-07-22,185,310,-125,-4.96
2022-07-25,294,201,93,-4.586666666666667
2022-07-26,183,314,-131,-3.8533333333333335
2022-07-27,428,71,357,0.84
2022-07-28,403,95,308,0.6133333333333333
2022-07-29,381,116,265,0.42
2022-08-01,220,276,-56,-1.8533333333333333
2022-08-02,115,383,-268,-6.326666666666667
2022-08-03,391,107,284,-5.213333333333333
2022-08-04,232,263,-31,-6.593333333333334
2022-08-05,282,214,68,-5.173333333333333
2022-08-08,314,181,133,-4.7
2022-08-09,223,274,-51,-5.0
2022-08-10,463,34,429,-3.2466666666666666
2022-08-11,296,202,94,-0.6066666666666667
2022-08-12,470,28,442,2.013333333333333
2022-08-15,292,205,87,2.7666666666666666
2022-08-16,316,181,135,4.5
2022-08-17,106,392,-286,0.94
2022-08-18,307,186,121,1.1533333333333333
2022-08-19,79,419,-340,-0.7
2022-08-22,22,476,-454,-3.26
2022-08-23,194,300,-106,-1.3933333333333333
2022-08-24,351,146,205,1.76
2022-08-25,462,37,425,6.806666666666667
2022-08-26,8,491,-483,5.626666666666667
2022-08-29,140,359,-219,3.2933333333333334
2022-08-30,63,436,-373,2.52
2022-08-31,85,412,-327,1.6866666666666668
2022-09-01,285,210,75,3.0533333333333332
2022-09-02,86,411,-325,-1.5466666666666666
2022-09-06,187,311,-124,-4.66
2022-09-07,472,26,446,-2.88
2022-09-08,375,121,254,-2.8266666666666667
2022-09-09,448,49,399,1.9266666666666667
2022-09-12,421,77,344,4.713333333333333
2022-09-13,4,495,-491,1.4
2022-09-14,224,272,-48,-0.62
2022-09-15,138,356,-218,-4.38
2022-09-16,135,361,-226,-3.4
2022-09-19,378,119,259,0.28
2022-09-20,32,467,-435,-0.74
2022-09-21,31,466,-435,-5.566666666666666
2022-09-22,88,411,-323,-8.386666666666667
2022-09-23,64,435,-371,-8.493333333333334
2022-09-26,42,456,-414,-10.226666666666667
2022-09-27,194,302,-108,-9.186666666666667
2022-09-28,484,14,470,-3.5533333333333332
2022-09-29,39,460,-421,-7.293333333333333
2022-09-30,83,416,-333,-12.64
2022-10-03,485,13,472,-8.046666666666667
2022-10-04,493,6,487,-2.8
2022-10-05,178,320,-142,-6.566666666666666
2022-10-06,86,413,-327,-8.733333333333333
2022-10-07,28,471,-443,-10.986666666666666
2022-10-10,190,306,-116,-9.38
2022-10-11,202,295,-93,-9.273333333333333
2022-10-12,156,341,-185,-12.7
2022-10-13,465,33,432,-9.02
2022-10-14,28,470,-442,-9.9
2022-10-17,474,25,449,-6.46
2022-10-18,447,50,397,-6.366666666666666
2022-10-19,118,379,-261,-10.273333333333333
2022-10-20,114,384,-270,-14.306666666666667
2022-10-21,470,29,441,-12.666666666666666
2022-10-24,409,86,323,-9.726666666666667
2022-10-25,445,53,392,-8.5
2022-10-26,283,212,71,-5.966666666666667
2022-10-27,280,219,61,-8.086666666666666
2022-10-28,449,50,399,-7.14
2022-10-31,152,345,-193,-9.186666666666667
2022-11-01,282,215,67,-11.133333333333333
2022-11-02,29,469,-440,-13.166666666666666
2022-11-03,203,295,-92,-11.413333333333334
2022-11-04,397,102,295,-10.6
2022-11-07,369,130,239,-8.98
2022-11-08,354,143,211,-6.1866666666666665
2022-11-09,40,459,-419,-8.613333333333333
2022-11-10,483,16,467,-5.846666666666667
2022-11-11,311,187,124,-5.293333333333333
2022-11-14,104,392,-288,-5.3933333333333335
2022-11-15,378,120,258,-3.06
2022-11-16,155,343,-188,-6.326666666666667
2022-11-17,170,328,-158,-6.386666666666667
2022-11-18,385,113,272,-3.8733333333333335
2022-11-21,268,231,37,-6.193333333333333
2022-11-22,441,53,388,-5.346666666666667
2022-11-23,353,143,210,-1.82
2022-11-25,344,151,193,2.6333333333333333
2022-11-28,38,461,-423,-0.6733333333333333
2022-11-29,274,222,52,2.6
2022-11-30,475,22,453,5.346666666666667
2022-12-01,256,239,17,2.986666666666667
2022-12-02,244,251,-7,6.066666666666666
2022-12-05,28,471,-443,2.8466666666666667
2022-12-06,104,395,-291,-0.6
2022-12-07,222,274,-52,-3.953333333333333
2022-12-08,350,147,203,0.48
2022-12-09,113,384,-271,-0.05333333333333334
2022-12-12,462,35,427,5.16
2022-12-13,345,149,196,6.98
2022-12-14,137,361,-224,7.113333333333333
2022-12-15,30,469,-439,3.6533333333333333
2022-12-16,82,417,-335,-1.36
2022-12-19,108,389,-281,-2.52
2022-12-20,269,227,42,-4.913333333333333
2022-12-21,463,36,427,1.1533333333333333
2022-12-22,85,410,-325,-0.66
2022-12-23,416,83,333,1.0266666666666666
2022-12-27,308,190,118,-0.44666666666666666
2022-12-28,25,472,-447,-2.8866666666666667
2022-12-29,474,26,448,-1.56
2022-12-30,132,365,-233,-5.72
2023-01-03,263,234,29,-8.553333333333333
2023-01-04,418,81,337,-4.293333333333333
2023-01-05,119,381,-262,-4.033333333333333
2023-01-06,476,24,452,-3.3866666666666667
2023-01-09,259,239,20,-0.8533333333333334
2023-01-10,368,129,239,-0.04666666666666667
2023-01-11,403,96,307,-0.26666666666666666
2023-01-12,281,217,64,2.8266666666666667
2023-01-13,307,190,117,6.666666666666667
2023-01-17,188,307,-119,8.726666666666667
2023-01-18,53,447,-394,9.373333333333333
2023-01-19,115,383,-268,8.62
2023-01-20,457,43,414,9.493333333333334
2023-01-23,390,109,281,14.506666666666666
2023-01-24,227,269,-42,13.713333333333333
2023-01-25,283,214,69,11.66
2023-01-26,362,135,227,13.14
2023-01-27,261,237,24,12.26
2023-01-30,102,396,-294,7.233333333333333
2023-01-31,467,32,435,10.273333333333333
2023-02-01,365,133,232,14.246666666666666
2023-02-02,325,172,153,15.893333333333333
2023-02-03,106,392,-286,15.166666666666666
2023-02-06,153,346,-193,11.52
2023-02-07,346,152,194,13.353333333333333
2023-02-08,106,393,-287,11.106666666666667
2023-02-09,115,383,-268,7.413333333333333
2023-02-10,315,184,131,9.426666666666666
2023-02-13,445,55,390,13.58
2023-02-14,169,326,-157,13.646666666666667
2023-02-15,331,167,164,16.033333333333335
2023-02-16,75,424,-349,15.053333333333333
2023-02-17,257,242,15,12.266666666666667
2023-02-21,36,464,-428,10.52
2023-02-22,203,295,-92,6.7
2023-02-23,309,188,121,6.306666666666667
2023-02-24,106,392,-286,2.8933333333333335
2023-02-27,256,241,15,3.8266666666666667
2023-02-28,197,300,-103,2.52
2023-03-01,184,316,-132,2.513333333333333
2023-03-02,382,115,267,1.9133333333333333
2023-03-03,441,56,385,2.4266666666666667
2023-03-06,176,323,-147,-0.32
2023-03-07,30,469,-439,-2.8733333333333335
2023-03-08,286,212,74,-0.5933333333333334
2023-03-09,26,474,-448,-5.473333333333334
2023-03-10,39,461,-422,-8.08
2023-03-13,137,200,-63,-8.953333333333333
2023-03-14,389,110,279,-7.98
2023-03-15,66,434,-368,-10.093333333333334
