Date,up,down,sum,ma150_changes
2018-03-12,0,0,0,
2018-03-13,0,1,-1,
2018-03-14,0,1,-1,
2018-03-15,0,1,-1,
2018-03-16,1,0,1,
2018-03-19,1,1,0,
2018-03-20,870,1005,-135,
2018-03-21,1041,833,208,
2018-03-22,254,1646,-1392,
2018-03-23,280,1619,-1339,
2018-03-26,1611,290,1321,
2018-03-27,494,1400,-906,
2018-03-28,967,904,63,
2018-03-29,1556,342,1214,
2018-04-02,261,1642,-1381,
2018-04-03,1540,349,1191,
2018-04-04,1404,473,931,
2018-04-05,1445,430,1015,
2018-04-06,318,1576,-1258,
2018-04-09,897,948,-51,
2018-04-10,1524,366,1158,
2018-04-11,876,979,-103,
2018-04-12,1059,817,242,
2018-04-13,740,1123,-383,
2018-04-16,1438,444,994,
2018-04-17,1413,459,954,
2018-04-18,1078,795,283,
2018-04-19,573,1286,-713,
2018-04-20,494,1366,-872,
2018-04-23,896,966,-70,
2018-04-24,682,1182,-500,
2018-04-25,882,998,-116,
2018-04-26,1277,616,661,
2018-04-27,1089,795,294,
2018-04-30,573,1310,-737,
2018-05-01,996,875,121,
2018-05-02,832,1029,-197,
2018-05-03,796,1088,-292,
2018-05-04,1459,439,1020,
2018-05-07,1183,690,493,
2018-05-08,992,893,99,
2018-05-09,1230,654,576,
2018-05-10,1380,496,884,
2018-05-11,992,877,115,
2018-05-14,777,1104,-327,
2018-05-15,722,1169,-447,
2018-05-16,1258,624,634,
2018-05-17,1037,837,200,
2018-05-18,897,971,-74,
2018-05-21,1415,478,937,
2018-05-22,694,1195,-501,
2018-05-23,957,910,47,
2018-05-24,864,1013,-149,
2018-05-25,830,1040,-210,
2018-05-29,727,1166,-439,
2018-05-30,1605,293,1312,
2018-05-31,545,1345,-800,
2018-06-01,1335,555,780,
2018-06-04,1251,634,617,
2018-06-05,1071,811,260,
2018-06-06,1261,621,640,
2018-06-07,968,915,53,
2018-06-08,1110,771,339,
2018-06-11,1029,851,178,
2018-06-12,941,941,0,
2018-06-13,580,1305,-725,
2018-06-14,1030,865,165,
2018-06-15,831,1053,-222,
2018-06-18,1016,864,152,
2018-06-19,787,1081,-294,
2018-06-20,1171,710,461,
2018-06-21,570,1325,-755,
2018-06-22,1241,658,583,
2018-06-25,408,1511,-1103,
2018-06-26,1156,737,419,
2018-06-27,443,1453,-1010,
2018-06-28,1080,812,268,
2018-06-29,1086,800,286,
2018-07-02,974,928,46,
2018-07-03,1152,722,430,
2018-07-05,1425,484,941,
2018-07-06,1414,470,944,
2018-07-09,1264,635,629,
2018-07-10,971,912,59,
2018-07-11,493,1395,-902,
2018-07-12,1169,719,450,
2018-07-13,969,914,55,
2018-07-16,654,1224,-570,
2018-07-17,1183,699,484,
2018-07-18,1068,825,243,
2018-07-19,1105,792,313,
2018-07-20,796,1082,-286,
2018-07-23,840,1036,-196,
2018-07-24,903,989,-86,
2018-07-25,1202,694,508,
2018-07-26,1138,740,398,
2018-07-27,549,1353,-804,
2018-07-30,835,1049,-214,
2018-07-31,1377,529,848,
2018-08-01,748,1146,-398,
2018-08-02,1114,773,341,
2018-08-03,1146,764,382,
2018-08-06,1170,725,445,
2018-08-07,1056,834,222,
2018-08-08,829,1036,-207,
2018-08-09,936,941,-5,
2018-08-10,562,1335,-773,
2018-08-13,589,1320,-731,
2018-08-14,1408,492,916,
2018-08-15,515,1393,-878,
2018-08-16,1462,439,1023,
2018-08-17,1349,534,815,
2018-08-20,1310,584,726,
2018-08-21,1243,657,586,
2018-08-22,906,963,-57,
2018-08-23,562,1333,-771,
2018-08-24,1315,554,761,
2018-08-27,1200,686,514,
2018-08-28,823,1056,-233,
2018-08-29,1149,715,434,
2018-08-30,544,1333,-789,
2018-08-31,1004,872,132,
2018-09-04,667,1240,-573,
2018-09-05,919,974,-55,
2018-09-06,792,1106,-314,
2018-09-07,647,1242,-595,
2018-09-10,1135,745,390,
2018-09-11,974,925,49,
2018-09-12,1068,816,252,
2018-09-13,1047,844,203,
2018-09-14,982,908,74,
2018-09-17,726,1177,-451,
2018-09-18,1056,844,212,
2018-09-19,902,1009,-107,
2018-09-20,1420,494,926,
2018-09-21,881,1003,-122,
2018-09-24,516,1400,-884,
2018-09-25,895,996,-101,
2018-09-26,609,1293,-684,
2018-09-27,963,935,28,
2018-09-28,1093,812,281,
2018-10-01,811,1108,-297,
2018-10-02,781,1127,-346,
2018-10-03,1036,886,150,
2018-10-04,386,1557,-1171,
2018-10-05,585,1359,-774,
2018-10-08,976,938,38,
2018-10-09,787,1125,-338,
2018-10-10,168,1783,-1615,
2018-10-11,291,1656,-1365,21.473333333333333
2018-10-12,1102,824,278,23.326666666666668
2018-10-15,1197,732,465,26.433333333333334
2018-10-16,1758,190,1568,36.89333333333333
2018-10-17,663,1253,-590,32.96666666666667
2018-10-18,319,1607,-1288,24.373333333333335
2018-10-19,856,1054,-198,23.053333333333335
2018-10-22,727,1210,-483,20.733333333333334
2018-10-23,590,1353,-763,14.26
2018-10-24,363,1580,-1217,15.426666666666666
2018-10-25,1465,468,997,31.0
2018-10-26,485,1454,-969,15.733333333333333
2018-10-29,788,1143,-355,19.406666666666666
2018-10-30,1463,477,986,25.56
2018-10-31,1141,795,346,19.773333333333333
2018-11-01,1548,403,1145,36.61333333333334
2018-11-02,891,1037,-146,27.7
2018-11-05,1235,708,527,25.006666666666668
2018-11-06,1268,669,599,22.233333333333334
2018-11-07,1600,356,1244,38.913333333333334
2018-11-08,890,1055,-165,38.153333333333336
2018-11-09,548,1390,-842,24.82
2018-11-12,442,1493,-1051,18.5
2018-11-13,920,1016,-96,16.246666666666666
2018-11-14,681,1259,-578,14.946666666666667
2018-11-15,1238,694,544,11.946666666666667
2018-11-16,1059,877,182,6.8
2018-11-19,519,1426,-907,-1.1333333333333333
2018-11-20,283,1680,-1397,-5.693333333333333
2018-11-21,1413,526,887,6.033333333333333
2018-11-23,864,1049,-185,5.266666666666667
2018-11-26,1378,559,819,14.06
2018-11-27,738,1213,-475,11.666666666666666
2018-11-28,1695,251,1444,16.886666666666667
2018-11-29,890,1047,-157,13.88
2018-11-30,1146,792,354,21.153333333333332
2018-12-03,1508,448,1060,27.413333333333334
2018-12-04,265,1708,-1443,19.106666666666666
2018-12-06,791,1169,-378,18.533333333333335
2018-12-07,480,1458,-978,5.213333333333333
2018-12-10,608,1344,-736,-2.98
2018-12-11,801,1137,-336,-5.88
2018-12-12,1323,630,693,-5.1
2018-12-13,629,1308,-679,-15.52
2018-12-14,331,1608,-1277,-24.8
2018-12-17,236,1732,-1496,-32.593333333333334
2018-12-18,954,1008,-54,-29.973333333333333
2018-12-19,407,1554,-1147,-41.846666666666664
2018-12-20,353,1608,-1255,-51.54666666666667
2018-12-21,357,1610,-1253,-59.406666666666666
2018-12-24,378,1562,-1184,-73.54666666666667
2018-12-26,1799,170,1629,-59.346666666666664
2018-12-27,1161,775,386,-57.086666666666666
2018-12-28,1081,864,217,-54.64666666666667
2018-12-31,1411,552,859,-47.52
2019-01-02,1283,680,603,-40.57333333333333
2019-01-03,665,1279,-614,-53.413333333333334
2019-01-04,1808,158,1650,-37.08
2019-01-07,1593,381,1212,-34.2
2019-01-08,1606,358,1248,-29.993333333333332
2019-01-09,1427,515,912,-25.64666666666667
2019-01-10,1239,702,537,-26.333333333333332
2019-01-11,1057,885,172,-25.54
2019-01-14,634,1312,-678,-32.32
2019-01-15,1264,681,583,-29.62
2019-01-16,1304,627,677,-25.106666666666666
2019-01-17,1430,503,927,-14.093333333333334
2019-01-18,1481,473,1008,-8.473333333333333
2019-01-22,390,1561,-1171,-14.8
2019-01-23,965,969,-4,-15.84
2019-01-24,1270,665,605,-9.846666666666666
2019-01-25,1521,415,1106,-5.546666666666667
2019-01-28,825,1115,-290,-2.4466666666666668
2019-01-29,1128,793,335,-4.1
2019-01-30,1543,422,1121,10.726666666666667
2019-01-31,1395,565,830,13.466666666666667
2019-02-01,1101,836,265,21.966666666666665
2019-02-04,1330,597,733,25.066666666666666
2019-02-05,1244,685,559,26.886666666666667
2019-02-06,796,1133,-337,24.333333333333332
2019-02-07,612,1333,-721,16.66
2019-02-08,890,1048,-158,9.333333333333334
2019-02-11,1260,675,585,6.94
2019-02-12,1475,470,1005,9.446666666666667
2019-02-13,1202,738,464,12.146666666666667
2019-02-14,947,989,-42,17.88
2019-02-15,1562,380,1182,22.76
2019-02-19,1245,695,550,26.06
2019-02-20,1200,730,470,32.99333333333333
2019-02-21,772,1157,-385,27.2
2019-02-22,1482,468,1014,32.34
2019-02-25,912,1030,-118,29.466666666666665
2019-02-26,740,1185,-445,28.406666666666666
2019-02-27,991,933,58,30.1
2019-02-28,794,1134,-340,28.406666666666666
2019-03-01,1207,729,478,28.206666666666667
2019-03-04,792,1137,-345,23.253333333333334
2019-03-05,800,1118,-318,26.493333333333332
2019-03-06,390,1561,-1171,20.113333333333333
2019-03-07,565,1386,-821,8.986666666666666
2019-03-08,820,1099,-279,9.78
2019-03-11,1676,289,1387,16.753333333333334
2019-03-12,1112,813,299,16.2
2019-03-13,1358,583,775,18.4
2019-03-14,783,1151,-368,14.466666666666667
2019-03-15,1124,800,324,18.006666666666668
2019-03-18,1345,596,749,23.033333333333335
2019-03-19,763,1166,-403,25.5
2019-03-20,779,1152,-373,27.886666666666667
2019-03-21,1434,508,926,27.953333333333333
2019-03-22,282,1687,-1405,24.44
2019-03-25,1049,864,185,18.85333333333333
2019-03-26,1467,459,1008,20.14
2019-03-27,886,1051,-165,14.2
2019-03-28,1316,631,685,14.86
2019-03-29,1194,737,457,18.286666666666665
2019-04-01,1523,433,1090,30.69333333333333
2019-04-02,822,1125,-303,23.6
2019-04-03,1137,778,359,22.566666666666666
2019-04-04,1257,675,582,28.0
2019-04-05,1416,514,902,31.12
2019-04-08,1083,857,226,37.88666666666666
2019-04-09,443,1511,-1068,29.886666666666667
2019-04-10,1483,460,1023,40.526666666666664
2019-04-11,1061,871,190,42.16
2019-04-12,1258,685,573,48.07333333333333
2019-04-15,852,1085,-233,50.486666666666665
2019-04-16,1059,894,165,48.986666666666665
2019-04-17,780,1151,-371,46.18666666666667
2019-04-18,987,949,38,44.76
2019-04-22,752,1213,-461,40.333333333333336
2019-04-23,1518,441,1077,47.02
2019-04-24,968,973,-5,49.99333333333333
2019-04-25,687,1265,-578,44.72666666666667
2019-04-26,1431,514,917,51.553333333333335
2019-04-29,1145,812,333,47.6
2019-04-30,1058,889,169,49.54
2019-05-01,642,1312,-670,50.96666666666667
2019-05-02,929,1015,-86,51.06666666666667
2019-05-03,1621,330,1291,64.23333333333333
2019-05-06,758,1159,-401,61.373333333333335
2019-05-07,284,1673,-1389,50.24
2019-05-08,836,1097,-261,50.48
2019-05-09,821,1129,-308,50.733333333333334
2019-05-10,1273,693,580,53.6
2019-05-13,263,1716,-1453,51.72
2019-05-14,1456,503,953,63.233333333333334
2019-05-15,1243,705,538,66.56666666666666
2019-05-16,1338,619,719,73.61333333333333
2019-05-17,451,1497,-1046,77.40666666666667
2019-05-20,681,1254,-573,82.68666666666667
2019-05-21,1574,373,1201,88.84
2019-05-22,588,1363,-775,80.57333333333334
2019-05-23,365,1593,-1228,61.93333333333333
2019-05-24,1334,612,722,70.68
2019-05-28,560,1396,-836,73.69333333333333
2019-05-29,546,1421,-875,69.18
2019-05-30,968,994,-26,72.22666666666667
2019-05-31,516,1455,-939,71.05333333333333
2019-06-03,1357,622,735,84.06666666666666
2019-06-04,1639,344,1295,86.05333333333333
2019-06-05,1016,951,65,92.94666666666667
2019-06-06,1142,806,336,97.55333333333333
2019-06-07,1447,521,926,97.15333333333334
2019-06-10,1211,752,459,97.90666666666667
2019-06-11,1068,893,175,91.44
2019-06-12,926,1034,-108,91.69333333333333
2019-06-13,1379,583,796,93.48666666666666
2019-06-14,694,1252,-558,85.77333333333333
2019-06-17,1000,963,37,77.72666666666667
2019-06-18,1437,546,891,84.76666666666667
2019-06-19,1201,749,452,93.39333333333333
2019-06-20,1427,545,882,106.28
2019-06-21,699,1270,-571,103.11333333333333
2019-06-24,760,1210,-450,103.96666666666667
2019-06-25,610,1345,-735,95.44
2019-06-26,1068,908,160,95.29333333333334
2019-06-27,1498,477,1021,108.14666666666666
2019-06-28,1570,409,1161,125.2
2019-07-01,1162,802,360,121.68666666666667
2019-07-02,999,973,26,123.09333333333333
2019-07-03,1465,489,976,124.14
2019-07-05,1003,950,53,127.66
2019-07-08,629,1320,-691,113.42666666666666
2019-07-09,977,975,2,114.48666666666666
2019-07-10,1188,774,414,114.88666666666667
2019-07-11,960,987,-27,107.64
2019-07-12,1281,678,603,121.28
2019-07-15,886,1066,-180,122.6
2019-07-16,994,963,31,129.32666666666665
2019-07-17,591,1374,-783,129.01333333333332
2019-07-18,1058,900,158,132.30666666666667
2019-07-19,762,1195,-433,124.8
2019-07-22,915,1049,-134,128.43333333333334
2019-07-23,1368,595,773,142.1
2019-07-24,1456,528,928,158.26
2019-07-25,490,1484,-994,151.99333333333334
2019-07-26,1386,577,809,165.03333333333333
2019-07-29,920,1047,-127,172.55333333333334
2019-07-30,1212,749,463,183.99333333333334
2019-07-31,624,1361,-737,186.97333333333333
2019-08-01,597,1397,-800,170.78
2019-08-02,660,1330,-670,163.74
2019-08-05,172,1840,-1668,151.17333333333335
2019-08-06,1411,589,822,150.92666666666668
2019-08-07,1001,976,25,147.07333333333332
2019-08-08,1697,292,1405,160.53333333333333
2019-08-09,500,1470,-970,143.06666666666666
2019-08-12,489,1502,-1013,128.23333333333332
2019-08-13,1444,549,895,125.88
2019-08-14,119,1902,-1783,107.91333333333333
2019-08-15,967,1011,-44,104.04
2019-08-16,1743,245,1498,112.88
2019-08-19,1593,405,1188,125.32
2019-08-20,660,1324,-664,117.00666666666666
2019-08-21,1438,541,897,118.47333333333333
2019-08-22,834,1131,-297,110.31333333333333
2019-08-23,203,1793,-1590,92.99333333333334
2019-08-26,1416,574,842,106.41333333333333
2019-08-27,564,1431,-867,100.66
2019-08-28,1493,492,1001,103.3
2019-08-29,1658,336,1322,104.74
2019-08-30,1145,809,336,108.91333333333333
2019-09-03,683,1320,-637,102.43333333333334
2019-09-04,1652,332,1320,103.76
2019-09-05,1444,554,890,104.16
2019-09-06,1064,899,165,103.49333333333334
2019-09-09,1305,677,628,102.79333333333334
2019-09-10,1260,712,548,102.72
2019-09-11,1500,482,1018,111.75333333333333
2019-09-12,980,1014,-34,116.33333333333333
2019-09-13,1005,990,15,117.48666666666666
2019-09-16,1037,935,102,114.26666666666667
2019-09-17,974,1011,-37,107.32
2019-09-18,830,1141,-311,102.15333333333334
2019-09-19,954,1025,-71,101.96
2019-09-20,945,1028,-83,93.52666666666667
2019-09-23,1030,934,96,90.5
2019-09-24,563,1424,-861,81.62666666666667
2019-09-25,1323,644,679,88.72
2019-09-26,833,1151,-318,79.84
2019-09-27,799,1180,-381,78.08666666666667
2019-09-30,1183,799,384,83.61333333333333
2019-10-01,375,1619,-1244,74.93333333333334
2019-10-02,381,1600,-1219,69.07333333333334
2019-10-03,1245,722,523,69.37333333333333
2019-10-04,1559,420,1139,79.26666666666667
2019-10-07,660,1318,-658,77.0
2019-10-08,403,1592,-1189,76.88
2019-10-09,1353,626,727,87.2
2019-10-10,1263,720,543,92.68
2019-10-11,1526,485,1041,90.37333333333333
2019-10-14,765,1201,-436,85.47333333333333
2019-10-15,1369,627,742,85.25333333333333
2019-10-16,981,996,-15,87.60666666666667
2019-10-17,1369,617,752,90.46
2019-10-18,977,990,-13,85.38
2019-10-21,1426,559,867,93.84666666666666
2019-10-22,1126,858,268,98.12
2019-10-23,1221,754,467,95.06
2019-10-24,856,1107,-251,102.75333333333333
2019-10-25,1147,826,321,103.66
2019-10-28,1162,829,333,99.16
2019-10-29,1136,845,291,102.2
2019-10-30,1036,946,90,98.23333333333333
2019-10-31,726,1272,-546,91.54666666666667
2019-11-01,1513,484,1029,91.14
2019-11-04,1247,736,511,96.56666666666666
2019-11-05,1020,967,53,94.52666666666667
2019-11-06,938,1052,-114,89.88666666666667
2019-11-07,1004,980,24,84.03333333333333
2019-11-08,1020,960,60,82.92666666666666
2019-11-11,872,1103,-231,88.50666666666666
2019-11-12,883,1095,-212,80.27333333333333
2019-11-13,826,1161,-335,76.77333333333333
2019-11-14,1042,947,95,73.58666666666667
2019-11-15,1276,712,564,78.9
2019-11-18,848,1131,-283,75.91333333333333
2019-11-19,1001,975,26,78.56
2019-11-20,810,1181,-371,75.83333333333333
2019-11-21,726,1258,-532,75.36
2019-11-22,1203,764,439,71.10666666666667
2019-11-25,1522,473,1049,78.13333333333334
2019-11-26,1091,894,197,83.3
2019-11-27,1307,666,641,81.46
2019-11-29,631,1350,-719,74.44666666666667
2019-12-02,488,1506,-1018,66.53333333333333
2019-12-03,726,1264,-538,67.41333333333333
2019-12-04,1419,580,839,73.58
2019-12-05,1165,816,349,67.3
2019-12-06,1546,461,1085,77.20666666666666
2019-12-09,945,1040,-95,85.83333333333333
2019-12-10,939,1048,-109,86.84666666666666
2019-12-11,1208,776,432,91.78
2019-12-12,1298,708,590,91.84666666666666
2019-12-13,870,1111,-241,99.92666666666666
2019-12-16,1402,600,802,98.92
2019-12-17,1223,773,450,98.33333333333333
2019-12-18,1206,795,411,96.28
2019-12-19,1162,829,333,105.47333333333333
2019-12-20,1227,776,451,112.3
2019-12-23,1018,971,47,104.60666666666667
2019-12-24,1112,864,248,111.42666666666666
2019-12-26,1238,747,491,122.88666666666667
2019-12-27,838,1136,-298,116.08666666666667
2019-12-30,770,1232,-462,118.58
2019-12-31,1308,670,638,128.66666666666666
2020-01-02,1125,883,242,130.45333333333335
2020-01-03,821,1180,-359,134.32
2020-01-06,1042,938,104,130.11333333333334
2020-01-07,851,1158,-307,119.43333333333334
2020-01-08,1162,839,323,121.15333333333334
2020-01-09,1119,881,238,120.5
2020-01-10,861,1142,-281,112.45333333333333
2020-01-13,1457,538,919,115.52
2020-01-14,1079,923,156,115.39333333333333
2020-01-15,1160,839,321,118.25333333333333
2020-01-16,1527,460,1067,120.06
2020-01-17,966,1027,-61,123.37333333333333
2020-01-21,756,1258,-502,119.78
2020-01-22,996,1007,-11,113.76666666666667
2020-01-23,1021,957,64,111.18
2020-01-24,498,1514,-1016,98.52666666666667
2020-01-27,339,1690,-1351,93.32666666666667
2020-01-28,1490,521,969,102.78666666666666
2020-01-29,907,1096,-189,106.42666666666666
2020-01-30,1002,979,23,105.51333333333334
2020-01-31,271,1756,-1485,88.80666666666667
2020-02-03,1344,662,682,85.61333333333333
2020-02-04,1521,500,1021,90.02
2020-02-05,1630,391,1239,98.10666666666667
2020-02-06,902,1107,-205,90.23333333333333
2020-02-07,609,1401,-792,84.6
2020-02-10,1213,798,415,91.97333333333333
2020-02-11,1433,577,856,97.66666666666667
2020-02-12,1348,665,683,99.46
2020-02-13,926,1083,-157,98.59333333333333
2020-02-14,1004,1003,1,94.58
2020-02-18,803,1196,-393,93.16
2020-02-19,1217,780,437,95.86666666666666
2020-02-20,1128,875,253,102.77333333333333
2020-02-21,593,1423,-830,96.18666666666667
2020-02-24,188,1868,-1680,87.87333333333333
2020-02-25,164,1888,-1724,77.27333333333333
2020-02-26,586,1442,-856,66.41333333333333
2020-02-27,153,1903,-1750,48.56
2020-02-28,497,1563,-1066,48.08
2020-03-02,1717,332,1385,51.92
2020-03-03,539,1501,-962,46.35333333333333
2020-03-04,1773,266,1507,53.31333333333333
2020-03-05,187,1864,-1677,47.04666666666667
2020-03-06,395,1657,-1262,43.96666666666667
2020-03-09,45,2024,-1979,35.24
2020-03-10,1613,429,1184,54.25333333333333
2020-03-11,68,2000,-1932,35.89333333333333
2020-03-12,45,2032,-1987,22.48
2020-03-13,1831,229,1602,23.793333333333333
2020-03-16,86,1988,-1902,17.58
2020-03-17,1365,689,676,28.84
2020-03-18,136,1934,-1798,10.886666666666667
2020-03-19,1539,518,1021,29.58
2020-03-20,789,1265,-476,26.7
2020-03-23,488,1572,-1084,9.486666666666666
2020-03-24,1925,136,1789,13.493333333333334
2020-03-25,1611,444,1167,25.7
2020-03-26,1789,264,1525,29.886666666666667
2020-03-27,407,1652,-1245,23.566666666666666
2020-03-30,1265,785,480,37.36666666666667
2020-03-31,873,1165,-292,29.80666666666667
2020-04-01,149,1918,-1769,23.793333333333333
2020-04-02,1269,763,506,20.493333333333332
2020-04-03,386,1652,-1266,3.24
2020-04-06,1932,131,1801,13.006666666666666
2020-04-07,1414,634,780,22.453333333333333
2020-04-08,1854,205,1649,24.64666666666667
2020-04-09,1754,304,1450,28.38
2020-04-13,476,1577,-1101,19.94
2020-04-14,1519,526,993,22.373333333333335
2020-04-15,252,1808,-1556,8.346666666666666
2020-04-16,712,1330,-618,-2.56
2020-04-17,1801,246,1555,8.033333333333333
2020-04-20,389,1664,-1275,-0.5666666666666667
2020-04-21,360,1676,-1316,-10.02
2020-04-22,1449,591,858,-4.053333333333334
2020-04-23,1199,845,354,0.38
2020-04-24,1272,762,510,4.253333333333333
2020-04-27,1687,369,1318,13.593333333333334
2020-04-28,1527,520,1007,19.666666666666668
2020-04-29,1836,226,1610,36.14
2020-04-30,391,1648,-1257,23.233333333333334
2020-05-01,248,1812,-1564,14.926666666666666
2020-05-04,919,1117,-198,16.14666666666667
2020-05-05,1196,845,351,15.926666666666666
2020-05-06,583,1442,-859,18.493333333333332
2020-05-07,1537,483,1054,33.64666666666667
2020-05-08,1769,279,1490,40.093333333333334
2020-05-11,589,1440,-851,26.826666666666668
2020-05-12,386,1659,-1273,22.726666666666667
2020-05-13,205,1855,-1650,19.653333333333332
2020-05-14,1185,865,320,16.94
2020-05-15,1207,812,395,15.953333333333333
2020-05-18,1880,172,1708,20.4
2020-05-19,667,1373,-706,18.6
2020-05-20,1705,343,1362,22.733333333333334
2020-05-21,975,1063,-88,22.246666666666666
2020-05-22,1110,921,189,18.493333333333332
2020-05-26,1776,275,1501,28.586666666666666
2020-05-27,1714,328,1386,32.04666666666667
2020-05-28,760,1282,-522,26.78
2020-05-29,890,1164,-274,21.84
2020-06-01,1586,480,1106,30.886666666666667
2020-06-02,1559,489,1070,35.88
2020-06-03,1697,359,1338,42.58
2020-06-04,1132,918,214,42.06666666666667
2020-06-05,1802,264,1538,51.72
2020-06-08,1682,380,1302,64.04
2020-06-09,341,1712,-1371,48.04
2020-06-10,453,1607,-1154,36.94
2020-06-11,30,2061,-2031,23.046666666666667
2020-06-12,1768,302,1466,33.58
2020-06-15,1384,657,727,38.266666666666666
2020-06-16,1732,327,1405,47.233333333333334
2020-06-17,516,1533,-1017,41.99333333333333
2020-06-18,830,1200,-370,40.94
2020-06-19,651,1380,-729,38.31333333333333
2020-06-22,1105,930,175,38.846666666666664
2020-06-23,1143,892,251,36.76
2020-06-24,169,1894,-1725,27.14666666666667
2020-06-25,1423,620,803,32.32666666666667
2020-06-26,332,1738,-1406,25.426666666666666
2020-06-29,1676,378,1298,37.626666666666665
2020-06-30,1491,575,916,40.806666666666665
2020-07-01,901,1150,-249,32.153333333333336
2020-07-02,1261,782,479,34.03333333333333
2020-07-06,1527,542,985,36.32666666666667
2020-07-07,429,1640,-1211,33.04666666666667
2020-07-08,1230,810,420,42.63333333333333
2020-07-09,384,1682,-1298,37.56666666666667
2020-07-10,1623,443,1180,39.84
2020-07-13,781,1283,-502,34.166666666666664
2020-07-14,1465,601,864,32.693333333333335
2020-07-15,1788,285,1503,43.346666666666664
2020-07-16,808,1234,-426,41.233333333333334
2020-07-17,1087,959,128,39.20666666666666
2020-07-20,777,1266,-489,32.013333333333335
2020-07-21,1626,440,1186,41.526666666666664
2020-07-22,1246,798,448,39.166666666666664
2020-07-23,905,1139,-234,34.60666666666667
2020-07-24,585,1452,-867,26.086666666666666
2020-07-27,1287,769,518,27.32
2020-07-28,844,1193,-349,21.986666666666668
2020-07-29,1727,345,1382,30.886666666666667
2020-07-30,612,1453,-841,23.626666666666665
2020-07-31,793,1264,-471,17.213333333333335
2020-08-03,1356,715,641,23.473333333333333
2020-08-04,1376,692,684,31.113333333333333
2020-08-05,1515,533,982,33.406666666666666
2020-08-06,995,1051,-56,31.42
2020-08-07,1354,710,644,38.10666666666667
2020-08-10,1534,545,989,44.00666666666667
2020-08-11,1047,1016,31,46.26
2020-08-12,1260,810,450,47.10666666666667
2020-08-13,693,1366,-673,41.03333333333333
2020-08-14,1001,1041,-40,42.64
2020-08-17,1003,1053,-50,36.18
2020-08-18,630,1434,-804,29.78
2020-08-19,779,1278,-499,24.313333333333333
2020-08-20,718,1346,-628,13.013333333333334
2020-08-21,637,1425,-788,8.166666666666666
2020-08-24,1555,514,1041,18.453333333333333
2020-08-25,948,1112,-164,17.433333333333334
2020-08-26,737,1330,-593,13.053333333333333
2020-08-27,1180,872,308,21.88
2020-08-28,1524,538,986,37.46
2020-08-31,536,1543,-1007,24.286666666666665
2020-09-01,1355,718,637,29.793333333333333
2020-09-02,1492,572,920,35.77333333333333
2020-09-03,360,1725,-1365,36.57333333333333
2020-09-04,861,1214,-353,29.673333333333332
2020-09-08,387,1693,-1306,14.16
2020-09-09,1530,555,975,12.4
2020-09-10,496,1576,-1080,6.566666666666666
2020-09-11,1052,1016,36,12.086666666666666
2020-09-14,1662,417,1245,17.62
2020-09-15,1064,1001,63,12.333333333333334
2020-09-16,1293,768,525,11.28
2020-09-17,774,1294,-520,8.86
2020-09-18,604,1470,-866,3.08
2020-09-21,230,1874,-1644,-5.26
2020-09-22,1139,939,200,-6.84
2020-09-23,194,1924,-1730,-20.06
2020-09-24,1104,966,138,-13.606666666666667
2020-09-25,1456,606,850,3.26
2020-09-28,1816,282,1534,24.98
2020-09-29,653,1421,-768,25.566666666666666
2020-09-30,1213,869,344,39.526666666666664
2020-10-01,1406,685,721,51.44
2020-10-02,1395,683,712,46.95333333333333
2020-10-05,1668,436,1232,61.58
2020-10-06,737,1351,-614,47.44
2020-10-07,1622,475,1147,66.26666666666667
2020-10-08,1667,423,1244,82.97333333333333
2020-10-09,1075,1016,59,96.56
2020-10-12,1329,754,575,92.5
2020-10-13,552,1548,-996,98.74
2020-10-14,797,1291,-494,108.69333333333333
2020-10-15,1207,882,325,100.18
2020-10-16,869,1222,-353,110.50666666666666
2020-10-19,468,1633,-1165,98.23333333333333
2020-10-20,1500,586,914,116.31333333333333
2020-10-21,791,1307,-516,106.06666666666666
2020-10-22,1451,654,797,114.55333333333333
2020-10-23,1278,805,473,124.93333333333334
2020-10-26,214,1920,-1706,101.63333333333334
2020-10-27,551,1542,-991,87.24666666666667
2020-10-28,159,1972,-1813,64.99333333333334
2020-10-29,1484,620,864,79.05333333333333
2020-10-30,733,1372,-639,71.59333333333333
2020-11-02,1743,375,1368,82.66
2020-11-03,1824,308,1516,104.56
2020-11-04,1015,1105,-90,100.58666666666667
2020-11-05,1803,317,1486,118.93333333333334
2020-11-06,843,1265,-422,104.11333333333333
2020-11-09,1650,488,1162,106.66
2020-11-10,1507,603,904,101.69333333333333
2020-11-11,1006,1102,-96,91.38666666666667
2020-11-12,405,1713,-1308,90.00666666666666
2020-11-13,1807,312,1495,93.35333333333334
2020-11-16,1801,334,1467,113.50666666666666
2020-11-17,1197,918,279,119.48666666666666
2020-11-18,747,1351,-604,105.09333333333333
2020-11-19,1314,786,528,117.11333333333333
2020-11-20,919,1181,-262,124.14
2020-11-23,1670,462,1208,126.47333333333333
2020-11-24,1739,405,1334,133.00666666666666
2020-11-25,829,1288,-459,126.54666666666667
2020-11-27,1097,1021,76,118.26666666666667
2020-11-30,523,1612,-1089,104.29333333333334
2020-12-01,1566,572,994,100.18666666666667
2020-12-02,1270,860,410,111.3
2020-12-03,1370,762,608,125.78
2020-12-04,1752,379,1373,136.25333333333333
2020-12-07,791,1331,-540,130.31333333333333
2020-12-08,1358,768,590,139.97333333333333
2020-12-09,1039,1090,-51,132.60666666666665
2020-12-10,1159,973,186,123.91333333333333
2020-12-11,788,1341,-553,125.9
2020-12-14,665,1467,-802,129.04
2020-12-15,1774,362,1412,149.45333333333335
2020-12-16,882,1246,-364,144.89333333333335
2020-12-17,1438,697,741,147.2
2020-12-18,820,1331,-511,132.40666666666667
2020-12-21,669,1487,-818,131.66
2020-12-22,876,1254,-378,120.06
2020-12-23,1504,637,867,126.42666666666666
2020-12-24,1204,917,287,127.08
2020-12-28,1130,1020,110,117.80666666666667
2020-12-29,678,1460,-782,103.35333333333334
2020-12-30,1475,669,806,112.20666666666666
2020-12-31,1312,831,481,117.24
2021-01-04,585,1585,-1000,103.2
2021-01-05,1619,537,1082,103.28
2021-01-06,1611,556,1055,101.39333333333333
2021-01-07,1370,787,583,103.85333333333334
2021-01-08,1003,1125,-122,92.78666666666666
2021-01-11,905,1238,-333,81.88666666666667
2021-01-12,1540,607,933,97.24666666666667
2021-01-13,930,1222,-292,102.99333333333334
2021-01-14,1458,696,762,121.61333333333333
2021-01-15,616,1546,-930,105.64
2021-01-19,1323,834,489,104.05333333333333
2021-01-20,1371,779,592,98.63333333333334
2021-01-21,784,1369,-585,101.51333333333334
2021-01-22,1072,1084,-12,103.9
2021-01-25,887,1272,-385,106.19333333333333
2021-01-26,871,1280,-409,102.3
2021-01-27,393,1784,-1391,91.35333333333334
2021-01-28,1447,721,726,107.69333333333333
2021-01-29,408,1751,-1343,93.38666666666667
2021-02-01,1801,383,1418,112.21333333333334
2021-02-02,1669,508,1161,111.3
2021-02-03,1315,847,468,108.31333333333333
2021-02-04,1613,547,1066,117.08
2021-02-05,1515,658,857,119.6
2021-02-08,1691,483,1208,121.08666666666667
2021-02-09,1202,971,231,130.7
2021-02-10,1157,1014,143,128.85333333333332
2021-02-11,1050,1129,-79,136.98
2021-02-12,1289,884,405,131.81333333333333
2021-02-16,1082,1106,-24,135.0
2021-02-17,853,1318,-465,126.14
2021-02-18,564,1617,-1053,109.1
2021-02-19,1505,673,832,117.48666666666666
2021-02-22,1123,1068,55,117.0
2021-02-23,945,1225,-280,118.39333333333333
2021-02-24,1688,507,1181,118.36
2021-02-25,259,1947,-1688,104.12
2021-02-26,790,1397,-607,101.63333333333334
2021-03-01,1891,305,1586,117.98666666666666
2021-03-02,913,1278,-365,112.1
2021-03-03,1057,1137,-80,113.89333333333333
2021-03-04,465,1727,-1262,96.26666666666667
2021-03-05,1729,446,1283,110.42666666666666
2021-03-08,1391,799,592,117.51333333333334
2021-03-09,1276,917,359,115.63333333333334
2021-03-10,1711,487,1224,119.23333333333333
2021-03-11,1559,633,926,118.86
2021-03-12,1337,850,487,122.48
2021-03-15,1395,804,591,122.12666666666667
2021-03-16,588,1610,-1022,108.72
2021-03-17,1340,831,509,111.90666666666667
2021-03-18,476,1737,-1261,100.5
2021-03-19,1133,1053,80,105.52
2021-03-22,866,1329,-463,102.7
2021-03-23,380,1828,-1448,93.38
2021-03-24,921,1268,-347,96.42666666666666
2021-03-25,1611,577,1034,106.64666666666666
2021-03-26,1784,431,1353,119.85333333333334
2021-03-29,663,1545,-882,119.22666666666667
2021-03-30,1435,774,661,116.69333333333333
2021-03-31,1142,1065,77,118.3
2021-04-01,1761,452,1309,130.98
2021-04-05,1375,839,536,132.5
2021-04-06,1292,915,377,128.44
2021-04-07,864,1335,-471,132.01333333333332
2021-04-08,1365,836,529,131.29333333333332
2021-04-09,1236,972,264,126.92
2021-04-12,1182,1017,165,137.12
2021-04-13,990,1226,-236,137.9
2021-04-14,1362,845,517,150.05333333333334
2021-04-15,1449,758,691,148.16
2021-04-16,1340,879,461,158.43333333333334
2021-04-19,727,1467,-740,153.26
2021-04-20,552,1662,-1110,137.56
2021-04-21,1865,369,1496,147.11333333333334
2021-04-22,747,1463,-716,138.84
2021-04-23,1786,436,1350,151.30666666666667
2021-04-26,1390,817,573,160.9
2021-04-27,1162,1038,124,172.68666666666667
2021-04-28,1288,914,374,173.84666666666666
2021-04-29,1267,961,306,187.42
2021-04-30,671,1559,-888,180.58
2021-05-03,1601,639,962,181.32666666666665
2021-05-04,916,1315,-399,168.44
2021-05-05,1287,951,336,175.8
2021-05-06,1348,877,471,176.64666666666668
2021-05-07,1718,523,1195,179.80666666666667
2021-05-10,763,1472,-709,170.33333333333334
2021-05-11,596,1646,-1050,155.12
2021-05-12,252,2004,-1752,147.53333333333333
2021-05-13,1580,661,919,146.01333333333332
2021-05-14,1926,318,1608,148.44
2021-05-17,1224,1001,223,149.53333333333333
2021-05-18,883,1352,-469,142.57333333333332
2021-05-19,691,1542,-851,143.54
2021-05-20,1461,775,686,151.40666666666667
2021-05-21,1280,944,336,151.48
2021-05-24,1550,694,856,159.54
2021-05-25,683,1550,-867,161.52666666666667
2021-05-26,1693,539,1154,163.12666666666667
2021-05-27,1475,755,720,171.36666666666667
2021-05-28,1270,958,312,168.13333333333333
2021-06-01,1688,572,1116,172.42
2021-06-02,1147,1097,50,184.12666666666667
2021-06-03,909,1332,-423,187.91333333333333
2021-06-04,1435,804,631,204.20666666666668
2021-06-07,1258,979,279,200.30666666666667
2021-06-08,1469,768,701,209.24
2021-06-09,921,1318,-397,197.47333333333333
2021-06-10,1098,1146,-48,187.04666666666665
2021-06-11,1509,729,780,192.84666666666666
2021-06-14,825,1422,-597,178.96
2021-06-15,1097,1146,-49,181.44666666666666
2021-06-16,784,1463,-679,169.17333333333335
2021-06-17,597,1659,-1062,156.06666666666666
2021-06-18,397,1871,-1474,146.88
2021-06-21,1867,383,1484,165.49333333333334
2021-06-22,1144,1091,53,155.88
2021-06-23,1139,1078,61,146.50666666666666
2021-06-24,1664,590,1074,151.80666666666667
2021-06-25,1276,972,304,157.86
2021-06-28,801,1480,-679,149.81333333333333
2021-06-29,939,1315,-376,149.05333333333334
2021-06-30,1304,960,344,143.29333333333332
2021-07-01,1560,684,876,140.24
2021-07-02,1057,1187,-130,142.43333333333334
2021-07-06,638,1634,-996,135.28666666666666
2021-07-07,1060,1195,-135,141.64666666666668
2021-07-08,439,1820,-1381,125.81333333333333
2021-07-09,1954,315,1639,134.00666666666666
2021-07-12,1334,910,424,132.78
2021-07-13,472,1782,-1310,114.89333333333333
2021-07-14,822,1438,-616,114.38666666666667
2021-07-15,867,1395,-528,106.93333333333334
2021-07-16,575,1697,-1122,99.79333333333334
2021-07-19,293,2012,-1719,87.09333333333333
2021-07-20,2020,267,1753,102.46666666666667
2021-07-21,1824,470,1354,116.84
2021-07-22,645,1615,-970,100.96
2021-07-23,1483,789,694,108.01333333333334
2021-07-26,1416,875,541,106.68
2021-07-27,811,1469,-658,105.7
2021-07-28,1550,726,824,116.64666666666666
2021-07-29,1663,618,1045,126.13333333333334
2021-07-30,811,1478,-667,115.90666666666667
2021-08-02,984,1302,-318,111.87333333333333
2021-08-03,1487,804,683,115.69333333333333
2021-08-04,608,1680,-1072,113.76
2021-08-05,1625,651,974,114.88
2021-08-06,1440,852,588,115.59333333333333
2021-08-09,882,1391,-509,118.86666666666666
2021-08-10,1431,846,585,115.55333333333333
2021-08-11,1619,656,963,114.94
2021-08-12,897,1386,-489,107.79333333333334
2021-08-13,996,1299,-303,106.58666666666667
2021-08-16,791,1501,-710,104.07333333333334
2021-08-17,581,1712,-1131,90.31333333333333
2021-08-18,576,1687,-1111,84.85333333333334
2021-08-19,597,1705,-1108,72.38666666666667
2021-08-20,1759,526,1233,86.80666666666667
2021-08-23,1680,616,1064,90.64
2021-08-24,1662,628,1034,93.58666666666667
2021-08-25,1374,899,475,100.65333333333334
2021-08-26,512,1782,-1270,92.26666666666667
2021-08-27,1990,311,1679,106.02666666666667
2021-08-30,913,1381,-468,105.63333333333334
2021-08-31,1283,1015,268,116.69333333333333
2021-09-01,1367,924,443,114.80666666666667
2021-09-02,1474,804,670,128.22666666666666
2021-09-03,834,1443,-609,114.71333333333334
2021-09-07,654,1652,-998,100.32
2021-09-08,839,1475,-636,92.96
2021-09-09,1036,1243,-207,84.47333333333333
2021-09-10,687,1598,-911,72.68666666666667
2021-09-13,1536,767,769,69.76
2021-09-14,545,1768,-1223,60.06666666666667
2021-09-15,1683,624,1059,66.17333333333333
2021-09-16,878,1423,-545,63.06666666666667
2021-09-17,780,1533,-753,55.346666666666664
2021-09-20,293,2031,-1738,43.92
2021-09-21,1200,1100,100,47.68666666666667
2021-09-22,1875,447,1428,64.22666666666667
2021-09-23,1687,617,1070,65.81333333333333
2021-09-24,983,1322,-339,63.18666666666667
2021-09-27,1478,835,643,69.34
2021-09-28,386,1948,-1562,51.053333333333335
2021-09-29,1240,1075,165,63.406666666666666
2021-09-30,698,1634,-936,61.21333333333333
2021-10-01,1778,547,1231,58.846666666666664
2021-10-04,875,1442,-567,57.5
2021-10-05,1484,835,649,62.36
2021-10-06,955,1341,-386,68.2
2021-10-07,1763,555,1208,67.7
2021-10-08,1000,1296,-296,61.78
2021-10-11,893,1394,-501,56.04666666666667
2021-10-12,1342,958,384,50.446666666666665
2021-10-13,1409,893,516,47.71333333333333
2021-10-14,1798,516,1282,53.013333333333335
2021-10-15,1183,1135,48,49.39333333333333
2021-10-18,1136,1173,-37,55.96
2021-10-19,1382,927,455,55.6
2021-10-20,1635,670,965,70.44
2021-10-21,1054,1272,-218,68.45333333333333
2021-10-22,1198,1122,76,72.04666666666667
2021-10-25,1448,900,548,85.35333333333334
2021-10-26,900,1415,-515,84.23333333333333
2021-10-27,502,1834,-1332,68.46
2021-10-28,1711,626,1085,66.67333333333333
2021-10-29,984,1341,-357,70.17333333333333
2021-11-01,1836,518,1318,74.55333333333333
2021-11-02,1038,1308,-270,72.24
2021-11-03,1617,722,895,69.48
2021-11-04,961,1356,-395,63.27333333333333
2021-11-05,1651,701,950,67.09333333333333
2021-11-08,1334,1006,328,72.42
2021-11-09,1138,1184,-46,68.58666666666667
2021-11-10,763,1588,-825,61.32666666666667
2021-11-11,1478,862,616,64.33333333333333
2021-11-12,1245,1105,140,66.84
2021-11-15,1066,1276,-210,61.99333333333333
2021-11-16,1030,1306,-276,55.54666666666667
2021-11-17,663,1691,-1028,45.62
2021-11-18,773,1576,-803,45.2
2021-11-19,672,1696,-1024,45.77333333333333
2021-11-22,1141,1215,-74,35.306666666666665
2021-11-23,1186,1189,-3,40.06
2021-11-24,1251,1090,161,32.13333333333333
2021-11-26,270,2096,-1826,16.14
2021-11-29,1191,1166,25,15.48
2021-11-30,360,2015,-1655,1.9533333333333334
2021-12-01,508,1854,-1346,-9.06
2021-12-02,1890,476,1414,6.286666666666667
2021-12-03,581,1779,-1198,-8.113333333333333
2021-12-06,1902,472,1430,4.08
2021-12-07,1970,403,1567,12.286666666666667
2021-12-08,1568,796,772,14.293333333333333
2021-12-09,471,1888,-1417,-3.12
2021-12-10,1183,1185,-2,1.5933333333333333
2021-12-13,601,1772,-1171,0.7866666666666666
2021-12-14,677,1699,-1022,5.653333333333333
2021-12-15,1635,727,908,5.58
2021-12-16,955,1412,-457,-8.186666666666667
2021-12-17,1010,1353,-343,-11.96
2021-12-20,358,2006,-1648,-19.82
2021-12-21,2061,329,1732,-2.6
2021-12-22,1790,569,1221,0.9666666666666667
2021-12-23,1758,609,1149,6.386666666666667
2021-12-27,1775,593,1182,8.56
2021-12-28,1106,1253,-147,13.36
2021-12-29,1300,1063,237,7.246666666666667
2021-12-30,1179,1188,-9,2.3866666666666667
2021-12-31,1410,961,449,3.3
2022-01-03,1467,937,530,-0.6066666666666667
2022-01-04,1409,984,425,1.8933333333333333
2022-01-05,400,2002,-1602,-5.966666666666667
2022-01-06,1343,1038,305,-8.14
2022-01-07,1209,1142,67,-9.553333333333333
2022-01-10,878,1487,-609,-18.286666666666665
2022-01-11,1772,603,1169,-7.846666666666667
2022-01-12,1214,1144,70,-7.06
2022-01-13,1040,1338,-298,-14.246666666666666
2022-01-14,1000,1375,-375,-12.766666666666667
2022-01-18,338,2060,-1722,-23.92
2022-01-19,636,1766,-1130,-26.926666666666666
2022-01-20,485,1891,-1406,-29.22
2022-01-21,370,2029,-1659,-30.453333333333333
2022-01-24,1241,1171,70,-39.88
2022-01-25,990,1405,-415,-43.0
2022-01-26,737,1669,-932,-49.62
2022-01-27,706,1687,-981,-63.32
2022-01-28,1761,622,1139,-57.75333333333333
2022-01-31,2045,349,1696,-41.92
2022-02-01,1798,613,1185,-31.513333333333332
2022-02-02,1153,1231,-78,-34.32666666666667
2022-02-03,373,2029,-1656,-51.20666666666666
2022-02-04,1180,1197,-17,-50.45333333333333
2022-02-07,1346,1033,313,-41.72666666666667
2022-02-08,1643,750,893,-34.873333333333335
2022-02-09,1824,557,1267,-17.22
2022-02-10,536,1869,-1333,-37.03333333333333
2022-02-11,720,1670,-950,-46.193333333333335
2022-02-14,652,1758,-1106,-44.833333333333336
2022-02-15,1914,484,1430,-31.19333333333333
2022-02-16,1524,863,661,-23.266666666666666
2022-02-17,524,1874,-1350,-24.786666666666665
2022-02-18,783,1589,-806,-18.7
2022-02-22,457,1942,-1485,-40.28666666666667
2022-02-23,545,1834,-1289,-57.906666666666666
2022-02-24,1482,928,554,-47.74666666666667
2022-02-25,2036,354,1682,-41.16
2022-02-28,1132,1266,-134,-45.66
2022-03-01,789,1633,-844,-46.9
2022-03-02,1943,471,1472,-42.58
2022-03-03,977,1397,-420,-52.346666666666664
2022-03-04,764,1621,-857,-53.61333333333334
2022-03-07,477,1946,-1469,-61.28666666666667
2022-03-08,1295,1091,204,-64.48
2022-03-09,1869,539,1330,-48.46666666666667
2022-03-10,1008,1393,-385,-57.526666666666664
2022-03-11,581,1809,-1228,-69.63333333333334
2022-03-14,669,1743,-1074,-73.4
2022-03-15,1715,681,1034,-70.40666666666667
2022-03-16,1974,437,1537,-66.58
2022-03-17,1915,492,1423,-53.833333333333336
2022-03-18,1577,809,768,-46.693333333333335
2022-03-21,965,1442,-477,-45.14
2022-03-22,1554,835,719,-32.806666666666665
2022-03-23,704,1684,-980,-31.933333333333334
2022-03-24,1636,765,871,-18.74
2022-03-25,1364,1032,332,-24.746666666666666
2022-03-28,1070,1317,-247,-33.486666666666665
2022-03-29,2012,402,1610,-29.64666666666667
2022-03-30,879,1525,-646,-37.12
2022-03-31,813,1616,-803,-34.00666666666667
2022-04-01,1726,678,1048,-38.21333333333333
2022-04-04,1265,1143,122,-34.28
2022-04-05,402,2014,-1612,-46.81333333333333
2022-04-06,687,1729,-1042,-56.71333333333333
2022-04-07,1047,1349,-302,-63.193333333333335
2022-04-08,1114,1271,-157,-60.18
2022-04-11,742,1665,-923,-59.68
2022-04-12,1195,1178,17,-55.32666666666667
2022-04-13,1907,513,1394,-44.653333333333336
2022-04-14,839,1578,-739,-43.50666666666667
2022-04-18,899,1500,-601,-52.64
2022-04-19,1813,594,1219,-36.36
2022-04-20,1608,788,820,-37.95333333333333
2022-04-21,365,2040,-1675,-45.486666666666665
2022-04-22,242,2174,-1932,-53.346666666666664
2022-04-25,1153,1252,-99,-42.42
2022-04-26,288,2120,-1832,-55.3
2022-04-27,1168,1215,-47,-65.13333333333334
2022-04-28,1985,427,1558,-61.88
2022-04-29,275,2155,-1880,-72.15333333333334
2022-05-02,1144,1250,-106,-77.14666666666666
2022-05-03,1647,737,910,-60.666666666666664
2022-05-04,2100,307,1793,-49.81333333333333
2022-05-05,186,2240,-2054,-57.266666666666666
2022-05-06,732,1668,-936,-71.71333333333334
2022-05-09,277,2163,-1886,-80.50666666666666
2022-05-10,982,1420,-438,-87.75333333333333
2022-05-11,657,1756,-1099,-92.50666666666666
2022-05-12,1269,1151,118,-99.77333333333333
2022-05-13,2042,369,1673,-86.64666666666666
2022-05-16,1178,1214,-36,-83.54666666666667
2022-05-17,2047,364,1683,-74.88666666666667
2022-05-18,233,2174,-1941,-91.26666666666667
2022-05-19,1178,1213,-35,-100.04666666666667
2022-05-20,1120,1261,-141,-101.30666666666667
2022-05-23,1797,586,1211,-92.98666666666666
2022-05-24,950,1440,-490,-99.28666666666666
2022-05-25,1903,489,1414,-96.29333333333334
2022-05-26,2060,357,1703,-83.48666666666666
2022-05-27,2140,278,1862,-71.58
2022-05-31,706,1701,-995,-81.86666666666666
2022-06-01,948,1469,-521,-81.90666666666667
2022-06-02,1981,429,1552,-62.68
2022-06-03,531,1874,-1343,-78.86666666666666
2022-06-06,1433,947,486,-73.24666666666667
2022-06-07,1763,643,1120,-74.56666666666666
2022-06-08,532,1859,-1327,-81.61333333333333
2022-06-09,287,2134,-1847,-99.89333333333333
2022-06-10,302,2106,-1804,-109.28666666666666
2022-06-13,68,2372,-2304,-130.98
2022-06-14,862,1552,-690,-137.76666666666668
2022-06-15,1758,639,1119,-130.0
2022-06-16,144,2296,-2152,-138.84666666666666
2022-06-17,1466,936,530,-139.42
2022-06-21,1797,613,1184,-132.46
2022-06-22,1056,1353,-297,-133.04
2022-06-23,1434,974,460,-128.13333333333333
2022-06-24,2081,323,1758,-109.56
2022-06-27,1318,1082,236,-102.63333333333334
2022-06-28,655,1746,-1091,-103.08
2022-06-29,716,1674,-958,-108.97333333333333
2022-06-30,926,1482,-556,-112.66
2022-07-01,1851,527,1324,-104.90666666666667
2022-07-05,1072,1338,-266,-94.50666666666666
2022-07-06,856,1538,-682,-99.22
2022-07-07,1944,466,1478,-78.33333333333333
2022-07-08,984,1385,-401,-72.03333333333333
2022-07-11,593,1799,-1206,-89.5
2022-07-12,1046,1321,-275,-83.34666666666666
2022-07-13,1023,1348,-325,-95.04666666666667
2022-07-14,472,1915,-1443,-115.11333333333333
2022-07-15,2076,305,1771,-108.45333333333333
2022-07-18,1248,1139,109,-98.28
2022-07-19,2171,234,1937,-85.35333333333334
2022-07-20,1641,762,879,-71.68666666666667
2022-07-21,1448,925,523,-61.38666666666666
2022-07-22,807,1591,-784,-72.66666666666667
2022-07-25,1503,878,625,-65.45333333333333
2022-07-26,883,1493,-610,-67.23333333333333
2022-07-27,2104,308,1796,-44.27333333333333
2022-07-28,1875,540,1335,-46.92
2022-07-29,1729,673,1056,-48.02
2022-08-01,1234,1167,67,-55.233333333333334
2022-08-02,907,1493,-586,-67.02
2022-08-03,1686,719,967,-59.593333333333334
2022-08-04,1106,1288,-182,-62.38666666666666
2022-08-05,1244,1142,102,-61.64666666666667
2022-08-08,1702,693,1009,-57.913333333333334
2022-08-09,896,1479,-583,-65.33333333333333
2022-08-10,2110,304,1806,-56.126666666666665
2022-08-11,1507,872,635,-41.21333333333333
2022-08-12,1983,397,1586,-32.67333333333333
2022-08-15,1172,1219,-47,-33.43333333333333
2022-08-16,1303,1079,224,-27.88
2022-08-17,452,1967,-1515,-45.77333333333333
2022-08-18,1436,930,506,-42.86666666666667
2022-08-19,258,2151,-1893,-53.5
2022-08-22,341,2060,-1719,-62.46
2022-08-23,1268,1115,153,-49.96
2022-08-24,1535,853,682,-37.88
2022-08-25,1954,446,1508,-18.453333333333333
2022-08-26,198,2218,-2020,-20.86
2022-08-29,767,1619,-852,-27.006666666666668
2022-08-30,408,1993,-1585,-34.806666666666665
2022-08-31,704,1700,-996,-35.233333333333334
2022-09-01,671,1735,-1064,-35.78666666666667
2022-09-02,906,1473,-567,-47.16
2022-09-06,763,1642,-879,-64.32666666666667
2022-09-07,1972,425,1547,-61.913333333333334
2022-09-08,1418,950,468,-58.27333333333333
2022-09-09,2091,341,1750,-35.56666666666667
2022-09-12,1893,502,1391,-26.18
2022-09-13,151,2287,-2136,-42.50666666666667
2022-09-14,1156,1229,-73,-48.946666666666665
2022-09-15,661,1739,-1078,-64.58
2022-09-16,576,1835,-1259,-64.08666666666667
2022-09-19,1543,846,697,-53.10666666666667
2022-09-20,304,2110,-1806,-57.77333333333333
2022-09-21,489,1919,-1430,-76.84
2022-09-22,388,2043,-1655,-92.28
2022-09-23,237,2208,-1971,-96.42
2022-09-26,335,2093,-1758,-102.76666666666667
2022-09-27,1147,1263,-116,-93.64
2022-09-28,2238,202,2036,-71.47333333333333
2022-09-29,305,2131,-1826,-87.34
2022-09-30,921,1458,-537,-102.13333333333334
2022-10-03,2171,263,1908,-88.52
2022-10-04,2283,146,2137,-68.64666666666666
2022-10-05,709,1695,-986,-85.03333333333333
2022-10-06,702,1688,-986,-88.80666666666667
2022-10-07,294,2130,-1836,-95.33333333333333
2022-10-10,810,1585,-775,-90.70666666666666
2022-10-11,1100,1307,-207,-93.44666666666667
2022-10-12,943,1452,-509,-105.70666666666666
2022-10-13,1873,556,1317,-94.36
2022-10-14,286,2127,-1841,-98.44666666666667
2022-10-17,2143,281,1862,-78.87333333333333
2022-10-18,1893,516,1377,-76.58666666666667
2022-10-19,535,1886,-1351,-95.84
2022-10-20,764,1635,-871,-111.13333333333334
2022-10-21,1923,499,1424,-106.76
2022-10-24,1424,966,458,-100.52666666666667
2022-10-25,2125,302,1823,-93.16666666666667
2022-10-26,1459,956,503,-83.28
2022-10-27,1343,1043,300,-87.08666666666667
2022-10-28,1920,488,1432,-79.75333333333333
2022-10-31,1097,1295,-198,-79.42666666666666
2022-11-01,1539,888,651,-85.82
2022-11-02,371,2054,-1683,-92.73333333333333
2022-11-03,1022,1395,-373,-89.86666666666666
2022-11-04,1860,568,1292,-88.24
2022-11-07,1535,867,668,-84.6
2022-11-08,1380,1019,361,-71.44666666666667
2022-11-09,344,2087,-1743,-76.12
2022-11-10,2243,213,2030,-60.57333333333333
2022-11-11,1574,834,740,-54.593333333333334
2022-11-14,653,1779,-1126,-55.946666666666665
2022-11-15,1855,569,1286,-47.486666666666665
2022-11-16,708,1716,-1008,-63.5
2022-11-17,857,1544,-687,-63.153333333333336
2022-11-18,1490,918,572,-55.333333333333336
2022-11-21,1080,1321,-241,-65.06666666666666
2022-11-22,1922,507,1415,-61.1
2022-11-23,1427,967,460,-46.86666666666667
2022-11-25,1541,829,712,-29.24
2022-11-28,411,2022,-1611,-39.32
2022-11-29,1532,885,647,-22.793333333333333
2022-11-30,2161,269,1892,-9.866666666666667
2022-12-01,1222,1194,28,-20.066666666666666
2022-12-02,1283,1122,161,-6.46
2022-12-05,290,2142,-1852,-18.1
2022-12-06,658,1750,-1092,-31.446666666666665
2022-12-07,1083,1323,-240,-45.0
2022-12-08,1416,982,434,-28.413333333333334
2022-12-09,673,1738,-1065,-29.273333333333333
2022-12-12,1696,724,972,-10.22
2022-12-13,1666,738,928,-1.1133333333333333
2022-12-14,879,1513,-634,1.9866666666666666
2022-12-15,370,2062,-1692,-10.08
2022-12-16,593,1799,-1206,-29.273333333333333
2022-12-19,621,1808,-1187,-36.946666666666665
2022-12-20,1354,1059,295,-46.2
2022-12-21,1967,465,1502,-23.246666666666666
2022-12-22,524,1903,-1379,-32.20666666666666
2022-12-23,1742,676,1066,-24.16
2022-12-27,1139,1300,-161,-33.306666666666665
2022-12-28,460,1986,-1526,-40.21333333333333
2022-12-29,2154,287,1867,-37.193333333333335
2022-12-30,1023,1382,-359,-50.94
2023-01-03,1388,1054,334,-61.126666666666665
2023-01-04,1969,480,1489,-44.56666666666667
2023-01-05,831,1609,-778,-46.28
2023-01-06,2161,286,1875,-44.126666666666665
2023-01-09,1477,951,526,-31.666666666666668
2023-01-10,1782,632,1150,-27.24
2023-01-11,1924,507,1417,-25.26
2023-01-12,1840,596,1244,-8.12
2023-01-13,1428,985,443,7.1466666666666665
2023-01-17,1186,1241,-55,18.80666666666667
2023-01-18,629,1799,-1170,26.366666666666667
2023-01-19,875,1539,-664,26.54
2023-01-20,2044,407,1637,29.993333333333332
2023-01-23,1733,671,1062,51.42
2023-01-24,1122,1288,-166,46.78
2023-01-25,1310,1089,221,40.36
2023-01-26,1689,727,962,48.75333333333333
2023-01-27,1411,999,412,48.43333333333333
2023-01-30,604,1805,-1201,28.706666666666667
2023-01-31,2177,272,1905,39.833333333333336
2023-02-01,1780,639,1141,54.71333333333333
2023-02-02,1700,743,957,67.48
2023-02-03,677,1763,-1086,63.946666666666665
2023-02-06,563,1878,-1315,46.35333333333333
2023-02-07,1657,773,884,54.02
2023-02-08,632,1775,-1143,50.946666666666665
2023-02-09,553,1875,-1322,32.28
2023-02-10,1330,1092,238,36.54
2023-02-13,1860,567,1293,53.2
2023-02-14,1055,1342,-287,53.12
2023-02-15,1483,953,530,58.82
2023-02-16,594,1832,-1238,60.18666666666667
2023-02-17,1033,1367,-334,46.153333333333336
2023-02-21,254,2206,-1952,32.413333333333334
2023-02-22,1218,1198,20,19.633333333333333
2023-02-23,1580,835,745,18.74
2023-02-24,644,1779,-1135,7.6866666666666665
2023-02-27,1413,998,415,15.68
2023-02-28,1058,1334,-276,9.673333333333334
2023-03-01,1134,1276,-142,12.793333333333333
2023-03-02,1423,1007,416,3.5933333333333333
2023-03-03,2024,407,1617,5.473333333333334
2023-03-06,739,1684,-945,-7.866666666666666
2023-03-07,459,1967,-1508,-18.366666666666667
2023-03-08,1287,1123,164,-13.366666666666667
2023-03-09,307,2146,-1839,-32.07333333333333
2023-03-10,308,2134,-1826,-43.03333333333333
2023-03-13,343,746,-403,-46.4
2023-03-14,1423,1022,401,-50.45333333333333
2023-03-15,318,2102,-1784,-58.46
