Date,up,down,sum,ma150_changes
2018-03-12,0,0,0,
2018-03-13,699,1221,-522,
2018-03-14,714,1228,-514,
2018-03-15,834,1103,-269,
2018-03-16,1223,699,524,
2018-03-19,562,1386,-824,
2018-03-20,823,1096,-273,
2018-03-21,1128,778,350,
2018-03-22,377,1582,-1205,
2018-03-23,403,1552,-1149,
2018-03-26,1395,573,822,
2018-03-27,424,1524,-1100,
2018-03-28,828,1112,-284,
2018-03-29,1310,640,670,
2018-04-02,397,1592,-1195,
2018-04-03,1271,690,581,
2018-04-04,1465,487,978,
2018-04-05,1191,745,446,
2018-04-06,392,1565,-1173,
2018-04-09,971,937,34,
2018-04-10,1554,404,1150,
2018-04-11,907,1008,-101,
2018-04-12,1246,700,546,
2018-04-13,737,1180,-443,
2018-04-16,1227,714,513,
2018-04-17,1303,641,662,
2018-04-18,958,961,-3,
2018-04-19,760,1167,-407,
2018-04-20,772,1171,-399,
2018-04-23,828,1107,-279,
2018-04-24,739,1193,-454,
2018-04-25,806,1117,-311,
2018-04-26,1155,776,379,
2018-04-27,990,961,29,
2018-04-30,673,1288,-615,
2018-05-01,1184,765,419,
2018-05-02,1049,876,173,
2018-05-03,714,1231,-517,
2018-05-04,1414,526,888,
2018-05-07,1223,778,445,
2018-05-08,1060,893,167,
2018-05-09,1197,782,415,
2018-05-10,1149,829,320,
2018-05-11,1045,908,137,
2018-05-14,882,1104,-222,
2018-05-15,988,987,1,
2018-05-16,1284,707,577,
2018-05-17,1219,717,502,
2018-05-18,986,950,36,
2018-05-21,1147,830,317,
2018-05-22,837,1152,-315,
2018-05-23,1079,868,211,
2018-05-24,932,1025,-93,
2018-05-25,1041,922,119,
2018-05-29,763,1211,-448,
2018-05-30,1340,641,699,
2018-05-31,789,1187,-398,
2018-06-01,1419,555,864,
2018-06-04,1114,901,213,
2018-06-05,1252,727,525,
2018-06-06,1190,817,373,
2018-06-07,858,1136,-278,
2018-06-08,1010,960,50,
2018-06-11,1036,965,71,
2018-06-12,1093,885,208,
2018-06-13,893,1095,-202,
2018-06-14,1150,846,304,
2018-06-15,1061,922,139,
2018-06-18,1042,965,77,
2018-06-19,878,1132,-254,
2018-06-20,1265,736,529,
2018-06-21,564,1449,-885,
2018-06-22,1043,964,79,
2018-06-25,459,1564,-1105,
2018-06-26,1144,821,323,
2018-06-27,369,1656,-1287,
2018-06-28,1089,919,170,
2018-06-29,1009,993,16,
2018-07-02,1288,725,563,
2018-07-03,1038,907,131,
2018-07-05,1412,604,808,
2018-07-06,1344,664,680,
2018-07-09,1207,798,409,
2018-07-10,783,1235,-452,
2018-07-11,715,1283,-568,
2018-07-12,1110,848,262,
2018-07-13,864,1119,-255,
2018-07-16,793,1202,-409,
2018-07-17,1134,860,274,
2018-07-18,1048,935,113,
2018-07-19,1112,884,228,
2018-07-20,945,1032,-87,
2018-07-23,1000,1001,-1,
2018-07-24,586,1436,-850,
2018-07-25,1104,896,208,
2018-07-26,1111,903,208,
2018-07-27,411,1616,-1205,
2018-07-30,694,1324,-630,
2018-07-31,1278,741,537,
2018-08-01,992,1029,-37,
2018-08-02,1230,781,449,
2018-08-03,774,1256,-482,
2018-08-06,1230,769,461,
2018-08-07,1095,910,185,
2018-08-08,1044,965,79,
2018-08-09,1076,929,147,
2018-08-10,825,1165,-340,
2018-08-13,743,1299,-556,
2018-08-14,1274,751,523,
2018-08-15,507,1545,-1038,
2018-08-16,1423,605,818,
2018-08-17,1129,869,260,
2018-08-20,1151,874,277,
2018-08-21,1409,634,775,
2018-08-22,1186,832,354,
2018-08-23,876,1144,-268,
2018-08-24,1252,755,497,
2018-08-27,1089,942,147,
2018-08-28,1008,1017,-9,
2018-08-29,1208,805,403,
2018-08-30,898,1110,-212,
2018-08-31,1275,753,522,
2018-09-04,867,1173,-306,
2018-09-05,778,1251,-473,
2018-09-06,715,1328,-613,
2018-09-07,956,1034,-78,
2018-09-10,1055,1017,38,
2018-09-11,891,1144,-253,
2018-09-12,898,1138,-240,
2018-09-13,959,1076,-117,
2018-09-14,1078,961,117,
2018-09-17,669,1385,-716,
2018-09-18,1172,873,299,
2018-09-19,944,1098,-154,
2018-09-20,1490,568,922,
2018-09-21,905,1166,-261,
2018-09-24,848,1234,-386,
2018-09-25,1008,1019,-11,
2018-09-26,736,1321,-585,
2018-09-27,1000,1034,-34,
2018-09-28,1103,940,163,
2018-10-01,720,1378,-658,
2018-10-02,676,1414,-738,
2018-10-03,1331,775,556,
2018-10-04,483,1615,-1132,
2018-10-05,643,1437,-794,
2018-10-08,833,1236,-403,
2018-10-09,835,1267,-432,
2018-10-10,249,1874,-1625,
2018-10-11,590,1527,-937,-42.7
2018-10-12,1234,854,380,-40.166666666666664
2018-10-15,1134,955,179,-35.49333333333333
2018-10-16,1676,428,1248,-23.746666666666666
2018-10-17,897,1175,-278,-23.80666666666667
2018-10-18,497,1606,-1109,-34.693333333333335
2018-10-19,594,1493,-899,-35.193333333333335
2018-10-22,883,1228,-345,-35.67333333333333
2018-10-23,685,1418,-733,-42.89333333333333
2018-10-24,336,1805,-1469,-44.653333333333336
2018-10-25,1492,613,879,-31.133333333333333
2018-10-26,682,1428,-746,-41.586666666666666
2018-10-29,865,1253,-388,-36.84
2018-10-30,1424,680,744,-29.986666666666668
2018-10-31,1292,830,462,-31.373333333333335
2018-11-01,1636,480,1156,-15.7
2018-11-02,1119,976,143,-18.62
2018-11-05,958,1155,-197,-26.453333333333333
2018-11-06,1288,814,474,-26.266666666666666
2018-11-07,1435,661,774,-13.286666666666667
2018-11-08,1025,1063,-38,-13.766666666666667
2018-11-09,508,1579,-1071,-28.573333333333334
2018-11-12,455,1665,-1210,-35.96666666666667
2018-11-13,1044,1056,-12,-39.68666666666667
2018-11-14,690,1416,-726,-41.57333333333333
2018-11-15,1439,680,759,-39.93333333333333
2018-11-16,1009,1089,-80,-44.88
2018-11-19,526,1592,-1066,-51.96666666666667
2018-11-20,534,1583,-1049,-56.24666666666667
2018-11-21,1518,564,954,-47.22666666666667
2018-11-23,1128,895,233,-43.81333333333333
2018-11-26,1241,868,373,-38.3
2018-11-27,729,1371,-642,-40.50666666666667
2018-11-28,1656,461,1195,-35.06666666666667
2018-11-29,941,1167,-226,-36.766666666666666
2018-11-30,1189,945,244,-31.04
2018-12-03,1309,796,513,-30.413333333333334
2018-12-04,298,1829,-1531,-41.77333333333333
2018-12-06,838,1296,-458,-41.38
2018-12-07,565,1538,-973,-53.78666666666667
2018-12-10,916,1205,-289,-58.68
2018-12-11,937,1158,-221,-61.266666666666666
2018-12-12,1399,691,708,-59.31333333333333
2018-12-13,517,1612,-1095,-68.74666666666667
2018-12-14,496,1620,-1124,-77.15333333333334
2018-12-17,405,1742,-1337,-84.58666666666667
2018-12-18,848,1293,-445,-87.56
2018-12-19,524,1605,-1081,-98.61333333333333
2018-12-20,503,1650,-1147,-109.60666666666667
2018-12-21,452,1710,-1258,-118.23333333333333
2018-12-24,574,1535,-961,-126.75333333333333
2018-12-26,1709,416,1293,-116.03333333333333
2018-12-27,1037,1073,-36,-117.68
2018-12-28,1417,731,686,-112.48666666666666
2018-12-31,1372,803,569,-109.48666666666666
2019-01-02,1556,595,961,-100.09333333333333
2019-01-03,625,1489,-864,-110.51333333333334
2019-01-04,1901,248,1653,-96.84
2019-01-07,1582,545,1037,-95.68666666666667
2019-01-08,1454,681,773,-91.95333333333333
2019-01-09,1325,788,537,-91.87333333333333
2019-01-10,1118,980,138,-93.44
2019-01-11,1138,975,163,-90.5
2019-01-14,646,1463,-817,-96.28
2019-01-15,1412,709,703,-92.06666666666666
2019-01-16,1309,819,490,-90.18666666666667
2019-01-17,1285,815,470,-85.70666666666666
2019-01-18,1454,669,785,-82.5
2019-01-22,509,1632,-1123,-90.91333333333333
2019-01-23,1005,1087,-82,-91.97333333333333
2019-01-24,1256,841,415,-87.51333333333334
2019-01-25,1491,624,867,-85.26
2019-01-28,786,1333,-547,-83.00666666666666
2019-01-29,911,1206,-295,-85.5
2019-01-30,1441,656,785,-72.9
2019-01-31,1321,808,513,-71.63333333333334
2019-02-01,1238,853,385,-60.486666666666665
2019-02-04,1436,699,737,-56.70666666666666
2019-02-05,1158,959,199,-55.486666666666665
2019-02-06,1040,1052,-12,-59.32
2019-02-07,705,1391,-686,-64.76666666666667
2019-02-08,1024,1068,-44,-70.44666666666667
2019-02-11,1284,835,449,-71.98666666666666
2019-02-12,1537,575,962,-68.3
2019-02-13,1232,882,350,-62.95333333333333
2019-02-14,1032,1105,-73,-59.653333333333336
2019-02-15,1535,593,942,-55.12
2019-02-19,1269,866,403,-50.733333333333334
2019-02-20,1130,1031,99,-47.346666666666664
2019-02-21,961,1177,-216,-50.61333333333334
2019-02-22,1475,650,825,-45.86666666666667
2019-02-25,1023,1103,-80,-47.92
2019-02-26,811,1328,-517,-50.78666666666667
2019-02-27,1117,990,127,-49.93333333333333
2019-02-28,883,1241,-358,-46.653333333333336
2019-03-01,1389,765,624,-43.88
2019-03-04,811,1331,-520,-48.733333333333334
2019-03-05,870,1230,-360,-43.1
2019-03-06,434,1710,-1276,-47.406666666666666
2019-03-07,720,1436,-716,-55.76
2019-03-08,1008,1141,-133,-56.4
2019-03-11,1638,506,1132,-51.846666666666664
2019-03-12,1051,1085,-34,-48.86
2019-03-13,1258,889,369,-49.473333333333336
2019-03-14,933,1195,-262,-52.45333333333333
2019-03-15,1252,894,358,-50.593333333333334
2019-03-18,1319,827,492,-48.29333333333334
2019-03-19,919,1242,-323,-48.18
2019-03-20,807,1345,-538,-48.06
2019-03-21,1270,871,399,-48.88666666666666
2019-03-22,348,1828,-1480,-51.833333333333336
2019-03-25,1118,1030,88,-56.7
2019-03-26,1425,726,699,-53.77333333333333
2019-03-27,899,1249,-350,-57.95333333333333
2019-03-28,1360,772,588,-59.2
2019-03-29,1200,957,243,-59.94
2019-04-01,1489,687,802,-52.806666666666665
2019-04-02,1085,1076,9,-56.06
2019-04-03,1243,937,306,-55.0
2019-04-04,1216,934,282,-53.06
2019-04-05,1496,670,826,-50.24
2019-04-08,995,1175,-180,-50.026666666666664
2019-04-09,564,1590,-1026,-60.346666666666664
2019-04-10,1476,679,797,-52.99333333333333
2019-04-11,986,1177,-191,-51.11333333333334
2019-04-12,1159,1004,155,-45.99333333333333
2019-04-15,840,1338,-498,-48.79333333333334
2019-04-16,1199,953,246,-47.406666666666666
2019-04-17,769,1405,-636,-49.96
2019-04-18,1046,1103,-57,-48.74
2019-04-22,936,1251,-315,-50.06
2019-04-23,1597,589,1008,-44.12
2019-04-24,1038,1121,-83,-39.9
2019-04-25,871,1285,-414,-44.653333333333336
2019-04-26,1450,725,725,-38.79333333333334
2019-04-29,1279,883,396,-42.3
2019-04-30,843,1333,-490,-43.82666666666667
2019-05-01,696,1456,-760,-46.32
2019-05-02,1160,1000,160,-45.18
2019-05-03,1717,471,1246,-32.973333333333336
2019-05-06,1005,1176,-171,-33.88666666666666
2019-05-07,507,1672,-1165,-42.74
2019-05-08,992,1188,-196,-39.66
2019-05-09,889,1294,-405,-37.44
2019-05-10,1157,1027,130,-40.28
2019-05-13,345,1876,-1531,-42.94
2019-05-14,1595,613,982,-31.1
2019-05-15,1247,948,299,-26.42
2019-05-16,1269,911,358,-21.153333333333332
2019-05-17,644,1556,-912,-16.4
2019-05-20,823,1334,-511,-13.56
2019-05-21,1515,676,839,-10.5
2019-05-22,735,1418,-683,-16.246666666666666
2019-05-23,422,1768,-1346,-33.54
2019-05-24,1415,747,668,-27.233333333333334
2019-05-28,810,1381,-571,-23.64666666666667
2019-05-29,679,1525,-846,-23.293333333333333
2019-05-30,1016,1160,-144,-21.953333333333333
2019-05-31,528,1683,-1155,-24.766666666666666
2019-06-03,1107,1092,15,-14.873333333333333
2019-06-04,1676,523,1153,-13.046666666666667
2019-06-05,911,1301,-390,-10.673333333333334
2019-06-06,893,1283,-390,-10.686666666666667
2019-06-07,1375,807,568,-11.86
2019-06-10,1426,798,628,-10.753333333333334
2019-06-11,991,1207,-216,-19.9
2019-06-12,1068,1119,-51,-21.19333333333333
2019-06-13,1482,738,744,-14.92
2019-06-14,807,1392,-585,-21.98
2019-06-17,1190,998,192,-25.86
2019-06-18,1495,714,781,-20.4
2019-06-19,1214,961,253,-11.573333333333334
2019-06-20,1216,984,232,-1.96
2019-06-21,880,1327,-447,-4.86
2019-06-24,623,1589,-966,-6.46
2019-06-25,799,1400,-601,-15.526666666666667
2019-06-26,1109,1126,-17,-15.106666666666667
2019-06-27,1641,571,1070,-0.8666666666666667
2019-06-28,1604,633,971,12.6
2019-07-01,1257,956,301,8.246666666666666
2019-07-02,886,1301,-415,3.9266666666666667
2019-07-03,1345,818,527,4.953333333333333
2019-07-05,1198,970,228,10.753333333333334
2019-07-08,674,1529,-855,-2.9133333333333336
2019-07-09,1184,1026,158,-0.35333333333333333
2019-07-10,1132,1075,57,-1.6
2019-07-11,982,1221,-239,-6.613333333333333
2019-07-12,1237,957,280,5.46
2019-07-15,1028,1163,-135,7.613333333333333
2019-07-16,1024,1171,-147,13.12
2019-07-17,788,1402,-614,10.953333333333333
2019-07-18,1186,1026,160,13.493333333333334
2019-07-19,861,1322,-461,5.7
2019-07-22,1005,1206,-201,11.66
2019-07-23,1193,985,208,20.54
2019-07-24,1539,671,868,35.24
2019-07-25,622,1563,-941,31.933333333333334
2019-07-26,1530,675,855,44.84
2019-07-29,824,1380,-556,48.78
2019-07-30,1435,795,640,61.43333333333333
2019-07-31,735,1511,-776,62.666666666666664
2019-08-01,668,1564,-896,48.07333333333333
2019-08-02,708,1502,-794,43.02
2019-08-05,273,1978,-1705,27.08
2019-08-06,1409,821,588,27.206666666666667
2019-08-07,1051,1188,-137,19.886666666666667
2019-08-08,1621,614,1007,32.36
2019-08-09,746,1476,-730,16.473333333333333
2019-08-12,720,1501,-781,4.3533333333333335
2019-08-13,1553,681,872,5.013333333333334
2019-08-14,317,1924,-1607,-9.28
2019-08-15,888,1332,-444,-13.16
2019-08-16,1755,465,1290,-5.6466666666666665
2019-08-19,1579,658,921,5.94
2019-08-20,816,1394,-578,-2.6
2019-08-21,1475,747,728,-1.0133333333333334
2019-08-22,905,1326,-421,-6.953333333333333
2019-08-23,320,1914,-1594,-22.813333333333333
2019-08-26,1481,760,721,-10.52
2019-08-27,599,1651,-1052,-16.986666666666668
2019-08-28,1539,678,861,-14.013333333333334
2019-08-29,1619,618,1001,-13.12
2019-08-30,1084,1112,-28,-9.66
2019-09-03,625,1621,-996,-14.333333333333334
2019-09-04,1478,754,724,-14.74
2019-09-05,1647,586,1061,-11.086666666666666
2019-09-06,1009,1224,-215,-15.086666666666666
2019-09-09,1383,879,504,-16.64
2019-09-10,1500,742,758,-12.913333333333334
2019-09-11,1682,569,1113,-5.413333333333333
2019-09-12,1153,1098,55,-0.47333333333333333
2019-09-13,1219,1008,211,1.2266666666666666
2019-09-16,1201,1049,152,-0.7533333333333333
2019-09-17,999,1255,-256,-8.873333333333333
2019-09-18,885,1355,-470,-14.34
2019-09-19,927,1316,-389,-16.446666666666665
2019-09-20,1137,1138,-1,-22.733333333333334
2019-09-23,1008,1245,-237,-27.0
2019-09-24,452,1808,-1356,-36.7
2019-09-25,1343,902,441,-32.32
2019-09-26,663,1561,-898,-43.806666666666665
2019-09-27,778,1475,-697,-47.92
2019-09-30,1196,1059,137,-43.56
2019-10-01,520,1728,-1208,-52.46
2019-10-02,603,1645,-1042,-57.02
2019-10-03,1293,906,387,-58.6
2019-10-04,1528,714,814,-49.70666666666666
2019-10-07,943,1292,-349,-49.63333333333333
2019-10-08,483,1750,-1267,-49.57333333333333
2019-10-09,1301,930,371,-42.32666666666667
2019-10-10,1201,1029,172,-40.29333333333334
2019-10-11,1683,563,1120,-40.373333333333335
2019-10-14,891,1326,-435,-43.04666666666667
2019-10-15,1616,644,972,-39.026666666666664
2019-10-16,1170,1073,97,-36.63333333333333
2019-10-17,1442,788,654,-34.66
2019-10-18,888,1330,-442,-40.88666666666666
2019-10-21,1516,737,779,-33.54
2019-10-22,1027,1208,-181,-31.16
2019-10-23,1172,1041,131,-32.946666666666665
2019-10-24,967,1290,-323,-25.233333333333334
2019-10-25,1324,911,413,-23.066666666666666
2019-10-28,1468,815,653,-23.373333333333335
2019-10-29,1096,1176,-80,-21.573333333333334
2019-10-30,1091,1148,-57,-25.873333333333335
2019-10-31,836,1428,-592,-31.44
2019-11-01,1675,593,1082,-29.573333333333334
2019-11-04,1388,866,522,-26.153333333333332
2019-11-05,1190,1072,118,-27.406666666666666
2019-11-06,811,1468,-657,-33.666666666666664
2019-11-07,1167,1115,52,-38.82666666666667
2019-11-08,1229,1034,195,-36.32666666666667
2019-11-11,1045,1215,-170,-30.62
2019-11-12,1116,1164,-48,-36.25333333333333
2019-11-13,975,1307,-332,-37.193333333333335
2019-11-14,1000,1279,-279,-40.086666666666666
2019-11-15,1324,966,358,-34.38
2019-11-18,959,1332,-373,-38.50666666666667
2019-11-19,1337,943,394,-31.64
2019-11-20,865,1426,-561,-35.0
2019-11-21,992,1286,-294,-34.86
2019-11-22,1316,956,360,-39.18
2019-11-25,1749,552,1197,-30.64666666666667
2019-11-26,1126,1157,-31,-28.093333333333334
2019-11-27,1466,794,672,-28.446666666666665
2019-11-29,1009,1243,-234,-32.64666666666667
2019-12-02,682,1620,-938,-35.63333333333333
2019-12-03,864,1412,-548,-34.22
2019-12-04,1344,937,407,-32.57333333333333
2019-12-05,1116,1160,-44,-41.17333333333333
2019-12-06,1584,719,865,-34.266666666666666
2019-12-09,990,1312,-322,-28.64666666666667
2019-12-10,1248,1053,195,-26.04
2019-12-11,1256,1047,209,-21.946666666666665
2019-12-12,1448,853,595,-18.846666666666668
2019-12-13,1069,1246,-177,-9.82
2019-12-16,1383,938,445,-13.4
2019-12-17,1285,1031,254,-13.7
2019-12-18,1140,1165,-25,-16.253333333333334
2019-12-19,1278,1021,257,-8.46
2019-12-20,1306,1007,299,-3.06
2019-12-23,1180,1131,49,-8.326666666666666
2019-12-24,1319,919,400,-1.1066666666666667
2019-12-26,1194,1104,90,8.466666666666667
2019-12-27,844,1462,-618,-0.10666666666666667
2019-12-30,943,1380,-437,0.7866666666666666
2019-12-31,1398,919,479,9.62
2020-01-02,1287,1029,258,12.3
2020-01-03,837,1488,-651,15.66
2020-01-06,1229,1079,150,16.56
2020-01-07,1037,1278,-241,7.266666666666667
2020-01-08,1326,981,345,12.166666666666666
2020-01-09,1295,1013,282,16.64666666666667
2020-01-10,984,1334,-350,10.526666666666667
2020-01-13,1445,880,565,10.106666666666667
2020-01-14,1157,1167,-10,11.48
2020-01-15,1267,1034,233,13.373333333333333
2020-01-16,1682,632,1050,15.413333333333334
2020-01-17,970,1338,-368,16.86
2020-01-21,915,1435,-520,12.113333333333333
2020-01-22,1049,1273,-224,5.413333333333333
2020-01-23,1035,1278,-243,2.1066666666666665
2020-01-24,595,1733,-1138,-7.026666666666666
2020-01-27,555,1794,-1239,-12.306666666666667
2020-01-28,1561,734,827,-0.35333333333333333
2020-01-29,834,1472,-638,-0.6
2020-01-30,1011,1304,-293,-2.44
2020-01-31,497,1829,-1332,-18.453333333333333
2020-02-03,1479,857,622,-20.78
2020-02-04,1617,730,887,-16.873333333333335
2020-02-05,1646,674,972,-7.626666666666667
2020-02-06,1033,1281,-248,-12.793333333333333
2020-02-07,735,1587,-852,-19.993333333333332
2020-02-10,1333,980,353,-11.94
2020-02-11,1436,890,546,-9.353333333333333
2020-02-12,1414,890,524,-6.24
2020-02-13,1183,1158,25,-4.48
2020-02-14,1009,1312,-303,-8.366666666666667
2020-02-18,1050,1268,-218,-8.92
2020-02-19,1381,946,435,-5.04
2020-02-20,1273,1049,224,0.5466666666666666
2020-02-21,727,1586,-859,-6.246666666666667
2020-02-24,319,2070,-1751,-14.846666666666666
2020-02-25,291,2088,-1797,-25.486666666666668
2020-02-26,848,1512,-664,-31.3
2020-02-27,339,2052,-1713,-48.50666666666667
2020-02-28,856,1530,-674,-46.72666666666667
2020-03-02,1730,663,1067,-45.31333333333333
2020-03-03,635,1724,-1089,-48.86666666666667
2020-03-04,1854,515,1339,-44.20666666666666
2020-03-05,391,1982,-1591,-49.64
2020-03-06,523,1862,-1339,-52.593333333333334
2020-03-09,91,2349,-2258,-62.35333333333333
2020-03-10,1602,788,814,-45.56
2020-03-11,254,2150,-1896,-62.12
2020-03-12,134,2330,-2196,-75.84666666666666
2020-03-13,1784,633,1151,-74.88666666666667
2020-03-16,179,2260,-2081,-83.89333333333333
2020-03-17,1615,787,828,-73.16666666666667
2020-03-18,273,2154,-1881,-91.52
2020-03-19,1851,564,1287,-72.22666666666667
2020-03-20,944,1468,-524,-72.76
2020-03-23,949,1451,-502,-84.70666666666666
2020-03-24,2100,317,1783,-78.96
2020-03-25,1550,861,689,-70.51333333333334
2020-03-26,1958,442,1516,-65.26
2020-03-27,588,1816,-1228,-70.64
2020-03-30,1449,927,522,-56.53333333333333
2020-03-31,1212,1175,37,-61.093333333333334
2020-04-01,309,2104,-1795,-66.04666666666667
2020-04-02,1273,1077,196,-70.48
2020-04-03,681,1689,-1008,-83.87333333333333
2020-04-06,2050,349,1701,-72.34666666666666
2020-04-07,1260,1088,172,-64.56
2020-04-08,1968,409,1559,-58.99333333333333
2020-04-09,1787,584,1203,-58.04666666666667
2020-04-13,928,1433,-505,-59.98
2020-04-14,1694,691,1003,-56.653333333333336
2020-04-15,497,1855,-1358,-70.76
2020-04-16,1072,1279,-207,-79.56
2020-04-17,1878,506,1372,-70.78
2020-04-20,921,1456,-535,-75.75333333333333
2020-04-21,612,1745,-1133,-84.32
2020-04-22,1536,822,714,-77.85333333333334
2020-04-23,1417,924,493,-71.43333333333334
2020-04-24,1554,783,771,-63.7
2020-04-27,1853,509,1344,-54.733333333333334
2020-04-28,1325,1041,284,-51.26
2020-04-29,1907,481,1426,-32.71333333333333
2020-04-30,615,1752,-1137,-43.233333333333334
2020-05-01,436,1953,-1517,-47.36
2020-05-04,1246,1115,131,-41.84
2020-05-05,1225,1121,104,-42.06
2020-05-06,999,1369,-370,-36.473333333333336
2020-05-07,1593,755,838,-23.94
2020-05-08,1862,523,1339,-17.593333333333334
2020-05-11,1092,1291,-199,-24.346666666666668
2020-05-12,618,1767,-1149,-29.68
2020-05-13,438,1951,-1513,-31.32
2020-05-14,1145,1221,-76,-34.3
2020-05-15,1491,854,637,-31.2
2020-05-18,1964,443,1521,-28.526666666666667
2020-05-19,906,1506,-600,-29.626666666666665
2020-05-20,1868,534,1334,-27.213333333333335
2020-05-21,995,1385,-390,-30.46
2020-05-22,1364,1004,360,-32.42
2020-05-26,1640,749,891,-23.533333333333335
2020-05-27,1630,762,868,-22.94
2020-05-28,743,1635,-892,-27.68
2020-05-29,1140,1254,-114,-29.313333333333333
2020-06-01,1400,995,405,-24.46
2020-06-02,1430,956,474,-24.053333333333335
2020-06-03,1639,763,876,-22.566666666666666
2020-06-04,1248,1154,94,-21.406666666666666
2020-06-05,1785,637,1148,-13.373333333333333
2020-06-08,1791,637,1154,-1.7333333333333334
2020-06-09,858,1580,-722,-13.76
2020-06-10,763,1676,-913,-23.326666666666668
2020-06-11,153,2318,-2165,-38.54666666666667
2020-06-12,1792,628,1164,-26.406666666666666
2020-06-15,1762,650,1112,-19.34
2020-06-16,1805,626,1179,-12.78
2020-06-17,850,1589,-739,-16.573333333333334
2020-06-18,1210,1229,-19,-16.38
2020-06-19,1148,1297,-149,-15.16
2020-06-22,1307,1134,173,-12.146666666666667
2020-06-23,1280,1159,121,-13.726666666666667
2020-06-24,444,2021,-1577,-21.753333333333334
2020-06-25,1626,815,811,-18.973333333333333
2020-06-26,527,1943,-1416,-24.673333333333332
2020-06-29,1602,865,737,-17.8
2020-06-30,1630,818,812,-14.786666666666667
2020-07-01,1033,1413,-380,-25.3
2020-07-02,1265,1161,104,-24.4
2020-07-06,1533,916,617,-24.766666666666666
2020-07-07,669,1778,-1109,-30.6
2020-07-08,1378,1065,313,-22.26
2020-07-09,737,1744,-1007,-25.32
2020-07-10,1495,959,536,-24.46
2020-07-13,758,1723,-965,-30.6
2020-07-14,1488,968,520,-32.9
2020-07-15,1990,482,1508,-20.7
2020-07-16,1002,1448,-446,-24.973333333333333
2020-07-17,1419,1044,375,-23.866666666666667
2020-07-20,1248,1215,33,-27.613333333333333
2020-07-21,1484,997,487,-23.186666666666667
2020-07-22,1053,1403,-350,-28.486666666666668
2020-07-23,946,1519,-573,-34.0
2020-07-24,634,1821,-1187,-41.74666666666667
2020-07-27,1480,1013,467,-40.346666666666664
2020-07-28,815,1637,-822,-47.82
2020-07-29,1625,845,780,-42.946666666666665
2020-07-30,1123,1337,-214,-47.04
2020-07-31,837,1653,-816,-53.08
2020-08-03,1771,726,1045,-41.99333333333333
2020-08-04,1438,1038,400,-36.413333333333334
2020-08-05,1659,815,844,-33.98
2020-08-06,1102,1365,-263,-37.45333333333333
2020-08-07,1462,1018,444,-30.153333333333332
2020-08-10,1497,983,514,-27.726666666666667
2020-08-11,1009,1499,-490,-29.386666666666667
2020-08-12,1380,1108,272,-29.873333333333335
2020-08-13,1152,1329,-177,-32.93333333333333
2020-08-14,1188,1294,-106,-31.30666666666667
2020-08-17,1316,1196,120,-34.27333333333333
2020-08-18,871,1634,-763,-39.29333333333334
2020-08-19,1179,1297,-118,-41.63333333333333
2020-08-20,980,1528,-548,-52.28666666666667
2020-08-21,778,1749,-971,-56.306666666666665
2020-08-24,1348,1180,168,-51.72
2020-08-25,1451,1028,423,-47.406666666666666
2020-08-26,1001,1519,-518,-49.24
2020-08-27,1154,1362,-208,-43.04
2020-08-28,1636,845,791,-29.506666666666668
2020-08-31,930,1594,-664,-39.446666666666665
2020-09-01,1309,1212,97,-34.54666666666667
2020-09-02,1457,1051,406,-29.886666666666667
2020-09-03,454,2089,-1635,-31.906666666666666
2020-09-04,937,1578,-641,-40.32666666666667
2020-09-08,806,1730,-924,-52.4
2020-09-09,1691,838,853,-53.193333333333335
2020-09-10,854,1670,-816,-56.98
2020-09-11,959,1544,-585,-55.2
2020-09-14,1991,555,1436,-47.98
2020-09-15,1264,1237,27,-51.44
2020-09-16,1498,1013,485,-51.7
2020-09-17,1083,1410,-327,-54.04666666666667
2020-09-18,1237,1317,-80,-52.56
2020-09-21,464,2104,-1640,-62.04
2020-09-22,1247,1261,-14,-65.03333333333333
2020-09-23,365,2218,-1853,-78.88
2020-09-24,1076,1455,-379,-75.68
2020-09-25,1922,613,1309,-55.28
2020-09-28,1923,650,1273,-34.81333333333333
2020-09-29,1229,1306,-77,-30.9
2020-09-30,1254,1284,-30,-19.68
2020-10-01,1641,895,746,-10.213333333333333
2020-10-02,1218,1317,-99,-17.986666666666668
2020-10-05,1972,590,1382,-1.5133333333333334
2020-10-06,1100,1454,-354,-12.8
2020-10-07,2037,542,1495,7.773333333333333
2020-10-08,1662,908,754,21.726666666666667
2020-10-09,1429,1103,326,38.95333333333333
2020-10-12,1497,1065,432,36.406666666666666
2020-10-13,1059,1505,-446,46.07333333333333
2020-10-14,818,1737,-919,54.586666666666666
2020-10-15,1438,1109,329,49.10666666666667
2020-10-16,1208,1343,-135,62.08
2020-10-19,827,1746,-919,50.43333333333333
2020-10-20,1326,1234,92,63.586666666666666
2020-10-21,986,1572,-586,51.1
2020-10-22,1663,911,752,59.60666666666667
2020-10-23,1533,1020,513,66.37333333333333
2020-10-26,454,2157,-1703,43.13333333333333
2020-10-27,998,1576,-578,34.68666666666667
2020-10-28,351,2289,-1938,11.66
2020-10-29,1675,882,793,25.133333333333333
2020-10-30,691,1906,-1215,13.553333333333333
2020-11-02,1702,875,827,18.82
2020-11-03,2095,502,1593,41.406666666666666
2020-11-04,1347,1231,116,40.873333333333335
2020-11-05,1984,617,1367,56.70666666666666
2020-11-06,929,1667,-738,40.446666666666665
2020-11-09,1764,886,878,45.153333333333336
2020-11-10,1630,983,647,39.07333333333333
2020-11-11,1427,1164,263,32.806666666666665
2020-11-12,786,1809,-1023,29.35333333333333
2020-11-13,1899,709,1190,30.6
2020-11-16,1876,754,1122,47.13333333333333
2020-11-17,1324,1297,27,48.693333333333335
2020-11-18,990,1636,-646,35.24
2020-11-19,1619,997,622,42.95333333333333
2020-11-20,1377,1240,137,51.42
2020-11-23,1741,911,830,52.193333333333335
2020-11-24,1755,907,848,54.56
2020-11-25,1309,1321,-12,49.34
2020-11-27,1614,1014,600,44.38
2020-11-30,964,1717,-753,37.46666666666667
2020-12-01,1504,1172,332,30.173333333333332
2020-12-02,1422,1225,197,39.06666666666667
2020-12-03,1529,1118,411,51.92
2020-12-04,1965,710,1255,59.413333333333334
2020-12-07,1222,1452,-230,57.18666666666667
2020-12-08,1700,974,726,64.49333333333334
2020-12-09,890,1791,-901,52.9
2020-12-10,1640,1035,605,48.00666666666667
2020-12-11,1041,1645,-604,45.306666666666665
2020-12-14,1294,1408,-114,52.20666666666666
2020-12-15,1893,819,1074,69.45333333333333
2020-12-16,1235,1457,-222,68.48
2020-12-17,1810,894,916,70.34
2020-12-18,1176,1541,-365,57.766666666666666
2020-12-21,1222,1491,-269,59.973333333333336
2020-12-22,1458,1257,201,52.42
2020-12-23,1676,1042,634,59.24666666666667
2020-12-24,1197,1512,-315,54.74666666666667
2020-12-28,1374,1380,-6,48.766666666666666
2020-12-29,715,2036,-1321,34.17333333333333
2020-12-30,1823,887,936,46.36
2020-12-31,1264,1475,-211,45.71333333333333
2021-01-04,1105,1642,-537,39.43333333333333
2021-01-05,1951,802,1149,43.93333333333333
2021-01-06,1750,1006,744,43.053333333333335
2021-01-07,2074,679,1395,51.72666666666667
2021-01-08,1353,1412,-59,43.68
2021-01-11,1307,1456,-149,34.99333333333333
2021-01-12,1879,894,985,46.373333333333335
2021-01-13,1179,1594,-415,49.693333333333335
2021-01-14,2007,775,1232,72.34
2021-01-15,883,1902,-1019,57.78666666666667
2021-01-19,1884,917,967,56.82
2021-01-20,1489,1309,180,50.16
2021-01-21,1173,1615,-442,52.14
2021-01-22,1749,1031,718,57.053333333333335
2021-01-25,1301,1489,-188,56.79333333333334
2021-01-26,1066,1737,-671,51.166666666666664
2021-01-27,473,2363,-1890,37.76
2021-01-28,1492,1315,177,49.45333333333333
2021-01-29,822,1975,-1153,36.36
2021-02-01,2116,698,1418,55.25333333333333
2021-02-02,2085,720,1365,59.44
2021-02-03,1714,1086,628,58.21333333333333
2021-02-04,2097,719,1378,69.93333333333334
2021-02-05,1799,1017,782,74.45333333333333
2021-02-08,2252,606,1646,81.31333333333333
2021-02-09,1656,1191,465,91.80666666666667
2021-02-10,1177,1676,-499,86.39333333333333
2021-02-11,1222,1632,-410,90.37333333333333
2021-02-12,1552,1299,253,88.48666666666666
2021-02-16,1550,1327,223,96.40666666666667
2021-02-17,1062,1807,-745,87.97333333333333
2021-02-18,788,2110,-1322,69.10666666666667
2021-02-19,2009,864,1145,79.71333333333334
2021-02-22,1090,1794,-704,72.52
2021-02-23,826,2080,-1254,63.94
2021-02-24,2203,697,1506,70.73333333333333
2021-02-25,374,2522,-2148,58.74666666666667
2021-02-26,1052,1827,-775,57.4
2021-03-01,2399,491,1908,78.03333333333333
2021-03-02,829,2046,-1217,66.80666666666667
2021-03-03,1021,1870,-849,66.62666666666667
2021-03-04,452,2469,-2017,47.98
2021-03-05,1918,980,938,55.66
2021-03-08,1465,1420,45,61.4
2021-03-09,2165,747,1418,63.88666666666666
2021-03-10,1839,1053,786,66.46
2021-03-11,2313,607,1706,72.20666666666666
2021-03-12,1573,1330,243,75.58
2021-03-15,1656,1261,395,75.25333333333333
2021-03-16,819,2104,-1285,63.26
2021-03-17,1751,1157,594,70.48666666666666
2021-03-18,646,2291,-1645,57.70666666666666
2021-03-19,1865,1063,802,64.23333333333333
2021-03-22,1255,1670,-415,62.17333333333333
2021-03-23,344,2610,-2266,46.266666666666666
2021-03-24,687,2277,-1590,40.75333333333333
2021-03-25,1995,963,1032,48.42
2021-03-26,1812,1146,666,56.513333333333335
2021-03-29,630,2345,-1715,51.553333333333335
2021-03-30,1870,1086,784,55.66
2021-03-31,1940,1010,930,59.04
2021-04-01,2213,753,1460,72.22666666666667
2021-04-05,1732,1246,486,76.85333333333334
2021-04-06,1365,1595,-230,70.04666666666667
2021-04-07,792,2179,-1387,65.22666666666667
2021-04-08,1954,1011,943,70.86666666666666
2021-04-09,1296,1664,-368,65.70666666666666
2021-04-12,1008,1974,-966,70.16666666666667
2021-04-13,1340,1609,-269,72.64666666666666
2021-04-14,1623,1341,282,80.68666666666667
2021-04-15,1478,1498,-20,74.86666666666666
2021-04-16,1333,1617,-284,78.41333333333333
2021-04-19,833,2154,-1321,73.50666666666666
2021-04-20,711,2286,-1575,53.43333333333333
2021-04-21,2426,574,1852,65.6
2021-04-22,1447,1521,-74,61.873333333333335
2021-04-23,2229,765,1464,73.81333333333333
2021-04-26,2087,909,1178,82.2
2021-04-27,1294,1691,-397,90.48666666666666
2021-04-28,1656,1307,349,92.90666666666667
2021-04-29,1306,1700,-394,102.63333333333334
2021-04-30,913,2064,-1151,97.48666666666666
2021-05-03,1587,1426,161,89.83333333333333
2021-05-04,759,2241,-1482,71.46666666666667
2021-05-05,1240,1753,-513,68.56
2021-05-06,1202,1794,-592,64.81333333333333
2021-05-07,2014,969,1045,66.80666666666667
2021-05-10,684,2332,-1648,56.48
2021-05-11,1273,1747,-474,44.10666666666667
2021-05-12,581,2451,-1870,34.0
2021-05-13,1517,1523,-6,23.993333333333332
2021-05-14,2563,474,2089,32.89333333333333
2021-05-17,1600,1416,184,31.946666666666665
2021-05-18,1563,1443,120,29.866666666666667
2021-05-19,1152,1865,-713,28.086666666666666
2021-05-20,2182,833,1349,43.20666666666666
2021-05-21,1624,1345,279,42.873333333333335
2021-05-24,1435,1562,-127,42.92666666666667
2021-05-25,970,2044,-1074,41.89333333333333
2021-05-26,2343,703,1640,52.21333333333333
2021-05-27,2049,984,1065,63.22
2021-05-28,1501,1496,5,58.24
2021-06-01,1923,1104,819,60.28
2021-06-02,1452,1573,-121,70.82666666666667
2021-06-03,1246,1783,-537,71.1
2021-06-04,1758,1260,498,87.34
2021-06-07,2019,1039,980,88.58666666666667
2021-06-08,1833,1191,642,100.96666666666667
2021-06-09,1362,1661,-299,93.46
2021-06-10,1501,1550,-49,82.51333333333334
2021-06-11,1868,1186,682,86.28666666666666
2021-06-14,1422,1633,-211,75.76666666666667
2021-06-15,1101,1965,-864,74.92666666666666
2021-06-16,1413,1630,-217,67.62666666666667
2021-06-17,1322,1722,-400,60.64666666666667
2021-06-18,842,2216,-1374,49.733333333333334
2021-06-21,1796,1272,524,60.04666666666667
2021-06-22,1508,1540,-32,51.9
2021-06-23,1840,1226,614,48.513333333333335
2021-06-24,2186,883,1303,57.02
2021-06-25,1652,1418,234,62.88666666666666
2021-06-28,1382,1748,-366,56.3
2021-06-29,1119,1961,-842,49.77333333333333
2021-06-30,1334,1732,-398,41.586666666666666
2021-07-01,1773,1334,439,38.86
2021-07-02,1050,2020,-970,32.473333333333336
2021-07-06,895,2224,-1329,19.613333333333333
2021-07-07,939,2172,-1233,16.413333333333334
2021-07-08,1001,2056,-1055,7.166666666666667
2021-07-09,2448,644,1804,17.88
2021-07-12,1594,1525,69,15.6
2021-07-13,697,2421,-1724,-4.26
2021-07-14,845,2267,-1422,-12.206666666666667
2021-07-15,1209,1875,-666,-21.486666666666668
2021-07-16,910,2206,-1296,-24.12
2021-07-19,894,2227,-1333,-37.04
2021-07-20,2522,615,1907,-20.3
2021-07-21,2490,665,1825,-7.373333333333333
2021-07-22,937,2200,-1263,-22.953333333333333
2021-07-23,1543,1569,-26,-21.64666666666667
2021-07-26,1387,1742,-355,-30.12
2021-07-27,847,2295,-1448,-37.34
2021-07-28,2346,795,1551,-25.206666666666667
2021-07-29,1701,1419,282,-24.666666666666668
2021-07-30,1191,1945,-754,-33.92
2021-08-02,1662,1494,168,-30.7
2021-08-03,1478,1675,-197,-31.973333333333333
2021-08-04,1073,2075,-1002,-29.846666666666668
2021-08-05,2304,847,1457,-26.373333333333335
2021-08-06,1702,1451,251,-23.293333333333333
2021-08-09,1513,1617,-104,-20.406666666666666
2021-08-10,1434,1690,-256,-29.773333333333333
2021-08-11,1628,1502,126,-33.89333333333333
2021-08-12,1303,1835,-532,-46.74
2021-08-13,1053,2130,-1077,-53.526666666666664
2021-08-16,945,2219,-1274,-61.026666666666664
2021-08-17,985,2219,-1234,-75.82
2021-08-18,1294,1862,-568,-76.84
2021-08-19,893,2286,-1393,-94.34
2021-08-20,2354,831,1523,-77.39333333333333
2021-08-23,2479,734,1745,-72.20666666666666
2021-08-24,2108,1079,1029,-66.54666666666667
2021-08-25,1802,1343,459,-60.54
2021-08-26,1097,2068,-971,-71.8
2021-08-27,2506,664,1842,-58.266666666666666
2021-08-30,1418,1770,-352,-56.14
2021-08-31,1987,1191,796,-38.233333333333334
2021-09-01,1863,1319,544,-35.78666666666667
2021-09-02,1967,1188,779,-22.906666666666666
2021-09-03,1244,1910,-666,-36.8
2021-09-07,1210,1989,-779,-51.093333333333334
2021-09-08,915,2266,-1351,-64.28666666666666
2021-09-09,1629,1516,113,-72.72
2021-09-10,1060,2089,-1029,-84.79333333333334
2021-09-13,1557,1624,-67,-96.21333333333334
2021-09-14,859,2382,-1523,-109.46666666666667
2021-09-15,2012,1203,809,-100.74666666666667
2021-09-16,1657,1533,124,-97.18666666666667
2021-09-17,1702,1519,183,-97.65333333333334
2021-09-20,466,2790,-2324,-114.63333333333334
2021-09-21,1797,1399,398,-107.01333333333334
2021-09-22,2262,930,1332,-89.32
2021-09-23,2377,816,1561,-86.54666666666667
2021-09-24,1330,1838,-508,-85.24
2021-09-27,2074,1156,918,-70.76
2021-09-28,514,2710,-2196,-95.44
2021-09-29,1309,1910,-601,-85.12666666666667
2021-09-30,1561,1679,-118,-80.74666666666667
2021-10-01,2000,1218,782,-88.25333333333333
2021-10-04,818,2478,-1660,-91.20666666666666
2021-10-05,1906,1304,602,-81.53333333333333
2021-10-06,1258,1962,-704,-72.78
2021-10-07,2376,886,1490,-69.1
2021-10-08,1254,1938,-684,-73.96
2021-10-11,1231,1945,-714,-88.17333333333333
2021-10-12,1941,1266,675,-88.91333333333333
2021-10-13,1858,1359,499,-96.96
2021-10-14,2081,1139,942,-92.3
2021-10-15,1317,1894,-577,-98.78
2021-10-18,1409,1823,-414,-92.97333333333333
2021-10-19,2062,1152,910,-90.86666666666666
2021-10-20,1853,1339,514,-76.47333333333333
2021-10-21,1642,1623,19,-81.69333333333333
2021-10-22,1260,2007,-747,-83.90666666666667
2021-10-25,2034,1267,767,-63.68666666666667
2021-10-26,1373,1944,-571,-56.89333333333333
2021-10-27,909,2393,-1484,-73.66666666666667
2021-10-28,2389,892,1497,-68.12666666666667
2021-10-29,1632,1673,-41,-56.96666666666667
2021-11-01,2610,737,1873,-49.70666666666666
2021-11-02,1618,1703,-85,-56.473333333333336
2021-11-03,2302,1033,1269,-57.74666666666667
2021-11-04,1427,1895,-468,-64.10666666666667
2021-11-05,1807,1534,273,-60.75333333333333
2021-11-08,1785,1517,268,-49.72
2021-11-09,1324,1992,-668,-60.46
2021-11-10,955,2382,-1427,-67.52
2021-11-11,1897,1395,502,-57.733333333333334
2021-11-12,1775,1569,206,-54.56666666666667
2021-11-15,1426,1924,-498,-59.766666666666666
2021-11-16,1513,1822,-309,-61.693333333333335
2021-11-17,985,2379,-1394,-69.09333333333333
2021-11-18,999,2379,-1380,-69.48666666666666
2021-11-19,1236,2140,-904,-65.01333333333334
2021-11-22,1217,2218,-1001,-84.03333333333333
2021-11-23,1416,1969,-553,-87.22666666666667
2021-11-24,2048,1245,803,-91.63333333333334
2021-11-26,576,2729,-2153,-113.84
2021-11-29,1334,2075,-741,-116.13333333333334
2021-11-30,985,2417,-1432,-128.00666666666666
2021-12-01,797,2611,-1814,-137.47333333333333
2021-12-02,2263,1138,1125,-122.3
2021-12-03,660,2737,-2077,-137.22
2021-12-06,2234,1178,1056,-120.3
2021-12-07,2693,739,1954,-103.85333333333334
2021-12-08,2282,1123,1159,-92.18
2021-12-09,732,2702,-1970,-112.28
2021-12-10,1350,2075,-725,-106.12666666666667
2021-12-13,937,2480,-1543,-113.25333333333333
2021-12-14,984,2429,-1445,-110.42
2021-12-15,2236,1157,1079,-103.18666666666667
2021-12-16,1080,2336,-1256,-125.48666666666666
2021-12-17,2004,1425,579,-122.85333333333334
2021-12-20,954,2456,-1502,-133.66666666666666
2021-12-21,2617,745,1872,-116.43333333333334
2021-12-22,2103,1303,800,-120.09333333333333
2021-12-23,2380,1010,1370,-112.82
2021-12-27,1697,1718,-21,-112.11333333333333
2021-12-28,1135,2278,-1143,-112.57333333333334
2021-12-29,1392,1999,-607,-127.55333333333333
2021-12-30,2039,1345,694,-130.02666666666667
2021-12-31,1540,1873,-333,-132.28
2022-01-03,2513,980,1533,-127.52
2022-01-04,1362,2060,-698,-131.36666666666667
2022-01-05,653,2794,-2141,-142.06
2022-01-06,1648,1726,-78,-145.9
2022-01-07,1412,1980,-568,-156.22
2022-01-10,1213,2211,-998,-167.15333333333334
2022-01-11,2362,1048,1314,-156.4
2022-01-12,1327,2057,-730,-160.94
2022-01-13,1006,2376,-1370,-174.62
2022-01-14,1638,1700,-62,-173.62666666666667
2022-01-18,561,2860,-2299,-183.19333333333333
2022-01-19,1072,2368,-1296,-190.38666666666666
2022-01-20,977,2478,-1501,-197.72666666666666
2022-01-21,642,2891,-2249,-203.56
2022-01-24,1916,1637,279,-205.19333333333333
2022-01-25,1404,2064,-660,-209.38
2022-01-26,1072,2346,-1274,-221.96666666666667
2022-01-27,695,2837,-2142,-244.93333333333334
2022-01-28,2412,1013,1399,-237.16666666666666
2022-01-31,3048,471,2577,-217.54666666666665
2022-02-01,2581,929,1652,-200.92
2022-02-02,1009,2438,-1429,-207.79333333333332
2022-02-03,690,2729,-2039,-224.31333333333333
2022-02-04,2277,1099,1178,-209.99333333333334
2022-02-07,2056,1371,685,-196.56666666666666
2022-02-08,2227,1162,1065,-181.24666666666667
2022-02-09,2483,951,1532,-164.0
2022-02-10,1031,2405,-1374,-185.18666666666667
2022-02-11,921,2529,-1608,-196.36666666666667
2022-02-14,1083,2369,-1286,-193.44666666666666
2022-02-15,2941,522,2419,-167.84
2022-02-16,1732,1649,83,-162.84666666666666
2022-02-17,641,2796,-2155,-168.57333333333332
2022-02-18,1060,2322,-1262,-168.1
2022-02-22,850,2625,-1775,-192.64666666666668
2022-02-23,793,2626,-1833,-217.03333333333333
2022-02-24,2250,1296,954,-202.25333333333333
2022-02-25,2517,920,1597,-191.43333333333334
2022-02-28,1693,1756,-63,-189.48666666666668
2022-03-01,1191,2325,-1134,-187.39333333333335
2022-03-02,2349,1074,1275,-189.23333333333332
2022-03-03,1076,2371,-1295,-199.74666666666667
2022-03-04,845,2588,-1743,-206.34
2022-03-07,896,2546,-1650,-218.46
2022-03-08,1876,1546,330,-214.94666666666666
2022-03-09,2837,616,2221,-193.46
2022-03-10,1275,2101,-826,-208.68
2022-03-11,907,2515,-1608,-221.07333333333332
2022-03-14,834,2585,-1751,-232.05333333333334
2022-03-15,2220,1193,1027,-223.5
2022-03-16,2864,586,2278,-209.15333333333334
2022-03-17,2635,826,1809,-193.54666666666665
2022-03-18,2354,1085,1269,-177.90666666666667
2022-03-21,1246,2215,-969,-175.87333333333333
2022-03-22,2529,908,1621,-156.84
2022-03-23,1102,2316,-1214,-161.14666666666668
2022-03-24,2306,1113,1193,-143.90666666666667
2022-03-25,1342,2067,-725,-158.89333333333335
2022-03-28,1615,1854,-239,-172.12
2022-03-29,2686,828,1858,-166.59333333333333
2022-03-30,1048,2374,-1326,-178.49333333333334
2022-03-31,1217,2294,-1077,-179.2
2022-04-01,2010,1435,575,-187.64666666666668
2022-04-04,2186,1308,878,-179.44666666666666
2022-04-05,840,2643,-1803,-196.77333333333334
2022-04-06,952,2567,-1615,-211.16666666666666
2022-04-07,1351,2110,-759,-221.42
2022-04-08,1224,2213,-989,-223.57333333333332
2022-04-11,1095,2350,-1255,-226.74666666666667
2022-04-12,1512,1929,-417,-220.52
2022-04-13,2627,849,1778,-209.42
2022-04-14,1133,2341,-1208,-210.61333333333334
2022-04-18,1113,2383,-1270,-218.63333333333333
2022-04-19,2610,824,1786,-196.57333333333332
2022-04-20,1718,1754,-36,-202.20666666666668
2022-04-21,738,2757,-2019,-216.49333333333334
2022-04-22,765,2648,-1883,-230.26666666666668
2022-04-25,1979,1520,459,-211.71333333333334
2022-04-26,467,3026,-2559,-231.42666666666668
2022-04-27,1358,2082,-724,-245.13333333333333
2022-04-28,2312,1180,1132,-247.99333333333334
2022-04-29,847,2597,-1750,-256.2733333333333
2022-05-02,2094,1367,727,-257.5466666666667
2022-05-03,1876,1540,336,-240.66666666666666
2022-05-04,2550,932,1618,-225.87333333333333
2022-05-05,493,2945,-2452,-241.43333333333334
2022-05-06,806,2629,-1823,-258.8
2022-05-09,517,3064,-2547,-264.7133333333333
2022-05-10,1553,1984,-431,-271.6
2022-05-11,709,2865,-2156,-281.28
2022-05-12,1985,1558,427,-288.3666666666667
2022-05-13,2737,818,1919,-271.0133333333333
2022-05-16,1404,2040,-636,-270.49333333333334
2022-05-17,2794,662,2132,-260.78
2022-05-18,625,2817,-2192,-278.72
2022-05-19,1881,1495,386,-282.4266666666667
2022-05-20,1473,1911,-438,-281.5
2022-05-23,1975,1415,560,-275.00666666666666
2022-05-24,913,2515,-1602,-291.75333333333333
2022-05-25,2395,1024,1371,-286.04
2022-05-26,2607,861,1746,-274.52666666666664
2022-05-27,2861,582,2279,-254.35333333333332
2022-05-31,1439,2036,-597,-263.44666666666666
2022-06-01,1193,2248,-1055,-266.67333333333335
2022-06-02,2616,845,1771,-244.97333333333333
2022-06-03,1265,2129,-864,-260.7133333333333
2022-06-06,1717,1730,-13,-260.52666666666664
2022-06-07,2192,1252,940,-266.74666666666667
2022-06-08,1552,1874,-322,-268.32666666666665
2022-06-09,875,2591,-1716,-288.2266666666667
2022-06-10,623,2846,-2223,-299.9266666666667
2022-06-13,365,3220,-2855,-320.78
2022-06-14,1543,1972,-429,-325.4266666666667
2022-06-15,2567,920,1647,-309.99333333333334
2022-06-16,536,2961,-2425,-316.64666666666665
2022-06-17,2418,1070,1348,-311.00666666666666
2022-06-21,2472,1033,1439,-302.7866666666667
2022-06-22,1714,1735,-21,-299.6066666666667
2022-06-23,2237,1221,1016,-290.7733333333333
2022-06-24,2317,1109,1208,-273.4266666666667
2022-06-27,1737,1720,17,-264.11333333333334
2022-06-28,855,2601,-1746,-269.7266666666667
2022-06-29,1192,2208,-1016,-269.82666666666665
2022-06-30,1438,2080,-642,-270.42
2022-07-01,2112,1273,839,-270.18
2022-07-05,2136,1367,769,-250.7
2022-07-06,1426,2027,-601,-249.76666666666668
2022-07-07,2669,769,1900,-227.55333333333334
2022-07-08,1862,1499,363,-213.04
2022-07-11,816,2628,-1812,-232.62
2022-07-12,1582,1811,-229,-220.3
2022-07-13,1656,1716,-60,-227.74
2022-07-14,1053,2344,-1291,-249.37333333333333
2022-07-15,2423,981,1442,-247.48666666666668
2022-07-18,1649,1774,-125,-235.18666666666667
2022-07-19,2758,672,2086,-216.44666666666666
2022-07-20,2486,933,1553,-195.80666666666667
2022-07-21,2012,1380,632,-181.96
2022-07-22,844,2615,-1771,-200.96
2022-07-25,1630,1806,-176,-193.76
2022-07-26,1261,2172,-911,-203.69333333333333
2022-07-27,2602,799,1803,-181.66
2022-07-28,2066,1358,708,-189.42
2022-07-29,1945,1476,469,-191.62666666666667
2022-08-01,1709,1779,-70,-201.22666666666666
2022-08-02,1903,1539,364,-198.66
2022-08-03,2563,935,1628,-180.18666666666667
2022-08-04,1991,1422,569,-172.34666666666666
2022-08-05,1991,1453,538,-173.38666666666666
2022-08-08,2167,1317,850,-165.5
2022-08-09,988,2495,-1507,-185.76666666666668
2022-08-10,2722,736,1986,-167.87333333333333
2022-08-11,1915,1556,359,-151.20666666666668
2022-08-12,2554,893,1661,-139.61333333333334
2022-08-15,2016,1432,584,-131.93333333333334
2022-08-16,1532,1913,-381,-127.82
2022-08-17,815,2640,-1825,-148.74666666666667
2022-08-18,1826,1604,222,-142.4
2022-08-19,718,2729,-2011,-146.67333333333335
2022-08-22,723,2716,-1993,-159.54666666666665
2022-08-23,1732,1720,12,-144.14
2022-08-24,2173,1299,874,-129.67333333333335
2022-08-25,2358,1096,1262,-111.25333333333333
2022-08-26,514,2941,-2427,-112.44
2022-08-29,1052,2379,-1327,-123.14666666666666
2022-08-30,981,2464,-1483,-128.63333333333333
2022-08-31,1476,1941,-465,-123.24
2022-09-01,1189,2276,-1087,-116.20666666666666
2022-09-02,1232,2199,-967,-131.98
2022-09-06,1117,2342,-1225,-157.32666666666665
2022-09-07,2560,902,1658,-157.28666666666666
2022-09-08,2106,1370,736,-142.85333333333332
2022-09-09,2552,945,1607,-118.54666666666667
2022-09-12,2242,1252,990,-119.8
2022-09-13,691,2875,-2184,-138.92666666666668
2022-09-14,1620,1859,-239,-147.62
2022-09-15,1589,1880,-291,-159.77333333333334
2022-09-16,1047,2453,-1406,-159.98666666666668
2022-09-19,1605,1953,-348,-151.58666666666667
2022-09-20,942,2539,-1597,-153.66
2022-09-21,934,2551,-1617,-180.56666666666666
2022-09-22,651,2858,-2207,-195.83333333333334
2022-09-23,684,2867,-2183,-196.02
2022-09-26,1142,2430,-1288,-196.19333333333333
2022-09-27,1896,1618,278,-182.50666666666666
2022-09-28,2865,692,2173,-155.8
2022-09-29,797,2724,-1927,-175.00666666666666
2022-09-30,1433,2030,-597,-189.63333333333333
2022-10-03,2620,922,1698,-177.89333333333335
2022-10-04,2957,612,2345,-154.7
2022-10-05,1295,2179,-884,-169.09333333333333
2022-10-06,1456,2015,-559,-164.18666666666667
2022-10-07,527,2945,-2418,-168.68666666666667
2022-10-10,1301,2173,-872,-163.5
2022-10-11,1407,2116,-709,-170.42666666666668
2022-10-12,1616,1828,-212,-186.64666666666668
2022-10-13,2430,1094,1336,-172.23333333333332
2022-10-14,819,2605,-1786,-173.42
2022-10-17,2714,807,1907,-149.03333333333333
2022-10-18,2272,1198,1074,-148.72
2022-10-19,937,2595,-1658,-174.96
2022-10-20,1510,1964,-454,-190.04666666666665
2022-10-21,2345,1167,1178,-190.65333333333334
2022-10-24,1753,1718,35,-183.96
2022-10-25,2843,657,2186,-180.19333333333333
2022-10-26,2040,1484,556,-168.39333333333335
2022-10-27,1664,1844,-180,-177.54666666666665
2022-10-28,2479,1012,1467,-162.93333333333334
2022-10-31,1579,1905,-326,-163.51333333333332
2022-11-01,1980,1539,441,-172.96
2022-11-02,843,2669,-1826,-176.29333333333332
2022-11-03,1454,2035,-581,-172.98666666666668
2022-11-04,1961,1517,444,-173.86
2022-11-07,1912,1604,308,-177.66
2022-11-08,1661,1794,-133,-166.52666666666667
2022-11-09,765,2753,-1988,-169.01333333333332
2022-11-10,2978,594,2384,-148.06
2022-11-11,2317,1196,1121,-133.99333333333334
2022-11-14,1391,2163,-772,-130.77333333333334
2022-11-15,2353,1219,1134,-120.43333333333334
2022-11-16,1003,2493,-1490,-142.22
2022-11-17,1331,2165,-834,-139.72666666666666
2022-11-18,1841,1676,165,-130.16
2022-11-21,1382,2166,-784,-147.29333333333332
2022-11-22,2109,1419,690,-142.45333333333335
2022-11-23,2112,1379,733,-124.10666666666667
2022-11-25,1917,1434,483,-108.33333333333333
2022-11-28,938,2634,-1696,-122.7
2022-11-29,1704,1790,-86,-106.21333333333334
2022-11-30,2744,789,1955,-88.35333333333334
2022-12-01,1861,1658,203,-94.54666666666667
2022-12-02,2026,1439,587,-78.96666666666667
2022-12-05,849,2682,-1833,-96.03333333333333
2022-12-06,996,2521,-1525,-108.44
2022-12-07,1412,2072,-660,-123.62666666666667
2022-12-08,2035,1434,601,-103.27333333333333
2022-12-09,1231,2253,-1022,-97.93333333333334
2022-12-12,2057,1435,622,-76.80666666666667
2022-12-13,2036,1500,536,-70.36
2022-12-14,1378,2137,-759,-61.04666666666667
2022-12-15,854,2691,-1837,-76.14
2022-12-16,1360,2151,-791,-94.20666666666666
2022-12-19,958,2607,-1649,-100.96
2022-12-20,1833,1708,125,-114.34
2022-12-21,2375,1141,1234,-91.5
2022-12-22,1173,2349,-1176,-101.91333333333333
2022-12-23,1809,1685,124,-98.16666666666667
2022-12-27,1169,2419,-1250,-110.23333333333333
2022-12-28,1231,2338,-1107,-106.93333333333334
2022-12-29,2966,599,2367,-100.29333333333334
2022-12-30,1868,1706,162,-110.85333333333334
2023-01-03,1937,1685,252,-124.36666666666666
2023-01-04,2617,986,1631,-109.51333333333334
2023-01-05,1508,2096,-588,-106.4
2023-01-06,2617,1015,1602,-107.52666666666667
2023-01-09,2074,1508,566,-97.99333333333334
2023-01-10,2600,945,1655,-86.87333333333333
2023-01-11,2421,1160,1261,-84.73333333333333
2023-01-12,2546,1023,1523,-72.43333333333334
2023-01-13,2270,1267,1003,-54.306666666666665
2023-01-17,1908,1723,185,-38.25333333333333
2023-01-18,1130,2507,-1377,-28.4
2023-01-19,1311,2268,-957,-31.92
2023-01-20,2659,904,1755,-31.2
2023-01-23,2328,1293,1035,-8.133333333333333
2023-01-24,1622,1944,-322,-19.266666666666666
2023-01-25,1853,1661,192,-27.58
2023-01-26,2062,1487,575,-23.606666666666666
2023-01-27,2069,1486,583,-26.493333333333332
2023-01-30,1165,2441,-1276,-43.053333333333335
2023-01-31,2756,829,1927,-30.32
2023-02-01,2443,1137,1306,-9.973333333333333
2023-02-02,2628,947,1681,8.006666666666666
2023-02-03,1401,2183,-782,7.073333333333333
2023-02-06,1255,2302,-1047,-5.5
2023-02-07,2034,1490,544,-7.0
2023-02-08,1031,2521,-1490,-12.926666666666666
2023-02-09,984,2547,-1563,-36.013333333333335
2023-02-10,1485,2015,-530,-41.96666666666667
2023-02-13,2196,1362,834,-24.326666666666668
2023-02-14,1638,1901,-263,-24.553333333333335
2023-02-15,2343,1222,1121,-16.68
2023-02-16,1177,2369,-1192,-16.02
2023-02-17,1865,1629,236,-24.06
2023-02-21,626,2975,-2349,-38.88666666666666
2023-02-22,1715,1836,-121,-53.6
2023-02-23,1964,1561,403,-61.266666666666666
2023-02-24,871,2696,-1825,-77.64666666666666
2023-02-27,1991,1582,409,-63.11333333333334
2023-02-28,1825,1697,128,-61.086666666666666
2023-03-01,1540,2041,-501,-58.35333333333333
2023-03-02,1883,1719,164,-69.28
2023-03-03,2469,1073,1396,-64.69333333333333
2023-03-06,1154,2402,-1248,-76.14
2023-03-07,1155,2394,-1239,-83.93333333333334
2023-03-08,1641,1910,-269,-88.15333333333334
2023-03-09,639,2959,-2320,-114.47333333333333
2023-03-10,564,3039,-2475,-134.76666666666668
